YYYY	MM	DD	hh	mm	TA	TA_min	TA_max
2013	1	1	0	0	1.726388888888889	-5.2	5.8
2013	1	2	0	0	0.21875000000000003	-5.5	8.2
2013	1	3	0	0	0.4479166666666665	-5.8	5.3
2013	1	4	0	0	5.1625000000000005	2.0	8.0
2013	1	5	0	0	5.678472222222222	3.2	7.5
2013	1	6	0	0	3.509027777777778	-2.0	5.6
2013	1	7	0	0	3.2159722222222222	-0.9	5.9
2013	1	8	0	0	1.5597222222222225	-4.1	7.4
2013	1	9	0	0	-0.3743055555555555	-2.1	1.9
2013	1	10	0	0	1.582638888888889	-0.1	4.3
2013	1	11	0	0	1.420138888888889	0.0	3.5
2013	1	12	0	0	0.786111111111111	-2.5	7.6
2013	1	13	0	0	0.2236111111111111	-0.6	1.9
2013	1	14	0	0	-0.6069444444444444	-3.1	0.8
2013	1	15	0	0	-2.280555555555556	-6.3	1.8
2013	1	16	0	0	-3.346527777777777	-6.1	0.2
2013	1	17	0	0	-4.465277777777779	-13.8	-1.7
2013	1	18	0	0	-8.497222222222224	-15.7	1.6
2013	1	19	0	0	-3.2229166666666664	-6.0	-1.2
2013	1	20	0	0	-1.6722222222222223	-4.6	2.1
2013	1	21	0	0	-1.184722222222222	-5.3	3.0
2013	1	22	0	0	-0.7888888888888889	-7.7	5.1
2013	1	23	0	0	-3.6368055555555556	-8.6	4.2
2013	1	24	0	0	-1.8277777777777782	-3.2	0.1
2013	1	25	0	0	-2.8847222222222224	-8.8	1.2
2013	1	26	0	0	-4.731944444444445	-9.3	3.1
2013	1	27	0	0	-1.0527777777777778	-8.7	5.8
2013	1	28	0	0	0.48888888888888865	-4.0	6.5
2013	1	29	0	0	3.734027777777777	-1.4	6.1
2013	1	30	0	0	9.152083333333332	5.8	14.6
2013	1	31	0	0	6.528472222222223	-1.6	11.7
2013	2	1	0	0	6.728472222222223	5.1	8.0
2013	2	2	0	0	3.013194444444444	-1.5	8.5
2013	2	3	0	0	0.19930555555555549	-2.7	3.7
2013	2	4	0	0	1.9013888888888892	-0.4	4.9
2013	2	5	0	0	3.829166666666666	-1.0	8.9
2013	2	6	0	0	-0.6930555555555555	-5.0	0.7
2013	2	7	0	0	-0.5305555555555557	-3.9	2.8
2013	2	8	0	0	-0.8048611111111111	-3.3	3.1
2013	2	9	0	0	-1.757638888888889	-4.9	1.8
2013	2	10	0	0	-4.9625	-9.6	-0.4
2013	2	11	0	0	-1.2104166666666667	-3.4	1.7
2013	2	12	0	0	-0.9395833333333333	-2.0	0.4
2013	2	13	0	0	-2.8451388888888887	-6.8	-0.9
2013	2	14	0	0	-3.8229166666666665	-8.8	1.1
2013	2	15	0	0	-0.2284722222222222	-1.8	0.6
2013	2	16	0	0	0.4354166666666665	-6.9	9.0
2013	2	17	0	0	0.75625	-6.2	3.3
2013	2	18	0	0	-0.07499999999999991	-7.5	7.4
2013	2	19	0	0	-0.7930555555555556	-8.7	6.8
2013	2	20	0	0	0.0027777777777777866	-2.0	2.1
2013	2	21	0	0	-2.288194444444444	-3.8	-0.4
2013	2	22	0	0	-4.178472222222222	-5.3	-2.4
2013	2	23	0	0	-3.9888888888888885	-5.5	0.0
2013	2	24	0	0	-3.6631944444444446	-10.8	2.0
2013	2	25	0	0	-5.065277777777778	-11.8	4.6
2013	2	26	0	0	-1.7076388888888896	-8.8	3.0
2013	2	27	0	0	0.7020833333333333	-0.6	2.0
2013	2	28	0	0	0.3625	-5.1	5.6
2013	3	1	0	0	0.2833333333333333	-5.1	3.3
2013	3	2	0	0	-0.015277777777777777	-0.5	1.1
2013	3	3	0	0	0.24583333333333354	-5.5	7.9
2013	3	4	0	0	-1.1555555555555557	-7.7	10.5
2013	3	5	0	0	1.129166666666667	-7.3	14.0
2013	3	6	0	0	5.288888888888889	-3.6	19.7
2013	3	7	0	0	7.2548611111111105	-2.3	18.5
2013	3	8	0	0	7.063194444444444	-2.2	18.4
2013	3	9	0	0	9.382638888888888	3.7	18.8
2013	3	10	0	0	7.5993055555555555	1.6	17.4
2013	3	11	0	0	4.365972222222223	-0.6	16.4
2013	3	12	0	0	5.53125	1.9	12.6
2013	3	13	0	0	0.3090277777777777	-3.0	2.5
2013	3	14	0	0	-2.326388888888889	-12.2	5.6
2013	3	15	0	0	-3.2597222222222224	-13.6	7.0
2013	3	16	0	0	0.3222222222222222	-9.4	11.1
2013	3	17	0	0	3.3361111111111117	-1.1	8.6
2013	3	18	0	0	3.3562499999999997	0.8	5.8
2013	3	19	0	0	3.8743055555555554	-2.5	11.9
2013	3	20	0	0	4.228472222222222	-0.5	12.5
2013	3	21	0	0	4.775	-1.6	14.7
2013	3	22	0	0	7.649305555555556	0.9	16.6
2013	3	23	0	0	4.071527777777779	-0.4	10.1
2013	3	24	0	0	1.3541666666666667	-1.7	3.9
2013	3	25	0	0	0.23124999999999996	-1.8	3.7
2013	3	26	0	0	-0.9909722222222223	-3.0	3.7
2013	3	27	0	0	0.5576388888888887	-3.9	10.4
2013	3	28	0	0	1.3083333333333336	-3.5	4.3
2013	3	29	0	0	1.6069444444444443	-1.0	6.8
2013	3	30	0	0	2.100694444444444	0.0	5.3
2013	3	31	0	0	1.3215277777777776	-0.7	5.5
2013	4	1	0	0	3.076388888888889	-1.9	12.0
2013	4	2	0	0	2.047222222222222	-3.6	5.9
2013	4	3	0	0	3.528472222222223	0.8	6.9
2013	4	4	0	0	4.533333333333333	-3.4	11.6
2013	4	5	0	0	2.9472222222222224	0.9	5.1
2013	4	6	0	0	4.895138888888889	-2.0	11.5
2013	4	7	0	0	3.4249999999999994	-4.4	9.4
2013	4	8	0	0	3.2152777777777772	-4.2	13.2
2013	4	9	0	0	6.455555555555556	1.1	14.0
2013	4	10	0	0	9.390972222222222	4.6	16.8
2013	4	11	0	0	10.984027777777778	6.1	21.6
2013	4	12	0	0	9.428472222222222	5.9	19.1
2013	4	13	0	0	10.344444444444445	2.5	21.8
2013	4	14	0	0	14.892361111111112	3.0	27.3
2013	4	15	0	0	15.781944444444443	2.6	28.3
2013	4	16	0	0	16.60902777777778	7.8	29.0
2013	4	17	0	0	17.14861111111111	6.1	29.4
2013	4	18	0	0	16.764583333333334	6.7	28.9
2013	4	19	0	0	6.9111111111111105	0.0	10.9
2013	4	20	0	0	3.618055555555555	0.0	6.6
2013	4	21	0	0	7.958333333333335	5.9	11.0
2013	4	22	0	0	9.350000000000001	3.8	17.4
2013	4	23	0	0	10.259722222222221	1.0	24.1
2013	4	24	0	0	13.243055555555555	-0.9	26.9
2013	4	25	0	0	15.890277777777778	2.0	29.6
2013	4	26	0	0	15.620138888888889	5.5	29.0
2013	4	27	0	0	9.122222222222222	4.9	12.0
2013	4	28	0	0	9.677777777777777	4.6	18.5
2013	4	29	0	0	10.111111111111112	7.0	16.1
2013	4	30	0	0	11.294444444444444	7.2	16.4
2013	5	1	0	0	14.636805555555553	8.1	26.0
2013	5	2	0	0	15.77083333333333	9.1	27.6
2013	5	3	0	0	11.370833333333332	6.3	18.2
2013	5	4	0	0	11.462499999999997	5.3	18.3
2013	5	5	0	0	13.568055555555558	3.5	24.1
2013	5	6	0	0	15.28263888888889	4.5	26.8
2013	5	7	0	0	15.229166666666666	5.9	26.7
2013	5	8	0	0	17.445833333333333	3.0	28.3
2013	5	9	0	0	16.290972222222223	12.6	26.9
2013	5	10	0	0	10.866666666666667	4.0	15.1
2013	5	11	0	0	10.475	4.3	18.5
2013	5	12	0	0	10.292361111111111	5.1	19.8
2013	5	13	0	0	11.311111111111112	1.3	22.9
2013	5	14	0	0	16.257638888888888	5.5	27.4
2013	5	15	0	0	14.556249999999999	4.8	26.3
2013	5	16	0	0	12.987499999999999	8.6	21.9
2013	5	17	0	0	10.825694444444443	7.3	16.6
2013	5	18	0	0	15.78125	6.3	26.2
2013	5	19	0	0	11.974305555555558	7.4	21.9
2013	5	20	0	0	12.227777777777776	5.5	21.3
2013	5	21	0	0	9.736111111111112	6.6	13.1
2013	5	22	0	0	9.069444444444443	6.5	10.9
2013	5	23	0	0	8.45347222222222	1.8	21.5
2013	5	24	0	0	5.930555555555556	1.2	17.2
2013	5	25	0	0	7.461805555555557	1.2	19.8
2013	5	26	0	0	8.18263888888889	4.7	13.9
2013	5	27	0	0	13.059722222222222	4.1	24.6
2013	5	28	0	0	13.672916666666666	4.0	29.9
2013	5	29	0	0	8.445833333333333	4.6	15.7
2013	5	30	0	0	10.35625	5.5	20.9
2013	5	31	0	0	8.307638888888889	7.5	9.7
2013	6	1	0	0	11.383333333333333	9.8	13.4
2013	6	2	0	0	12.87083333333333	4.2	21.7
2013	6	3	0	0	10.388194444444444	2.5	19.5
2013	6	4	0	0	12.781250000000002	1.3	24.6
2013	6	5	0	0	17.235416666666666	3.3	28.6
2013	6	6	0	0	17.71666666666667	4.4	29.5
2013	6	7	0	0	18.00972222222222	5.4	31.5
2013	6	8	0	0	20.571527777777778	6.8	32.0
2013	6	9	0	0	18.521527777777774	12.1	30.1
2013	6	10	0	0	14.326388888888891	11.3	22.7
2013	6	11	0	0	15.486805555555556	6.8	27.6
2013	6	12	0	0	17.94236111111111	5.3	30.3
2013	6	13	0	0	21.766666666666666	8.6	34.2
2013	6	14	0	0	14.832638888888889	7.5	21.3
2013	6	15	0	0	19.738194444444442	7.4	31.3
2013	6	16	0	0	22.870138888888885	13.3	33.8
2013	6	17	0	0	25.570833333333336	12.5	38.5
2013	6	18	0	0	26.48194444444444	13.8	38.9
2013	6	19	0	0	23.696527777777778	11.4	36.0
2013	6	20	0	0	19.90416666666667	12.9	32.8
2013	6	21	0	0	19.22083333333333	13.2	28.6
2013	6	22	0	0	19.01111111111111	10.9	30.2
2013	6	23	0	0	13.844444444444443	7.3	18.3
2013	6	24	0	0	13.125694444444441	9.3	23.4
2013	6	25	0	0	14.02222222222222	9.5	24.5
2013	6	26	0	0	14.93125	5.9	27.0
2013	6	27	0	0	12.478472222222221	5.3	23.7
2013	6	28	0	0	13.804861111111109	4.6	27.3
2013	6	29	0	0	11.887499999999998	4.6	14.8
2013	6	30	0	0	17.97847222222222	8.8	30.4
2013	7	1	0	0	19.17708333333333	6.7	32.8
2013	7	2	0	0	20.61875	8.8	34.6
2013	7	3	0	0	15.82152777777778	14.6	19.1
2013	7	4	0	0	18.660416666666666	13.3	27.4
2013	7	5	0	0	19.89166666666667	13.1	31.6
2013	7	6	0	0	20.54513888888889	10.3	32.2
2013	7	7	0	0	20.654166666666665	10.6	30.9
2013	7	8	0	0	21.878472222222218	12.1	32.8
2013	7	9	0	0	22.651388888888885	11.9	34.0
2013	7	10	0	0	23.370833333333334	12.9	34.1
2013	7	11	0	0	20.90763888888889	10.6	31.1
2013	7	12	0	0	19.082638888888884	6.5	31.5
2013	7	13	0	0	20.275000000000002	7.4	32.1
2013	7	14	0	0	21.099305555555556	8.5	33.0
2013	7	15	0	0	22.154166666666665	10.6	35.8
2013	7	16	0	0	21.340277777777782	8.2	35.1
2013	7	17	0	0	21.014583333333338	10.3	32.9
2013	7	18	0	0	23.368749999999995	12.6	34.3
2013	7	19	0	0	22.729861111111106	11.0	34.4
2013	7	20	0	0	23.68958333333333	11.6	35.3
2013	7	21	0	0	23.881944444444446	11.6	37.1
2013	7	22	0	0	25.47152777777778	12.2	38.7
2013	7	23	0	0	24.745833333333337	13.9	39.9
2013	7	24	0	0	21.493749999999995	12.8	34.2
2013	7	25	0	0	24.431250000000002	12.9	36.6
2013	7	26	0	0	26.401388888888885	14.3	41.4
2013	7	27	0	0	28.183333333333337	15.3	41.5
2013	7	28	0	0	24.899305555555568	16.5	40.1
2013	7	29	0	0	15.968055555555557	11.5	18.4
2013	7	30	0	0	19.170833333333334	12.2	29.2
2013	7	31	0	0	22.324305555555558	12.7	32.6
2013	8	1	0	0	23.731944444444448	10.9	35.9
2013	8	2	0	0	25.581249999999997	13.9	37.9
2013	8	3	0	0	24.231250000000006	16.0	36.4
2013	8	4	0	0	21.984027777777783	14.6	32.7
2013	8	5	0	0	25.622222222222224	14.0	37.0
2013	8	6	0	0	23.76527777777778	15.7	35.1
2013	8	7	0	0	20.761805555555554	16.0	31.4
2013	8	8	0	0	17.551388888888887	15.5	20.2
2013	8	9	0	0	16.06111111111111	9.5	21.3
2013	8	10	0	0	18.784722222222225	8.4	30.2
2013	8	11	0	0	20.524305555555554	12.8	30.3
2013	8	12	0	0	21.17152777777778	11.3	31.1
2013	8	13	0	0	19.359722222222224	12.6	29.0
2013	8	14	0	0	19.238888888888894	8.8	31.5
2013	8	15	0	0	18.27013888888889	6.9	31.3
2013	8	16	0	0	20.268055555555556	6.6	33.8
2013	8	17	0	0	22.788194444444443	10.8	35.8
2013	8	18	0	0	23.37013888888889	11.1	36.2
2013	8	19	0	0	17.82777777777778	10.6	29.3
2013	8	20	0	0	17.721527777777776	7.4	30.2
2013	8	21	0	0	16.59652777777778	6.7	29.3
2013	8	22	0	0	18.068055555555553	5.7	31.3
2013	8	23	0	0	19.949305555555554	8.1	34.6
2013	8	24	0	0	16.536805555555556	10.4	25.3
2013	8	25	0	0	16.578472222222224	10.6	25.5
2013	8	26	0	0	16.294444444444444	7.0	30.5
2013	8	27	0	0	14.386111111111115	7.2	22.1
2013	8	28	0	0	15.336111111111116	9.6	21.7
2013	8	29	0	0	16.17569444444445	6.9	28.9
2013	8	30	0	0	17.366666666666664	6.0	30.6
2013	8	31	0	0	18.9375	9.4	28.5
2013	9	1	0	0	17.67777777777778	7.8	29.3
2013	9	2	0	0	15.356250000000003	5.3	28.7
2013	9	3	0	0	17.315277777777776	3.9	31.8
2013	9	4	0	0	19.388194444444444	7.3	33.6
2013	9	5	0	0	20.493055555555554	8.1	34.9
2013	9	6	0	0	21.271527777777777	10.4	34.3
2013	9	7	0	0	22.037499999999994	11.4	33.7
2013	9	8	0	0	16.074305555555558	12.0	21.8
2013	9	9	0	0	15.662500000000003	8.5	25.6
2013	9	10	0	0	13.041666666666666	9.6	17.3
2013	9	11	0	0	11.084722222222224	4.0	18.2
2013	9	12	0	0	11.824305555555556	10.0	18.8
2013	9	13	0	0	14.210416666666667	8.2	24.3
2013	9	14	0	0	16.572916666666675	10.8	26.0
2013	9	15	0	0	15.451388888888888	12.3	25.1
2013	9	16	0	0	11.223611111111113	7.7	13.0
2013	9	17	0	0	10.477083333333333	5.3	17.7
2013	9	18	0	0	13.611805555555554	8.9	21.9
2013	9	19	0	0	12.754861111111106	6.1	23.2
2013	9	20	0	0	13.32013888888889	7.6	22.1
2013	9	21	0	0	12.963888888888887	2.7	26.6
2013	9	22	0	0	11.840972222222218	2.7	26.7
2013	9	23	0	0	12.424999999999999	2.1	26.8
2013	9	24	0	0	12.913194444444445	3.3	27.4
2013	9	25	0	0	15.386111111111111	5.8	27.4
2013	9	26	0	0	16.742361111111112	12.6	26.3
2013	9	27	0	0	16.522222222222222	9.1	28.5
2013	9	28	0	0	16.01180555555555	9.7	22.8
2013	9	29	0	0	13.237499999999997	11.1	15.1
2013	9	30	0	0	12.43611111111111	10.5	16.4
2013	10	1	0	0	12.886805555555556	9.0	19.0
2013	10	2	0	0	10.604166666666666	4.8	18.2
2013	10	3	0	0	10.872916666666669	7.0	22.0
2013	10	4	0	0	14.089583333333332	9.8	25.5
2013	10	5	0	0	15.436805555555559	12.2	25.8
2013	10	6	0	0	13.22777777777778	9.1	20.9
2013	10	7	0	0	12.277777777777779	10.6	15.2
2013	10	8	0	0	12.978472222222223	11.4	16.3
2013	10	9	0	0	12.106250000000001	4.8	16.7
2013	10	10	0	0	6.31111111111111	3.6	10.2
2013	10	11	0	0	5.934722222222223	-1.0	17.2
2013	10	12	0	0	7.279166666666668	1.2	20.4
2013	10	13	0	0	9.963194444444445	4.0	22.2
2013	10	14	0	0	10.855555555555554	5.4	21.9
2013	10	15	0	0	12.454861111111114	6.6	21.0
2013	10	16	0	0	11.315972222222221	5.3	22.1
2013	10	17	0	0	10.041666666666666	0.2	24.1
2013	10	18	0	0	7.597916666666666	-1.2	23.6
2013	10	19	0	0	11.106250000000001	-0.1	25.8
2013	10	20	0	0	11.797916666666667	6.9	16.9
2013	10	21	0	0	12.166666666666664	5.6	25.8
2013	10	22	0	0	11.94097222222222	4.8	25.3
2013	10	23	0	0	11.249305555555557	6.7	14.9
2013	10	24	0	0	9.239583333333332	2.4	22.1
2013	10	25	0	0	11.354166666666664	4.2	24.7
2013	10	26	0	0	10.924305555555556	3.5	25.5
2013	10	27	0	0	13.110416666666666	8.7	18.8
2013	10	28	0	0	15.109722222222219	8.1	25.2
2013	10	29	0	0	9.48611111111111	6.7	18.1
2013	10	30	0	0	6.5368055555555555	-1.4	17.6
2013	10	31	0	0	2.891666666666666	-2.8	15.8
2013	11	1	0	0	6.637499999999999	2.6	13.2
2013	11	2	0	0	11.08611111111111	3.8	20.1
2013	11	3	0	0	6.9645833333333345	-1.5	15.3
2013	11	4	0	0	6.961805555555556	-0.9	10.1
2013	11	5	0	0	6.865972222222222	0.9	12.7
2013	11	6	0	0	9.98611111111111	6.5	12.7
2013	11	7	0	0	11.65208333333333	2.8	18.9
2013	11	8	0	0	10.670833333333334	1.1	21.6
2013	11	9	0	0	6.321527777777779	-2.5	18.0
2013	11	10	0	0	4.7548611111111105	2.5	7.6
2013	11	11	0	0	3.425694444444444	-4.0	14.9
2013	11	12	0	0	0.40763888888888883	-6.8	7.1
2013	11	13	0	0	2.2083333333333335	-6.8	6.8
2013	11	14	0	0	3.4090277777777778	0.9	5.9
2013	11	15	0	0	2.701388888888889	-0.9	4.5
2013	11	16	0	0	3.9729166666666664	3.0	5.2
2013	11	17	0	0	4.215972222222222	3.2	6.5
2013	11	18	0	0	4.3187500000000005	2.9	7.1
2013	11	19	0	0	3.5437499999999997	1.5	5.1
2013	11	20	0	0	2.3625000000000007	1.3	4.9
2013	11	21	0	0	1.022222222222222	-0.3	3.0
2013	11	22	0	0	0.11527777777777777	-0.3	0.5
2013	11	23	0	0	1.5798611111111114	0.1	3.6
2013	11	24	0	0	3.3881944444444443	1.4	5.4
2013	11	25	0	0	0.2208333333333333	-7.4	7.7
2013	11	26	0	0	-2.8750000000000004	-9.0	5.8
2013	11	27	0	0	-4.789583333333334	-10.4	3.9
2013	11	28	0	0	-3.5104166666666674	-10.3	2.5
2013	11	29	0	0	1.211111111111111	-4.4	7.7
2013	11	30	0	0	-1.3006944444444444	-7.2	7.2
2013	12	1	0	0	-1.2499999999999998	-8.6	5.9
2013	12	2	0	0	0.4187499999999999	-8.2	11.4
2013	12	3	0	0	-3.608333333333334	-9.6	3.4
2013	12	4	0	0	-0.1993055555555557	-6.9	8.8
2013	12	5	0	0	1.1701388888888888	-5.4	7.1
2013	12	6	0	0	2.388888888888888	0.6	4.8
2013	12	7	0	0	-0.7006944444444447	-7.3	9.6
2013	12	8	0	0	-3.2069444444444457	-9.0	9.0
2013	12	9	0	0	-2.7340277777777775	-8.6	8.7
2013	12	10	0	0	-2.6916666666666664	-8.0	9.8
2013	12	11	0	0	-3.2395833333333326	-8.8	1.3
2013	12	12	0	0	-1.9215277777777775	-3.2	-0.4
2013	12	13	0	0	-2.375	-4.8	0.5
2013	12	14	0	0	-1.8354166666666665	-6.2	1.1
2013	12	15	0	0	-0.24652777777777782	-2.4	3.0
2013	12	16	0	0	-2.4749999999999996	-6.8	5.6
2013	12	17	0	0	-3.052777777777777	-7.4	7.7
2013	12	18	0	0	-2.2395833333333335	-7.4	8.8
2013	12	19	0	0	0.6194444444444448	-5.0	6.3
2013	12	20	0	0	1.4874999999999998	-4.0	4.7
2013	12	21	0	0	1.0090277777777774	-1.7	7.4
2013	12	22	0	0	4.300694444444444	-1.4	10.0
2013	12	23	0	0	5.643749999999998	-3.8	14.5
2013	12	24	0	0	0.9645833333333336	-4.9	12.4
2013	12	25	0	0	3.2249999999999996	-1.2	8.2
2013	12	26	0	0	1.7479166666666668	0.0	3.8
2013	12	27	0	0	-0.6951388888888889	-5.5	8.3
2013	12	28	0	0	1.1020833333333335	-4.3	10.2
2013	12	29	0	0	2.1590277777777778	-2.5	8.6
2013	12	30	0	0	-0.9819444444444446	-6.1	5.5
2013	12	31	0	0	-1.7236111111111114	-6.0	4.0
2014	1	1	0	0	0.5527777777777779	-4.8	11.3
2014	1	2	0	0	1.6305555555555558	-3.1	7.7
2014	1	3	0	0	2.1333333333333333	-4.5	6.9
2014	1	4	0	0	3.2305555555555556	0.6	5.2
2014	1	5	0	0	1.9527777777777768	-4.7	9.8
2014	1	6	0	0	1.8062500000000001	-5.5	11.4
2014	1	7	0	0	6.347916666666666	0.4	16.3
2014	1	8	0	0	5.6194444444444445	-0.5	15.9
2014	1	9	0	0	5.045833333333333	-3.1	12.7
2014	1	10	0	0	3.1479166666666676	-2.2	6.7
2014	1	11	0	0	3.806944444444444	1.5	8.5
2014	1	12	0	0	4.7375	0.9	9.6
2014	1	13	0	0	4.638888888888889	2.7	8.5
2014	1	14	0	0	3.0937500000000004	-1.7	4.6
2014	1	15	0	0	0.5701388888888889	-5.2	5.6
2014	1	16	0	0	3.459722222222222	-0.1	7.1
2014	1	17	0	0	3.6826388888888886	-0.4	9.7
2014	1	18	0	0	2.2409722222222217	1.5	3.0
2014	1	19	0	0	1.8201388888888885	0.7	4.0
2014	1	20	0	0	3.7368055555555557	1.4	7.7
2014	1	21	0	0	3.0722222222222215	2.0	4.6
2014	1	22	0	0	2.306249999999999	-5.5	7.1
2014	1	23	0	0	0.5909722222222221	-6.1	4.2
2014	1	24	0	0	0.28819444444444436	-5.9	5.7
2014	1	25	0	0	-0.25972222222222224	-6.0	6.1
2014	1	26	0	0	2.897916666666667	0.0	8.6
2014	1	27	0	0	1.8798611111111112	-2.6	9.2
2014	1	28	0	0	-0.19097222222222232	-7.3	11.5
2014	1	29	0	0	-2.415277777777778	-8.7	4.8
2014	1	30	0	0	-2.671527777777778	-7.0	0.6
2014	1	31	0	0	-0.9972222222222221	-6.8	10.5
2014	2	1	0	0	0.19375000000000053	-7.8	10.4
2014	2	2	0	0	2.5041666666666664	0.5	5.6
2014	2	3	0	0	2.8159722222222228	1.5	5.3
2014	2	4	0	0	1.4812499999999995	-4.9	9.3
2014	2	5	0	0	1.9097222222222223	-0.2	4.8
2014	2	6	0	0	5.074999999999998	-2.2	16.8
2014	2	7	0	0	1.9069444444444443	-3.6	7.3
2014	2	8	0	0	1.586111111111111	-4.9	6.7
2014	2	9	0	0	3.1381944444444443	-4.1	10.3
2014	2	10	0	0	3.2069444444444444	-4.8	13.9
2014	2	11	0	0	2.5951388888888887	-4.4	13.8
2014	2	12	0	0	2.818055555555555	-4.1	14.0
2014	2	13	0	0	3.4055555555555554	-1.2	8.4
2014	2	14	0	0	3.0284722222222222	-2.0	8.9
2014	2	15	0	0	5.6194444444444445	-1.4	16.5
2014	2	16	0	0	3.643055555555556	0.6	8.3
2014	2	17	0	0	2.638194444444445	-4.3	12.8
2014	2	18	0	0	1.8215277777777776	-5.8	13.1
2014	2	19	0	0	3.8708333333333322	0.1	8.3
2014	2	20	0	0	5.075	-1.7	17.2
2014	2	21	0	0	3.6770833333333335	-1.2	6.4
2014	2	22	0	0	3.9423611111111114	-2.8	14.3
2014	2	23	0	0	4.545138888888888	-4.0	16.8
2014	2	24	0	0	2.316666666666667	-6.1	18.2
2014	2	25	0	0	3.7805555555555546	-5.3	17.5
2014	2	26	0	0	5.30138888888889	0.3	14.1
2014	2	27	0	0	5.293055555555555	2.0	15.4
2014	2	28	0	0	6.470833333333334	2.4	16.4
2014	3	1	0	0	4.202777777777777	1.5	10.5
2014	3	2	0	0	2.6534722222222227	-3.1	7.2
2014	3	3	0	0	2.552083333333333	-2.7	6.6
2014	3	4	0	0	2.4701388888888887	0.3	3.7
2014	3	5	0	0	5.7861111111111105	1.3	16.5
2014	3	6	0	0	3.0180555555555544	-3.6	13.9
2014	3	7	0	0	4.143749999999999	-5.3	18.4
2014	3	8	0	0	5.94861111111111	-4.0	19.1
2014	3	9	0	0	6.044444444444443	-5.0	21.5
2014	3	10	0	0	5.888194444444443	-4.3	19.4
2014	3	11	0	0	5.219444444444445	-3.9	15.9
2014	3	12	0	0	5.990277777777777	-5.5	21.3
2014	3	13	0	0	7.045138888888889	-4.4	23.1
2014	3	14	0	0	7.881250000000001	-3.7	23.5
2014	3	15	0	0	6.427777777777777	-1.4	14.5
2014	3	16	0	0	9.640277777777778	0.2	21.4
2014	3	17	0	0	9.531944444444445	-2.3	25.6
2014	3	18	0	0	11.648611111111114	-2.3	23.5
2014	3	19	0	0	9.929166666666667	-0.3	22.3
2014	3	20	0	0	9.75486111111111	-2.6	26.6
2014	3	21	0	0	10.931944444444445	-1.0	23.6
2014	3	22	0	0	6.8694444444444445	4.1	11.5
2014	3	23	0	0	2.9069444444444446	-0.3	8.5
2014	3	24	0	0	3.3076388888888886	-2.3	14.8
2014	3	25	0	0	3.183333333333333	-4.0	17.3
2014	3	26	0	0	2.43125	-5.1	12.2
2014	3	27	0	0	5.3062499999999995	-6.2	20.1
2014	3	28	0	0	8.246527777777779	-3.5	23.5
2014	3	29	0	0	8.352083333333333	-4.2	25.1
2014	3	30	0	0	9.886111111111111	-3.2	27.6
2014	3	31	0	0	10.423611111111109	-0.9	27.0
2014	4	1	0	0	11.365277777777777	0.7	26.2
2014	4	2	0	0	12.809027777777777	0.1	28.7
2014	4	3	0	0	10.391666666666671	2.6	20.3
2014	4	4	0	0	10.350694444444445	3.2	22.2
2014	4	5	0	0	9.452083333333334	2.6	13.1
2014	4	6	0	0	13.297916666666666	3.1	26.9
2014	4	7	0	0	13.55347222222222	0.2	28.3
2014	4	8	0	0	10.541666666666666	2.6	19.0
2014	4	9	0	0	9.786805555555558	-1.3	22.9
2014	4	10	0	0	10.515972222222222	-2.7	26.0
2014	4	11	0	0	13.03541666666667	-0.9	29.1
2014	4	12	0	0	15.145138888888892	7.2	26.7
2014	4	13	0	0	13.378472222222221	1.1	25.0
2014	4	14	0	0	9.661805555555558	-1.1	21.1
2014	4	15	0	0	8.695833333333335	-1.9	22.3
2014	4	16	0	0	8.217361111111112	-3.2	18.1
2014	4	17	0	0	8.266666666666664	-5.3	23.6
2014	4	18	0	0	4.061111111111111	-2.7	11.3
2014	4	19	0	0	5.372222222222223	0.5	10.7
2014	4	20	0	0	10.925694444444446	-1.8	24.6
2014	4	21	0	0	10.703472222222224	4.6	21.3
2014	4	22	0	0	13.156944444444447	3.7	27.2
2014	4	23	0	0	15.493055555555555	1.7	28.7
2014	4	24	0	0	15.721527777777782	2.2	30.5
2014	4	25	0	0	15.111805555555556	2.4	27.7
2014	4	26	0	0	16.099305555555556	9.2	28.4
2014	4	27	0	0	9.077777777777778	6.4	13.7
2014	4	28	0	0	7.820138888888889	6.0	9.9
2014	4	29	0	0	9.979166666666668	3.5	20.1
2014	4	30	0	0	9.125	5.6	11.3
2014	5	1	0	0	12.719444444444443	8.7	22.2
2014	5	2	0	0	11.69375	8.7	25.1
2014	5	3	0	0	7.3395833333333345	4.8	9.5
2014	5	4	0	0	9.685416666666663	-2.4	24.2
2014	5	5	0	0	12.483333333333334	-2.9	30.7
2014	5	6	0	0	13.715277777777779	0.3	26.7
2014	5	7	0	0	11.951388888888891	5.7	20.1
2014	5	8	0	0	15.545138888888891	3.2	27.5
2014	5	9	0	0	14.920833333333336	10.4	23.4
2014	5	10	0	0	17.77430555555555	5.2	30.4
2014	5	11	0	0	12.096527777777778	3.2	24.8
2014	5	12	0	0	9.981944444444444	1.5	20.8
2014	5	13	0	0	8.811805555555557	4.3	21.3
2014	5	14	0	0	9.122222222222225	4.0	22.5
2014	5	15	0	0	7.849305555555554	-0.1	19.8
2014	5	16	0	0	11.520138888888887	1.6	24.9
2014	5	17	0	0	11.764583333333333	0.8	29.7
2014	5	18	0	0	15.217361111111112	-0.6	33.0
2014	5	19	0	0	17.35763888888889	4.3	34.3
2014	5	20	0	0	17.129861111111108	2.7	36.0
2014	5	21	0	0	18.919444444444448	4.4	37.3
2014	5	22	0	0	18.01111111111111	7.3	37.4
2014	5	23	0	0	16.38888888888889	6.0	33.2
2014	5	24	0	0	16.39236111111111	6.9	31.3
2014	5	25	0	0	17.79791666666667	5.3	32.7
2014	5	26	0	0	16.084027777777777	8.3	24.4
2014	5	27	0	0	13.56388888888889	9.2	21.5
2014	5	28	0	0	15.575694444444444	5.7	26.0
2014	5	29	0	0	17.24652777777778	4.9	30.6
2014	5	30	0	0	12.440972222222227	5.5	24.1
2014	5	31	0	0	14.21111111111111	1.6	27.7
2014	6	1	0	0	17.001388888888886	2.4	31.9
2014	6	2	0	0	16.788194444444446	7.3	31.3
2014	6	3	0	0	17.672222222222224	5.8	31.0
2014	6	4	0	0	14.421527777777776	5.6	25.7
2014	6	5	0	0	17.279861111111114	5.1	30.8
2014	6	6	0	0	19.810416666666665	3.3	35.3
2014	6	7	0	0	22.969444444444438	8.1	38.5
2014	6	8	0	0	24.843055555555555	9.1	39.4
2014	6	9	0	0	27.24652777777777	10.6	41.7
2014	6	10	0	0	27.57291666666667	14.8	39.9
2014	6	11	0	0	25.555555555555546	11.3	37.8
2014	6	12	0	0	23.893749999999997	13.0	37.8
2014	6	13	0	0	22.107638888888886	10.8	37.2
2014	6	14	0	0	19.64305555555556	8.4	32.2
2014	6	15	0	0	18.799305555555563	6.6	29.3
2014	6	16	0	0	19.159722222222225	4.9	32.7
2014	6	17	0	0	19.402083333333334	8.6	32.1
2014	6	18	0	0	19.74861111111111	5.4	32.0
2014	6	19	0	0	19.161805555555556	6.2	33.5
2014	6	20	0	0	19.561111111111106	7.7	33.2
2014	6	21	0	0	20.695138888888888	8.0	32.8
2014	6	22	0	0	21.498611111111106	5.3	34.3
2014	6	23	0	0	19.45763888888889	8.0	35.7
2014	6	24	0	0	18.811111111111106	9.4	30.5
2014	6	25	0	0	18.299305555555556	8.1	32.3
2014	6	26	0	0	18.613194444444442	5.1	31.9
2014	6	27	0	0	20.55	7.1	33.5
2014	6	28	0	0	20.35	11.5	31.2
2014	6	29	0	0	14.134722222222223	10.2	19.0
2014	6	30	0	0	14.804166666666667	5.3	27.8
2014	7	1	0	0	18.212500000000002	3.7	31.2
2014	7	2	0	0	13.871527777777779	7.5	24.4
2014	7	3	0	0	19.84305555555556	6.7	33.7
2014	7	4	0	0	19.693055555555553	9.4	30.6
2014	7	5	0	0	18.675694444444446	11.4	28.1
2014	7	6	0	0	23.261805555555554	10.4	37.4
2014	7	7	0	0	19.87430555555555	14.6	32.2
2014	7	8	0	0	14.00138888888889	11.3	16.5
2014	7	9	0	0	12.209027777777779	9.7	18.7
2014	7	10	0	0	11.90763888888889	9.4	13.8
2014	7	11	0	0	15.87291666666667	12.8	21.0
2014	7	12	0	0	18.799305555555556	10.4	34.2
2014	7	13	0	0	18.647916666666664	14.5	30.1
2014	7	14	0	0	19.98333333333333	12.8	31.1
2014	7	15	0	0	20.588194444444444	9.3	35.7
2014	7	16	0	0	22.272916666666664	8.1	35.5
2014	7	17	0	0	23.328472222222217	11.3	38.0
2014	7	18	0	0	24.043750000000003	10.5	39.1
2014	7	19	0	0	25.166666666666668	10.1	39.8
2014	7	20	0	0	20.954166666666666	14.5	32.7
2014	7	21	0	0	17.694444444444443	14.1	24.8
2014	7	22	0	0	17.29652777777778	15.8	18.8
2014	7	23	0	0	21.784027777777776	13.4	32.0
2014	7	24	0	0	20.50833333333333	12.0	34.1
2014	7	25	0	0	22.57708333333333	10.2	34.6
2014	7	26	0	0	16.65138888888889	14.0	19.3
2014	7	27	0	0	18.027083333333334	15.2	22.4
2014	7	28	0	0	20.85833333333333	12.1	34.4
2014	7	29	0	0	17.461111111111112	13.6	26.3
2014	7	30	0	0	17.160416666666666	14.4	21.4
2014	7	31	0	0	21.209722222222222	11.3	32.4
2014	8	1	0	0	20.59722222222222	9.8	33.2
2014	8	2	0	0	21.590277777777775	14.1	35.0
2014	8	3	0	0	18.507638888888888	11.8	31.8
2014	8	4	0	0	20.504166666666666	11.3	34.3
2014	8	5	0	0	20.874305555555555	10.8	31.1
2014	8	6	0	0	19.799305555555556	8.9	33.4
2014	8	7	0	0	20.490972222222222	11.8	33.9
2014	8	8	0	0	24.14513888888889	12.1	37.5
2014	8	9	0	0	21.795833333333334	16.3	34.8
2014	8	10	0	0	22.275694444444444	14.4	35.8
2014	8	11	0	0	16.504166666666666	13.0	21.5
2014	8	12	0	0	18.946527777777778	10.9	31.1
2014	8	13	0	0	15.350694444444443	11.6	24.6
2014	8	14	0	0	15.890972222222224	8.3	28.4
2014	8	15	0	0	14.259722222222223	8.0	29.0
2014	8	16	0	0	13.567361111111113	5.1	26.8
2014	8	17	0	0	15.695833333333328	3.7	29.3
2014	8	18	0	0	18.01388888888889	6.9	32.9
2014	8	19	0	0	17.363194444444442	11.6	26.3
2014	8	20	0	0	16.589583333333334	7.7	29.1
2014	8	21	0	0	16.92291666666667	7.7	28.7
2014	8	22	0	0	17.022916666666664	5.9	29.4
2014	8	23	0	0	13.234722222222222	6.7	21.5
2014	8	24	0	0	14.251388888888895	4.8	26.1
2014	8	25	0	0	14.088194444444445	4.6	24.1
2014	8	26	0	0	15.479166666666666	12.3	19.9
2014	8	27	0	0	17.08125	11.1	28.4
2014	8	28	0	0	20.227777777777778	10.7	32.6
2014	8	29	0	0	18.01527777777778	11.2	31.3
2014	8	30	0	0	18.940277777777776	10.9	30.4
2014	8	31	0	0	13.926388888888889	11.1	20.9
2014	9	1	0	0	14.961805555555557	9.5	27.0
2014	9	2	0	0	15.145138888888885	5.2	26.5
2014	9	3	0	0	15.922916666666666	10.4	24.8
2014	9	4	0	0	18.94861111111111	10.8	31.4
2014	9	5	0	0	18.756944444444443	10.9	32.5
2014	9	6	0	0	20.468055555555555	9.7	34.1
2014	9	7	0	0	19.57152777777777	9.3	33.7
2014	9	8	0	0	20.336111111111112	9.5	33.6
2014	9	9	0	0	19.26736111111111	11.3	32.4
2014	9	10	0	0	18.646527777777774	11.5	30.4
2014	9	11	0	0	14.744444444444442	7.5	27.4
2014	9	12	0	0	11.595138888888892	7.7	16.2
2014	9	13	0	0	14.34375	6.5	28.1
2014	9	14	0	0	14.704861111111112	6.0	27.3
2014	9	15	0	0	17.019444444444446	6.6	29.6
2014	9	16	0	0	17.440972222222218	8.5	31.4
2014	9	17	0	0	17.724305555555556	7.5	31.7
2014	9	18	0	0	16.61527777777778	8.9	27.4
2014	9	19	0	0	18.949305555555554	11.5	30.1
2014	9	20	0	0	18.58055555555556	11.4	28.9
2014	9	21	0	0	15.622916666666669	11.4	26.1
2014	9	22	0	0	12.439583333333331	4.0	25.1
2014	9	23	0	0	10.148611111111112	1.0	22.1
2014	9	24	0	0	12.140972222222219	0.9	25.4
2014	9	25	0	0	11.661805555555553	3.3	22.9
2014	9	26	0	0	11.699305555555554	2.4	26.1
2014	9	27	0	0	13.80625	3.8	26.7
2014	9	28	0	0	13.415277777777776	4.9	28.4
2014	9	29	0	0	17.102777777777778	8.4	31.0
2014	9	30	0	0	15.007638888888891	10.5	19.6
2014	10	1	0	0	16.73888888888889	10.9	28.9
2014	10	2	0	0	16.16875	8.7	26.2
2014	10	3	0	0	13.531944444444443	5.3	20.0
2014	10	4	0	0	12.854861111111111	4.8	26.2
2014	10	5	0	0	15.995833333333335	11.2	26.8
2014	10	6	0	0	14.045833333333334	7.4	25.6
2014	10	7	0	0	14.185416666666667	10.3	20.2
2014	10	8	0	0	15.163194444444443	9.1	25.4
2014	10	9	0	0	16.793055555555558	10.7	30.3
2014	10	10	0	0	16.099305555555556	10.8	27.0
2014	10	11	0	0	15.409027777777775	9.1	23.9
2014	10	12	0	0	14.154861111111112	7.9	24.7
2014	10	13	0	0	12.950694444444446	9.1	15.4
2014	10	14	0	0	13.453472222222224	4.6	25.2
2014	10	15	0	0	15.013888888888888	11.0	25.6
2014	10	16	0	0	13.422222222222219	9.4	16.0
2014	10	17	0	0	14.826388888888888	5.5	28.4
2014	10	18	0	0	12.99097222222222	5.7	26.8
2014	10	19	0	0	13.613888888888887	5.1	26.7
2014	10	20	0	0	15.298611111111114	7.1	27.5
2014	10	21	0	0	13.441666666666668	5.0	22.9
2014	10	22	0	0	4.990277777777778	3.1	7.6
2014	10	23	0	0	7.0583333333333345	0.3	15.7
2014	10	24	0	0	5.715277777777779	-0.8	18.2
2014	10	25	0	0	9.496527777777777	5.0	15.2
2014	10	26	0	0	10.164583333333331	1.1	21.6
2014	10	27	0	0	7.511111111111109	0.2	10.0
2014	10	28	0	0	8.6125	1.0	22.1
2014	10	29	0	0	7.426388888888888	1.0	20.0
2014	10	30	0	0	8.95347222222222	1.1	21.5
2014	10	31	0	0	7.19722222222222	0.4	20.3
2014	11	1	0	0	7.379861111111114	1.4	20.5
2014	11	2	0	0	7.7902777777777805	0.9	22.2
2014	11	3	0	0	7.060416666666668	-0.1	23.2
2014	11	4	0	0	7.903472222222223	0.8	20.4
2014	11	5	0	0	4.2875	0.9	8.2
2014	11	6	0	0	4.1291666666666655	2.0	6.5
2014	11	7	0	0	7.547916666666667	0.3	16.4
2014	11	8	0	0	4.7854166666666655	-2.1	17.8
2014	11	9	0	0	4.0062500000000005	-2.3	9.9
2014	11	10	0	0	6.54375	3.5	9.1
2014	11	11	0	0	6.346527777777779	3.2	8.5
2014	11	12	0	0	7.969444444444445	5.5	12.0
2014	11	13	0	0	8.915972222222223	5.5	13.0
2014	11	14	0	0	8.445833333333333	6.5	13.8
2014	11	15	0	0	9.034722222222223	5.3	16.3
2014	11	16	0	0	7.2243055555555555	3.8	16.2
2014	11	17	0	0	6.0680555555555555	0.9	11.3
2014	11	18	0	0	7.012499999999998	3.3	14.7
2014	11	19	0	0	4.63125	-2.7	16.0
2014	11	20	0	0	4.470833333333334	-2.6	11.5
2014	11	21	0	0	6.571527777777779	0.7	16.5
2014	11	22	0	0	4.820138888888889	0.4	8.5
2014	11	23	0	0	4.897222222222223	3.4	6.6
2014	11	24	0	0	7.147916666666666	2.8	16.3
2014	11	25	0	0	7.7430555555555545	6.9	8.6
2014	11	26	0	0	7.811805555555555	6.6	10.4
2014	11	27	0	0	7.090277777777779	5.8	9.4
2014	11	28	0	0	4.918055555555555	3.0	7.5
2014	11	29	0	0	3.1916666666666664	2.7	4.2
2014	11	30	0	0	3.088888888888889	2.0	5.3
2014	12	1	0	0	2.547222222222222	1.8	3.5
2014	12	2	0	0	3.068055555555556	2.2	4.9
2014	12	3	0	0	3.5208333333333335	2.9	5.9
2014	12	4	0	0	3.8090277777777772	2.7	5.4
2014	12	5	0	0	3.156944444444445	2.2	4.1
2014	12	6	0	0	3.0097222222222224	2.0	6.1
2014	12	7	0	0	3.4270833333333335	1.7	5.9
2014	12	8	0	0	2.4215277777777775	-2.4	5.0
2014	12	9	0	0	0.5305555555555558	-4.0	3.4
2014	12	10	0	0	1.3625	-1.2	3.3
2014	12	11	0	0	4.863194444444445	2.4	7.2
2014	12	12	0	0	4.513888888888888	-2.7	9.8
2014	12	13	0	0	4.051388888888889	-4.3	15.6
2014	12	14	0	0	6.090972222222221	3.3	10.4
2014	12	15	0	0	6.806944444444444	5.0	9.6
2014	12	16	0	0	6.613194444444446	4.4	14.3
2014	12	17	0	0	4.215972222222222	2.5	6.7
2014	12	18	0	0	7.254861111111111	4.8	9.9
2014	12	19	0	0	8.746527777777777	3.3	14.1
2014	12	20	0	0	5.809027777777778	3.1	10.6
2014	12	21	0	0	2.202083333333333	-3.6	11.3
2014	12	22	0	0	0.9659722222222221	-4.4	8.9
2014	12	23	0	0	-0.7833333333333335	-7.3	13.1
2014	12	24	0	0	1.6861111111111111	-6.3	11.0
2014	12	25	0	0	3.658333333333332	-2.1	6.6
2014	12	26	0	0	-0.6972222222222223	-6.6	5.5
2014	12	27	0	0	-0.8125	-6.8	0.0
2014	12	28	0	0	-0.15694444444444444	-1.0	0.0
2014	12	29	0	0	-1.3951388888888887	-2.7	-0.7
2014	12	30	0	0	-0.6062500000000002	-1.1	-0.3
2014	12	31	0	0	-0.33263888888888893	-1.6	0.0
2015	1	1	0	0	-0.9861111111111113	-2.2	-0.1
2015	1	2	0	0	-0.6027777777777779	-1.6	0.0
2015	1	3	0	0	1.8027777777777778	-0.1	7.5
2015	1	4	0	0	1.6833333333333325	-6.4	8.7
2015	1	5	0	0	-3.281944444444445	-8.3	7.9
2015	1	6	0	0	-3.915277777777778	-8.8	6.3
2015	1	7	0	0	-0.19097222222222224	-6.2	8.6
2015	1	8	0	0	2.6125000000000003	-4.7	9.2
2015	1	9	0	0	6.372916666666666	0.5	10.4
2015	1	10	0	0	12.770833333333334	9.9	17.5
2015	1	11	0	0	3.7298611111111115	0.2	10.5
2015	1	12	0	0	0.9763888888888893	-5.9	9.0
2015	1	13	0	0	2.598611111111111	-7.5	13.5
2015	1	14	0	0	4.315972222222223	-2.4	9.4
2015	1	15	0	0	1.5638888888888893	-2.8	9.6
2015	1	16	0	0	2.929166666666667	-3.2	9.1
2015	1	17	0	0	0.3680555555555556	0.0	2.5
2015	1	18	0	0	-0.7465277777777781	-6.3	1.4
2015	1	19	0	0	0.6979166666666666	-1.6	8.0
2015	1	20	0	0	0.6124999999999999	-0.4	2.4
2015	1	21	0	0	0.5750000000000001	0.0	2.0
2015	1	22	0	0	0.34513888888888894	-0.3	1.7
2015	1	23	0	0	0.31875	-0.8	1.8
2015	1	24	0	0	0.4833333333333332	-1.2	4.7
2015	1	25	0	0	-1.3847222222222222	-6.0	3.5
2015	1	26	0	0	-2.5118055555555547	-8.8	-0.1
2015	1	27	0	0	0.7083333333333335	-0.8	4.6
2015	1	28	0	0	-0.48541666666666683	-7.7	4.0
2015	1	29	0	0	0.9798611111111111	0.1	2.4
2015	1	30	0	0	0.20000000000000007	-1.4	2.8
2015	1	31	0	0	0.03819444444444434	-7.3	5.5
2015	2	1	0	0	-0.9305555555555554	-6.8	3.2
2015	2	2	0	0	-0.6333333333333333	-2.3	0.8
2015	2	3	0	0	-2.25625	-5.1	0.7
2015	2	4	0	0	-3.2861111111111114	-5.6	-0.1
2015	2	5	0	0	-2.8944444444444444	-3.7	-1.1
2015	2	6	0	0	-2.552777777777778	-3.4	-1.9
2015	2	7	0	0	-4.972222222222222	-11.1	0.1
2015	2	8	0	0	-5.338888888888889	-13.4	9.2
2015	2	9	0	0	-5.499305555555556	-12.6	8.9
2015	2	10	0	0	-3.2319444444444443	-12.4	9.4
2015	2	11	0	0	-3.0076388888888896	-9.0	9.3
2015	2	12	0	0	-1.8458333333333334	-8.8	6.3
2015	2	13	0	0	-1.4375	-4.6	6.5
2015	2	14	0	0	0.6777777777777777	-4.5	12.1
2015	2	15	0	0	-0.4909722222222221	-5.3	8.0
2015	2	16	0	0	0.13333333333333328	-1.4	5.0
2015	2	17	0	0	0.25347222222222215	-1.3	3.0
2015	2	18	0	0	-0.611111111111111	-1.3	0.5
2015	2	19	0	0	0.9798611111111111	-5.7	11.6
2015	2	20	0	0	0.9722222222222224	-7.2	15.4
2015	2	21	0	0	0.6715277777777778	-6.1	7.1
2015	2	22	0	0	0.7208333333333333	-6.1	10.9
2015	2	23	0	0	0.48194444444444434	-5.9	3.1
2015	2	24	0	0	1.7972222222222218	-2.5	6.6
2015	2	25	0	0	2.1465277777777776	-5.5	15.5
2015	2	26	0	0	1.2291666666666659	-7.6	15.0
2015	2	27	0	0	1.4895833333333333	-0.7	3.8
2015	2	28	0	0	1.4256944444444446	-5.0	8.1
2015	3	1	0	0	4.39861111111111	-4.6	9.1
2015	3	2	0	0	5.861111111111111	-0.2	10.4
2015	3	3	0	0	4.957638888888888	-4.3	16.3
2015	3	4	0	0	2.861805555555556	-4.3	11.9
2015	3	5	0	0	1.6069444444444443	-5.9	12.3
2015	3	6	0	0	1.4750000000000003	-7.4	14.6
2015	3	7	0	0	1.8687500000000001	-7.4	17.1
2015	3	8	0	0	4.277083333333333	-6.2	19.9
2015	3	9	0	0	6.079166666666666	-3.2	21.4
2015	3	10	0	0	7.250694444444444	-5.1	21.4
2015	3	11	0	0	7.991666666666666	-2.7	20.3
2015	3	12	0	0	3.8958333333333335	-6.3	15.9
2015	3	13	0	0	4.104166666666667	-7.3	18.3
2015	3	14	0	0	2.8548611111111106	-5.2	14.9
2015	3	15	0	0	2.8631944444444444	-5.1	13.6
2015	3	16	0	0	6.736111111111112	-2.3	22.5
2015	3	17	0	0	8.868055555555555	-0.5	25.0
2015	3	18	0	0	11.01041666666667	-1.7	25.0
2015	3	19	0	0	8.737499999999999	-1.3	22.3
2015	3	20	0	0	6.653472222222224	-3.2	21.1
2015	3	21	0	0	5.545833333333334	-2.0	13.4
2015	3	22	0	0	4.41875	1.8	7.7
2015	3	23	0	0	7.760416666666665	-1.8	19.7
2015	3	24	0	0	7.8506944444444455	-2.9	24.1
2015	3	25	0	0	5.9430555555555555	-0.8	14.6
2015	3	26	0	0	4.983333333333333	3.5	7.3
2015	3	27	0	0	6.132638888888888	-2.7	17.7
2015	3	28	0	0	7.805555555555556	-4.3	20.1
2015	3	29	0	0	8.890277777777776	6.5	15.2
2015	3	30	0	0	9.070833333333331	6.9	14.0
2015	3	31	0	0	10.388194444444446	6.7	15.3
2015	4	1	0	0	4.579166666666667	1.5	10.8
2015	4	2	0	0	3.5298611111111113	-2.8	5.7
2015	4	3	0	0	5.721527777777777	-3.5	17.0
2015	4	4	0	0	4.834027777777778	2.0	8.3
2015	4	5	0	0	3.3229166666666674	-5.6	14.7
2015	4	6	0	0	2.653472222222223	-7.7	16.4
2015	4	7	0	0	3.7618055555555556	-7.6	16.8
2015	4	8	0	0	7.018055555555555	-7.0	22.4
2015	4	9	0	0	10.634027777777778	-3.9	26.1
2015	4	10	0	0	13.353472222222225	-2.0	28.5
2015	4	11	0	0	13.093055555555559	4.3	21.1
2015	4	12	0	0	13.584027777777779	2.0	28.4
2015	4	13	0	0	12.517361111111112	-0.1	25.4
2015	4	14	0	0	13.225694444444445	-0.7	29.5
2015	4	15	0	0	13.204166666666667	-1.6	30.4
2015	4	16	0	0	12.947222222222223	1.2	26.9
2015	4	17	0	0	11.170833333333334	7.1	13.3
2015	4	18	0	0	9.838194444444445	2.3	20.1
2015	4	19	0	0	10.303472222222224	-4.2	25.2
2015	4	20	0	0	10.650694444444445	-2.7	25.6
2015	4	21	0	0	12.084027777777779	-1.9	27.7
2015	4	22	0	0	14.234027777777778	-1.7	31.1
2015	4	23	0	0	12.988194444444447	-0.6	28.0
2015	4	24	0	0	13.031944444444443	-2.3	30.3
2015	4	25	0	0	12.543055555555554	1.8	23.6
2015	4	26	0	0	15.997916666666667	3.7	30.5
2015	4	27	0	0	15.97222222222222	4.6	32.7
2015	4	28	0	0	6.604166666666665	-2.2	11.5
2015	4	29	0	0	10.854166666666666	-2.7	26.7
2015	4	30	0	0	13.003472222222223	3.2	26.6
2015	5	1	0	0	10.876388888888888	7.7	13.9
2015	5	2	0	0	14.629861111111111	10.2	26.3
2015	5	3	0	0	14.70972222222222	11.1	18.7
2015	5	4	0	0	16.702777777777776	11.0	28.5
2015	5	5	0	0	15.90555555555556	9.5	27.2
2015	5	6	0	0	15.734027777777781	9.2	28.9
2015	5	7	0	0	14.797222222222224	2.0	29.6
2015	5	8	0	0	16.547222222222217	2.9	32.9
2015	5	9	0	0	15.359722222222222	6.1	25.5
2015	5	10	0	0	16.708333333333325	3.8	30.1
2015	5	11	0	0	18.33125	3.2	33.7
2015	5	12	0	0	20.67777777777778	6.2	33.5
2015	5	13	0	0	22.766666666666666	12.8	32.5
2015	5	14	0	0	19.249999999999996	8.9	29.5
2015	5	15	0	0	8.219444444444447	7.3	9.4
2015	5	16	0	0	14.28125	7.9	27.3
2015	5	17	0	0	16.73194444444444	6.1	29.8
2015	5	18	0	0	17.818055555555556	3.0	31.0
2015	5	19	0	0	11.402777777777777	5.6	17.9
2015	5	20	0	0	9.018055555555556	5.6	18.1
2015	5	21	0	0	9.22152777777778	4.9	21.0
2015	5	22	0	0	13.711805555555555	3.6	25.6
2015	5	23	0	0	13.707638888888892	2.7	26.7
2015	5	24	0	0	16.700694444444448	9.2	29.1
2015	5	25	0	0	14.926388888888885	10.3	29.4
2015	5	26	0	0	11.15	8.0	14.8
2015	5	27	0	0	12.848611111111111	0.9	29.6
2015	5	28	0	0	15.044444444444446	-0.7	28.9
2015	5	29	0	0	17.978472222222223	3.9	31.2
2015	5	30	0	0	16.899999999999995	7.5	27.0
2015	5	31	0	0	18.57916666666667	5.6	30.6
2015	6	1	0	0	19.728472222222223	7.8	31.1
2015	6	2	0	0	19.816666666666663	9.1	31.3
2015	6	3	0	0	21.565972222222218	7.8	35.7
2015	6	4	0	0	23.43541666666667	9.7	37.0
2015	6	5	0	0	25.369444444444444	10.4	39.5
2015	6	6	0	0	24.972916666666663	12.8	38.2
2015	6	7	0	0	25.163194444444446	13.3	37.7
2015	6	8	0	0	20.10694444444444	14.0	34.8
2015	6	9	0	0	14.153472222222222	12.6	16.4
2015	6	10	0	0	16.92222222222222	12.3	25.3
2015	6	11	0	0	21.363194444444446	8.6	34.5
2015	6	12	0	0	21.631944444444443	8.5	37.9
2015	6	13	0	0	22.02361111111111	11.6	33.6
2015	6	14	0	0	20.70625	13.5	33.2
2015	6	15	0	0	16.994444444444444	14.6	22.8
2015	6	16	0	0	17.375000000000004	11.4	27.7
2015	6	17	0	0	19.741666666666664	9.2	32.1
2015	6	18	0	0	14.902083333333332	7.1	21.9
2015	6	19	0	0	17.965277777777782	12.1	28.0
2015	6	20	0	0	14.517361111111109	11.1	26.9
2015	6	21	0	0	14.706249999999999	10.4	24.3
2015	6	22	0	0	17.027083333333334	8.1	28.5
2015	6	23	0	0	15.363888888888887	4.6	26.3
2015	6	24	0	0	17.20347222222222	2.8	30.1
2015	6	25	0	0	18.354166666666668	4.1	32.0
2015	6	26	0	0	21.14027777777778	6.7	34.8
2015	6	27	0	0	20.309027777777782	11.1	33.0
2015	6	28	0	0	22.54444444444445	10.1	34.1
2015	6	29	0	0	21.084722222222222	8.6	35.9
2015	6	30	0	0	23.643055555555552	9.5	37.4
2015	7	1	0	0	25.53333333333333	10.2	39.6
2015	7	2	0	0	27.52916666666667	12.9	41.2
2015	7	3	0	0	28.27708333333334	15.5	41.6
2015	7	4	0	0	28.293055555555558	14.4	41.7
2015	7	5	0	0	29.224305555555556	14.7	42.3
2015	7	6	0	0	27.69305555555555	16.8	39.6
2015	7	7	0	0	28.129861111111108	16.0	41.1
2015	7	8	0	0	20.79722222222222	15.8	28.5
2015	7	9	0	0	20.600694444444443	9.6	31.8
2015	7	10	0	0	20.461805555555557	6.2	34.0
2015	7	11	0	0	22.974305555555556	8.1	37.5
2015	7	12	0	0	23.788888888888888	9.8	36.0
2015	7	13	0	0	22.730555555555554	14.0	33.0
2015	7	14	0	0	24.142361111111114	11.7	35.4
2015	7	15	0	0	25.10694444444444	11.6	38.3
2015	7	16	0	0	26.26666666666667	12.1	40.4
2015	7	17	0	0	24.954166666666666	13.1	41.5
2015	7	18	0	0	23.25208333333333	14.2	35.9
2015	7	19	0	0	25.39236111111111	14.5	37.1
2015	7	20	0	0	26.686111111111106	15.1	39.9
2015	7	21	0	0	27.81805555555556	15.1	41.3
2015	7	22	0	0	25.598611111111108	14.7	42.2
2015	7	23	0	0	22.65625	15.3	35.1
2015	7	24	0	0	24.925	14.2	38.8
2015	7	25	0	0	18.82916666666667	9.3	26.6
2015	7	26	0	0	18.07916666666667	7.7	29.3
2015	7	27	0	0	20.502083333333335	12.5	29.0
2015	7	28	0	0	19.110416666666666	12.8	28.7
2015	7	29	0	0	14.679861111111114	12.4	18.0
2015	7	30	0	0	17.695833333333336	7.1	30.4
2015	7	31	0	0	18.55416666666667	4.9	32.4
2015	8	1	0	0	17.561805555555555	10.7	28.4
2015	8	2	0	0	21.425694444444446	11.2	33.9
2015	8	3	0	0	23.29166666666666	9.3	38.4
2015	8	4	0	0	20.82708333333333	11.3	32.1
2015	8	5	0	0	24.402777777777775	10.9	39.6
2015	8	6	0	0	26.318749999999994	12.7	43.1
2015	8	7	0	0	26.702083333333334	14.4	43.9
2015	8	8	0	0	28.50486111111111	15.5	40.6
2015	8	9	0	0	24.25347222222223	18.6	35.7
2015	8	10	0	0	24.254166666666663	17.9	37.2
2015	8	11	0	0	25.791666666666668	16.3	39.4
2015	8	12	0	0	25.89583333333333	14.1	41.4
2015	8	13	0	0	26.11180555555556	12.6	41.9
2015	8	14	0	0	19.26597222222222	15.6	28.8
2015	8	15	0	0	15.935416666666667	13.4	17.7
2015	8	16	0	0	15.272916666666669	10.7	24.6
2015	8	17	0	0	16.353472222222226	8.4	31.0
2015	8	18	0	0	17.302083333333332	7.6	32.5
2015	8	19	0	0	14.529166666666669	9.3	19.8
2015	8	20	0	0	17.64791666666667	6.9	32.0
2015	8	21	0	0	18.679166666666667	7.4	33.9
2015	8	22	0	0	19.46805555555555	6.7	35.3
2015	8	23	0	0	17.382638888888895	7.5	31.9
2015	8	24	0	0	16.863888888888887	13.1	31.6
2015	8	25	0	0	17.699305555555558	7.0	29.4
2015	8	26	0	0	19.502083333333328	5.1	36.9
2015	8	27	0	0	22.597916666666663	9.4	37.2
2015	8	28	0	0	24.289583333333326	13.8	37.4
2015	8	29	0	0	24.80972222222222	11.3	40.5
2015	8	30	0	0	25.075694444444448	11.9	41.7
2015	8	31	0	0	23.296527777777772	10.9	37.9
2015	9	1	0	0	17.307638888888892	13.0	27.9
2015	9	2	0	0	18.25902777777778	12.7	30.9
2015	9	3	0	0	15.598611111111111	8.9	24.7
2015	9	4	0	0	16.81458333333333	6.2	31.1
2015	9	5	0	0	13.733333333333333	9.5	24.9
2015	9	6	0	0	12.497916666666667	4.0	23.5
2015	9	7	0	0	13.124999999999998	-0.3	30.6
2015	9	8	0	0	13.800694444444447	1.1	31.7
2015	9	9	0	0	14.43472222222222	1.4	31.5
2015	9	10	0	0	12.35277777777778	1.0	28.0
2015	9	11	0	0	14.376388888888888	0.9	32.2
2015	9	12	0	0	20.2375	7.5	36.8
2015	9	13	0	0	18.3875	10.3	33.0
2015	9	14	0	0	16.118750000000002	8.9	27.4
2015	9	15	0	0	14.56388888888889	6.6	24.9
2015	9	16	0	0	16.059027777777782	9.0	32.7
2015	9	17	0	0	11.082638888888887	4.3	18.8
2015	9	18	0	0	11.270138888888889	2.2	25.8
2015	9	19	0	0	13.549305555555556	1.7	27.9
2015	9	20	0	0	14.368749999999997	3.0	30.8
2015	9	21	0	0	12.522222222222224	1.0	31.7
2015	9	22	0	0	12.387499999999998	4.3	20.6
2015	9	23	0	0	9.415972222222223	3.8	14.7
2015	9	24	0	0	11.403472222222225	1.9	29.2
2015	9	25	0	0	11.383333333333333	-0.3	27.9
2015	9	26	0	0	11.077083333333333	0.6	27.3
2015	9	27	0	0	13.055555555555552	4.6	26.1
2015	9	28	0	0	11.128472222222221	-0.3	24.5
2015	9	29	0	0	12.103472222222225	3.9	25.5
2015	9	30	0	0	9.26597222222222	0.4	22.9
2015	10	1	0	0	8.500694444444443	-2.1	25.4
2015	10	2	0	0	11.287500000000001	-0.6	32.0
2015	10	3	0	0	15.137500000000001	3.9	32.3
2015	10	4	0	0	12.953472222222224	2.6	29.1
2015	10	5	0	0	15.007638888888886	5.0	31.4
2015	10	6	0	0	13.561111111111112	8.9	25.2
2015	10	7	0	0	13.854166666666666	9.8	20.6
2015	10	8	0	0	12.07013888888889	3.2	24.0
2015	10	9	0	0	11.25138888888889	2.1	26.2
2015	10	10	0	0	10.003472222222223	1.5	13.4
2015	10	11	0	0	11.100000000000001	8.9	14.9
2015	10	12	0	0	11.555555555555552	6.6	25.6
2015	10	13	0	0	7.441666666666669	2.5	12.2
2015	10	14	0	0	7.578472222222224	0.4	21.2
2015	10	15	0	0	5.514583333333333	4.0	8.7
2015	10	16	0	0	4.0256944444444445	-2.9	9.9
2015	10	17	0	0	4.052083333333333	-3.5	10.1
2015	10	18	0	0	6.223611111111111	4.2	10.4
2015	10	19	0	0	6.79236111111111	-2.5	20.8
2015	10	20	0	0	5.821527777777779	-3.0	19.1
2015	10	21	0	0	4.815277777777777	-3.3	14.3
2015	10	22	0	0	6.8819444444444455	-3.7	16.0
2015	10	23	0	0	10.6875	7.7	17.1
2015	10	24	0	0	10.958333333333334	3.3	24.0
2015	10	25	0	0	9.95486111111111	2.4	25.8
2015	10	26	0	0	11.094444444444443	1.1	24.1
2015	10	27	0	0	9.154861111111108	7.9	12.0
2015	10	28	0	0	11.455555555555554	6.3	23.6
2015	10	29	0	0	9.930555555555557	5.5	18.6
2015	10	30	0	0	9.988888888888889	2.6	20.8
2015	10	31	0	0	10.334722222222222	8.4	17.8
2015	11	1	0	0	8.469444444444443	-0.8	20.0
2015	11	2	0	0	7.590277777777776	5.9	10.3
2015	11	3	0	0	6.390277777777778	-0.6	15.6
2015	11	4	0	0	6.308333333333334	-1.6	23.6
2015	11	5	0	0	8.095138888888888	-0.7	25.6
2015	11	6	0	0	10.115277777777779	2.9	22.9
2015	11	7	0	0	12.784027777777782	3.0	27.9
2015	11	8	0	0	10.329166666666667	1.3	28.7
2015	11	9	0	0	9.951388888888888	0.6	22.7
2015	11	10	0	0	8.033333333333333	-1.4	26.0
2015	11	11	0	0	4.283333333333332	-2.6	18.3
2015	11	12	0	0	6.349999999999999	3.2	9.2
2015	11	13	0	0	9.41388888888889	5.1	18.4
2015	11	14	0	0	7.66736111111111	0.8	14.4
2015	11	15	0	0	10.396527777777775	1.7	22.0
2015	11	16	0	0	6.990972222222222	-0.2	22.5
2015	11	17	0	0	10.213194444444447	1.8	17.0
2015	11	18	0	0	11.706250000000002	0.9	20.8
2015	11	19	0	0	13.353472222222218	9.4	18.6
2015	11	20	0	0	10.645138888888889	5.2	13.5
2015	11	21	0	0	2.840972222222223	-0.6	9.7
2015	11	22	0	0	0.7166666666666667	-4.8	8.8
2015	11	23	0	0	-1.7888888888888885	-9.2	9.7
2015	11	24	0	0	-2.556250000000001	-10.7	5.3
2015	11	25	0	0	2.019444444444445	0.0	4.4
2015	11	26	0	0	1.6125	-2.2	4.2
2015	11	27	0	0	0.35000000000000014	-3.7	3.7
2015	11	28	0	0	-0.20624999999999996	-5.8	4.1
2015	11	29	0	0	3.379861111111111	-4.6	7.7
2015	11	30	0	0	8.748611111111112	6.4	14.0
2015	12	1	0	0	6.92777777777778	-2.3	12.7
2015	12	2	0	0	0.9833333333333337	-5.2	15.8
2015	12	3	0	0	1.3500000000000003	-0.4	3.0
2015	12	4	0	0	2.406944444444444	-4.1	5.8
2015	12	5	0	0	3.2944444444444443	-1.6	6.1
2015	12	6	0	0	3.9819444444444443	-2.7	12.4
2015	12	7	0	0	0.59375	-4.3	11.3
2015	12	8	0	0	1.9611111111111112	-2.8	11.6
2015	12	9	0	0	2.768055555555557	-3.3	8.9
2015	12	10	0	0	1.4229166666666666	-0.8	3.9
2015	12	11	0	0	1.0541666666666667	-3.3	10.4
2015	12	12	0	0	1.173611111111111	-6.6	13.2
2015	12	13	0	0	-0.8263888888888887	-7.7	12.6
2015	12	14	0	0	-1.3770833333333332	-7.1	1.7
2015	12	15	0	0	0.7576388888888889	-3.9	7.1
2015	12	16	0	0	5.979861111111112	1.4	11.1
2015	12	17	0	0	5.812499999999997	-1.5	18.6
2015	12	18	0	0	4.734027777777778	-0.5	11.6
2015	12	19	0	0	2.680555555555556	-2.1	12.8
2015	12	20	0	0	2.586111111111111	-1.3	14.6
2015	12	21	0	0	5.41736111111111	-1.1	8.6
2015	12	22	0	0	4.705555555555555	-0.9	14.9
2015	12	23	0	0	5.142361111111112	-1.6	14.9
2015	12	24	0	0	3.6034722222222224	-3.2	13.9
2015	12	25	0	0	3.0416666666666665	-2.9	14.7
2015	12	26	0	0	0.8597222222222222	-4.7	13.9
2015	12	27	0	0	-0.5374999999999995	-5.8	11.9
2015	12	28	0	0	-0.9437499999999998	-4.9	2.2
2015	12	29	0	0	1.4673611111111111	-4.0	10.6
2015	12	30	0	0	0.6555555555555553	-3.6	3.3
2015	12	31	0	0	3.0298611111111113	0.7	5.4
2016	1	1	0	0	3.647222222222222	-0.3	5.8
2016	1	2	0	0	4.227083333333334	3.1	5.9
2016	1	3	0	0	3.903472222222222	0.0	10.9
2016	1	4	0	0	2.5444444444444443	-0.2	6.5
2016	1	5	0	0	4.266666666666667	0.6	12.4
2016	1	6	0	0	3.616666666666667	0.3	8.7
2016	1	7	0	0	2.4777777777777774	-0.5	5.7
2016	1	8	0	0	2.9402777777777778	-0.9	7.0
2016	1	9	0	0	4.42986111111111	-0.6	7.7
2016	1	10	0	0	4.127777777777777	0.7	5.5
2016	1	11	0	0	4.521527777777777	3.0	7.8
2016	1	12	0	0	3.440277777777778	1.1	6.2
2016	1	13	0	0	0.7874999999999998	-5.1	2.8
2016	1	14	0	0	-2.0027777777777778	-6.8	1.9
2016	1	15	0	0	-0.3743055555555555	-2.2	1.1
2016	1	16	0	0	-0.5861111111111111	-3.5	3.0
2016	1	17	0	0	-4.675694444444445	-14.3	3.2
2016	1	18	0	0	-8.904861111111112	-16.0	2.4
2016	1	19	0	0	-2.402083333333333	-6.6	0.6
2016	1	20	0	0	-0.5055555555555555	-5.3	5.5
2016	1	21	0	0	-3.4069444444444446	-9.4	4.6
2016	1	22	0	0	-1.426388888888889	-6.9	6.2
2016	1	23	0	0	1.542361111111111	-5.1	12.9
2016	1	24	0	0	1.4826388888888886	-4.0	6.6
2016	1	25	0	0	2.3736111111111104	-4.2	16.0
2016	1	26	0	0	2.285416666666667	-3.4	16.7
2016	1	27	0	0	3.5631944444444446	-3.5	15.1
2016	1	28	0	0	6.95625	0.2	13.0
2016	1	29	0	0	6.861111111111112	1.7	14.4
2016	1	30	0	0	5.006944444444444	-3.3	14.8
2016	1	31	0	0	6.166666666666665	2.5	9.9
2016	2	1	0	0	10.347222222222223	4.8	15.8
2016	2	2	0	0	8.579861111111112	4.5	15.2
2016	2	3	0	0	3.6604166666666664	-2.0	9.0
2016	2	4	0	0	2.0076388888888896	-0.2	4.8
2016	2	5	0	0	4.495833333333334	-3.3	16.4
2016	2	6	0	0	2.2451388888888886	-3.2	17.0
2016	2	7	0	0	2.127083333333333	-2.7	8.7
2016	2	8	0	0	6.461111111111111	-1.7	14.6
2016	2	9	0	0	5.857638888888888	0.5	8.7
2016	2	10	0	0	1.3993055555555556	-0.2	4.3
2016	2	11	0	0	2.3173611111111114	-1.7	11.6
2016	2	12	0	0	2.9979166666666663	-0.8	10.3
2016	2	13	0	0	4.908333333333333	1.2	14.0
2016	2	14	0	0	4.122916666666666	1.8	7.9
2016	2	15	0	0	1.5819444444444446	-1.4	4.2
2016	2	16	0	0	1.7256944444444444	0.4	2.8
2016	2	17	0	0	1.9055555555555557	0.0	4.5
2016	2	18	0	0	2.775694444444444	-2.8	15.2
2016	2	19	0	0	1.8166666666666667	-3.7	8.4
2016	2	20	0	0	1.7118055555555556	-4.8	6.4
2016	2	21	0	0	9.730555555555556	-0.4	18.9
2016	2	22	0	0	8.725694444444445	-1.3	19.6
2016	2	23	0	0	4.951388888888888	-3.5	9.0
2016	2	24	0	0	1.2381944444444446	-4.4	9.3
2016	2	25	0	0	0.6749999999999999	-0.2	3.0
2016	2	26	0	0	1.720833333333333	-5.0	11.2
2016	2	27	0	0	0.5791666666666668	-5.8	11.5
2016	2	28	0	0	3.6368055555555556	-0.4	10.7
2016	2	29	0	0	1.5583333333333333	0.0	3.1
2016	3	1	0	0	1.9520833333333332	-0.5	9.3
2016	3	2	0	0	3.2743055555555554	-0.9	10.6
2016	3	3	0	0	0.6368055555555556	-5.2	4.7
2016	3	4	0	0	1.3256944444444445	-5.4	9.1
2016	3	5	0	0	1.2131944444444442	-1.9	3.5
2016	3	6	0	0	1.8166666666666667	-2.4	9.9
2016	3	7	0	0	2.399305555555555	-4.9	13.3
2016	3	8	0	0	0.5743055555555555	-3.0	5.8
2016	3	9	0	0	1.9423611111111112	-5.4	12.8
2016	3	10	0	0	2.44375	-7.2	15.2
2016	3	11	0	0	5.231944444444444	-2.6	12.7
2016	3	12	0	0	4.728472222222221	3.2	7.4
2016	3	13	0	0	5.134722222222222	3.3	10.3
2016	3	14	0	0	3.917361111111111	-4.6	6.7
2016	3	15	0	0	1.6166666666666665	-6.3	15.8
2016	3	16	0	0	3.4847222222222225	-2.1	11.8
2016	3	17	0	0	3.8333333333333335	-5.6	19.0
2016	3	18	0	0	5.674999999999998	-6.1	21.6
2016	3	19	0	0	7.355555555555555	-5.9	22.8
2016	3	20	0	0	5.793749999999999	-3.4	18.1
2016	3	21	0	0	3.9034722222222205	-3.7	15.5
2016	3	22	0	0	5.342361111111111	-5.4	18.1
2016	3	23	0	0	3.7375000000000003	-5.6	16.4
2016	3	24	0	0	6.431250000000002	-1.3	19.7
2016	3	25	0	0	5.243055555555556	1.8	9.6
2016	3	26	0	0	10.233333333333333	-0.7	22.8
2016	3	27	0	0	4.7652777777777775	-2.0	14.1
2016	3	28	0	0	8.503472222222223	-2.9	20.1
2016	3	29	0	0	10.752777777777778	6.1	19.4
2016	3	30	0	0	12.481944444444444	5.6	25.6
2016	3	31	0	0	12.99722222222222	0.3	28.7
2016	4	1	0	0	11.640972222222219	3.5	23.1
2016	4	2	0	0	10.488888888888889	2.6	22.0
2016	4	3	0	0	14.819444444444443	6.3	29.6
2016	4	4	0	0	14.102083333333333	2.8	26.0
2016	4	5	0	0	12.796527777777776	2.9	24.8
2016	4	6	0	0	11.174305555555556	1.9	22.9
2016	4	7	0	0	6.60486111111111	0.2	16.1
2016	4	8	0	0	6.00972222222222	4.2	11.8
2016	4	9	0	0	6.401388888888889	3.2	9.5
2016	4	10	0	0	11.861805555555557	-0.4	24.2
2016	4	11	0	0	11.257638888888891	-2.4	28.1
2016	4	12	0	0	14.147916666666665	2.0	27.7
2016	4	13	0	0	9.531250000000002	5.9	20.4
2016	4	14	0	0	10.309722222222222	2.1	24.3
2016	4	15	0	0	10.16388888888889	5.5	21.8
2016	4	16	0	0	10.884722222222221	3.8	25.0
2016	4	17	0	0	9.266666666666667	4.6	18.4
2016	4	18	0	0	4.636111111111112	3.3	6.3
2016	4	19	0	0	9.831249999999999	-2.1	26.8
2016	4	20	0	0	10.811805555555557	-3.8	23.7
2016	4	21	0	0	13.043055555555556	-1.0	28.6
2016	4	22	0	0	15.044444444444444	3.2	27.7
2016	4	23	0	0	9.111111111111112	3.2	15.0
2016	4	24	0	0	5.354166666666667	1.1	14.0
2016	4	25	0	0	5.117361111111111	0.1	12.6
2016	4	26	0	0	5.198611111111112	1.6	10.4
2016	4	27	0	0	3.81875	-5.3	15.1
2016	4	28	0	0	7.626388888888889	-7.0	20.8
2016	4	29	0	0	9.784027777777778	-4.6	23.2
2016	4	30	0	0	10.690277777777775	-2.3	26.1
2016	5	1	0	0	5.927083333333332	4.7	8.6
2016	5	2	0	0	11.012499999999998	2.8	24.5
2016	5	3	0	0	9.978472222222221	0.1	21.1
2016	5	4	0	0	10.496527777777777	-1.1	24.1
2016	5	5	0	0	11.781944444444447	-3.0	26.2
2016	5	6	0	0	15.052777777777779	-1.5	30.8
2016	5	7	0	0	14.778472222222218	0.6	31.3
2016	5	8	0	0	15.449305555555556	0.3	30.7
2016	5	9	0	0	16.623611111111114	2.2	32.8
2016	5	10	0	0	18.227083333333333	8.2	32.2
2016	5	11	0	0	16.010416666666668	6.7	27.2
2016	5	12	0	0	10.6375	8.1	13.1
2016	5	13	0	0	10.844444444444443	8.2	13.4
2016	5	14	0	0	11.940277777777778	4.4	24.1
2016	5	15	0	0	10.124305555555553	4.7	20.2
2016	5	16	0	0	8.866666666666665	-0.4	23.2
2016	5	17	0	0	12.815277777777778	4.4	25.9
2016	5	18	0	0	15.136111111111111	-0.7	29.8
2016	5	19	0	0	9.83194444444444	0.2	19.5
2016	5	20	0	0	13.270833333333329	-1.1	28.6
2016	5	21	0	0	17.17083333333333	2.7	31.5
2016	5	22	0	0	18.67083333333333	5.3	34.1
2016	5	23	0	0	8.267361111111112	5.9	10.7
2016	5	24	0	0	12.410416666666663	7.2	25.0
2016	5	25	0	0	14.960416666666665	1.8	29.8
2016	5	26	0	0	20.51458333333333	5.8	34.5
2016	5	27	0	0	21.247916666666665	8.7	35.2
2016	5	28	0	0	19.73263888888889	13.4	31.5
2016	5	29	0	0	14.938888888888888	12.3	19.0
2016	5	30	0	0	15.377083333333331	8.2	24.9
2016	5	31	0	0	15.543749999999996	5.0	25.5
2016	6	1	0	0	16.679166666666667	11.7	31.5
2016	6	2	0	0	16.88958333333333	12.3	28.3
2016	6	3	0	0	16.459722222222222	12.4	26.9
2016	6	4	0	0	15.96111111111111	11.2	28.5
2016	6	5	0	0	17.341666666666672	12.3	32.3
2016	6	6	0	0	20.134722222222226	8.0	33.4
2016	6	7	0	0	20.009027777777778	9.0	35.4
2016	6	8	0	0	14.489583333333329	10.5	16.9
2016	6	9	0	0	17.56319444444444	6.8	32.8
2016	6	10	0	0	19.82569444444444	5.2	34.1
2016	6	11	0	0	16.924305555555556	12.9	28.1
2016	6	12	0	0	15.131250000000003	11.2	21.9
2016	6	13	0	0	14.596527777777778	11.9	26.3
2016	6	14	0	0	15.125694444444443	10.1	22.8
2016	6	15	0	0	15.359027777777778	8.9	32.4
2016	6	16	0	0	13.28125	9.7	18.3
2016	6	17	0	0	16.025694444444444	7.2	29.5
2016	6	18	0	0	15.76180555555556	6.8	30.6
2016	6	19	0	0	14.568055555555555	8.2	27.0
2016	6	20	0	0	19.493055555555554	8.6	32.6
2016	6	21	0	0	18.019444444444442	12.6	26.2
2016	6	22	0	0	25.777083333333334	14.0	37.7
2016	6	23	0	0	26.906944444444445	12.1	41.1
2016	6	24	0	0	26.434027777777782	14.4	40.2
2016	6	25	0	0	18.972916666666666	14.1	30.3
2016	6	26	0	0	17.953472222222228	13.2	30.5
2016	6	27	0	0	19.949305555555558	9.9	31.0
2016	6	28	0	0	22.099305555555556	9.7	34.4
2016	6	29	0	0	22.264583333333334	12.1	34.5
2016	6	30	0	0	20.58263888888889	13.9	32.4
2016	7	1	0	0	22.850694444444443	12.1	36.5
2016	7	2	0	0	15.600694444444443	12.8	19.4
2016	7	3	0	0	18.921527777777772	9.4	31.4
2016	7	4	0	0	21.029166666666665	7.0	34.9
2016	7	5	0	0	21.25	9.3	33.7
2016	7	6	0	0	21.481944444444448	9.8	31.7
2016	7	7	0	0	21.38680555555555	7.5	34.9
2016	7	8	0	0	22.71319444444445	9.1	35.6
2016	7	9	0	0	23.99930555555555	12.9	34.9
2016	7	10	0	0	25.70833333333333	11.3	39.5
2016	7	11	0	0	23.845138888888883	16.0	34.8
2016	7	12	0	0	16.734722222222224	13.6	20.6
2016	7	13	0	0	13.447916666666664	9.2	20.3
2016	7	14	0	0	12.393749999999999	5.4	25.5
2016	7	15	0	0	13.858333333333333	5.0	27.2
2016	7	16	0	0	16.37291666666667	3.6	30.6
2016	7	17	0	0	21.363888888888894	5.9	35.0
2016	7	18	0	0	24.122222222222216	10.1	38.8
2016	7	19	0	0	24.815972222222225	11.7	38.1
2016	7	20	0	0	25.993055555555546	10.7	40.0
2016	7	21	0	0	24.521527777777777	17.5	37.2
2016	7	22	0	0	20.903472222222224	14.1	30.3
2016	7	23	0	0	22.304861111111112	14.7	32.5
2016	7	24	0	0	24.174999999999997	14.3	37.0
2016	7	25	0	0	21.728472222222223	13.6	34.3
2016	7	26	0	0	24.08819444444444	13.7	36.1
2016	7	27	0	0	21.34930555555556	12.1	32.7
2016	7	28	0	0	21.01736111111111	10.5	35.2
2016	7	29	0	0	23.231944444444448	13.6	34.8
2016	7	30	0	0	23.451388888888886	11.9	36.1
2016	7	31	0	0	18.532638888888886	14.2	26.5
2016	8	1	0	0	20.197916666666664	10.1	32.9
2016	8	2	0	0	18.849305555555553	10.9	29.0
2016	8	3	0	0	22.08611111111111	11.0	35.7
2016	8	4	0	0	21.532638888888894	10.0	36.7
2016	8	5	0	0	16.42638888888889	10.6	25.6
2016	8	6	0	0	19.558333333333334	7.6	33.4
2016	8	7	0	0	20.008333333333336	7.7	33.6
2016	8	8	0	0	21.131249999999998	7.2	34.6
2016	8	9	0	0	15.30347222222222	11.5	19.8
2016	8	10	0	0	16.165277777777778	7.8	28.5
2016	8	11	0	0	16.39236111111111	4.6	29.4
2016	8	12	0	0	18.220138888888886	9.0	31.1
2016	8	13	0	0	20.768055555555556	7.4	34.4
2016	8	14	0	0	22.54375	10.1	38.0
2016	8	15	0	0	22.950694444444448	12.0	36.1
2016	8	16	0	0	23.71944444444445	11.4	36.9
2016	8	17	0	0	21.82847222222222	11.8	34.7
2016	8	18	0	0	17.493750000000002	10.4	28.1
2016	8	19	0	0	21.66736111111111	14.4	33.2
2016	8	20	0	0	17.645833333333336	12.6	24.8
2016	8	21	0	0	16.246527777777782	7.0	26.9
2016	8	22	0	0	17.818055555555556	5.1	30.8
2016	8	23	0	0	19.98680555555556	7.6	33.7
2016	8	24	0	0	21.993750000000006	9.0	36.0
2016	8	25	0	0	23.490277777777777	9.9	38.7
2016	8	26	0	0	25.043055555555554	12.8	40.9
2016	8	27	0	0	24.64513888888889	11.5	39.5
2016	8	28	0	0	25.566666666666666	14.9	37.8
2016	8	29	0	0	19.380555555555556	16.1	27.2
2016	8	30	0	0	19.861805555555556	10.4	31.7
2016	8	31	0	0	22.175694444444446	9.3	35.5
2016	9	1	0	0	21.729166666666668	10.6	35.4
2016	9	2	0	0	19.943055555555553	8.1	36.1
2016	9	3	0	0	18.868750000000002	8.8	36.0
2016	9	4	0	0	16.769444444444446	9.1	28.2
2016	9	5	0	0	14.577777777777776	6.8	25.9
2016	9	6	0	0	18.495833333333334	9.1	30.4
2016	9	7	0	0	18.221527777777776	6.0	32.4
2016	9	8	0	0	19.544444444444444	7.8	35.5
2016	9	9	0	0	20.2125	9.0	34.5
2016	9	10	0	0	20.204166666666673	9.0	35.5
2016	9	11	0	0	20.88611111111111	9.8	35.4
2016	9	12	0	0	21.406250000000004	9.2	36.9
2016	9	13	0	0	20.89791666666667	10.3	35.5
2016	9	14	0	0	20.543055555555558	9.5	35.4
2016	9	15	0	0	16.1125	8.7	28.5
2016	9	16	0	0	15.731250000000003	11.9	25.2
2016	9	17	0	0	15.595138888888892	12.0	24.9
2016	9	18	0	0	13.695833333333335	11.5	18.3
2016	9	19	0	0	13.993055555555552	8.0	25.3
2016	9	20	0	0	14.077777777777776	4.9	25.2
2016	9	21	0	0	11.086805555555552	3.2	25.7
2016	9	22	0	0	11.293750000000001	1.5	26.3
2016	9	23	0	0	12.757638888888891	4.6	25.4
2016	9	24	0	0	13.427777777777777	3.3	28.5
2016	9	25	0	0	14.852777777777776	4.3	31.0
2016	9	26	0	0	15.614583333333334	5.4	29.3
2016	9	27	0	0	15.362499999999997	5.1	28.9
2016	9	28	0	0	14.00763888888889	4.0	29.0
2016	9	29	0	0	14.694444444444443	4.6	28.7
2016	9	30	0	0	15.980555555555556	7.1	29.1
2016	10	1	0	0	14.089583333333332	6.5	26.7
2016	10	2	0	0	11.447222222222221	2.0	20.5
2016	10	3	0	0	10.353472222222221	1.4	24.3
2016	10	4	0	0	11.361111111111109	1.2	22.7
2016	10	5	0	0	8.638888888888891	1.4	18.8
2016	10	6	0	0	7.9736111111111105	-0.8	17.9
2016	10	7	0	0	7.613888888888888	-1.3	18.6
2016	10	8	0	0	7.291666666666665	-0.4	13.9
2016	10	9	0	0	5.438888888888889	-1.6	19.5
2016	10	10	0	0	6.94861111111111	-1.8	17.3
2016	10	11	0	0	6.872222222222221	0.3	19.8
2016	10	12	0	0	4.411805555555554	-4.2	18.9
2016	10	13	0	0	5.375	-4.3	14.6
2016	10	14	0	0	6.831250000000001	0.9	17.0
2016	10	15	0	0	9.280555555555557	0.9	24.1
2016	10	16	0	0	8.628472222222223	3.7	19.5
2016	10	17	0	0	10.1875	4.7	14.4
2016	10	18	0	0	11.03888888888889	4.6	18.2
2016	10	19	0	0	7.218055555555556	2.2	11.8
2016	10	20	0	0	6.7	-0.6	15.5
2016	10	21	0	0	6.013888888888889	1.8	12.6
2016	10	22	0	0	3.8000000000000003	-3.5	16.2
2016	10	23	0	0	6.0569444444444445	-1.3	10.1
2016	10	24	0	0	9.658333333333333	2.5	21.1
2016	10	25	0	0	12.621527777777779	9.7	14.6
2016	10	26	0	0	10.377083333333337	2.4	14.7
2016	10	27	0	0	6.656944444444445	-0.6	20.4
2016	10	28	0	0	6.691666666666667	-0.8	16.8
2016	10	29	0	0	6.830555555555555	1.0	16.9
2016	10	30	0	0	6.560416666666666	-0.2	18.7
2016	10	31	0	0	5.365277777777778	-0.5	9.6
2016	11	1	0	0	8.248611111111112	2.7	18.1
2016	11	2	0	0	7.953472222222223	0.8	15.8
2016	11	3	0	0	4.472222222222222	-5.1	15.6
2016	11	4	0	0	4.034027777777777	-6.1	17.9
2016	11	5	0	0	9.190972222222223	7.3	15.2
2016	11	6	0	0	4.654166666666667	3.5	7.4
2016	11	7	0	0	1.1465277777777778	-5.1	5.8
2016	11	8	0	0	0.803472222222222	-2.9	4.5
2016	11	9	0	0	1.6444444444444446	-5.6	6.7
2016	11	10	0	0	4.854166666666667	3.0	7.6
2016	11	11	0	0	3.834722222222222	2.6	6.6
2016	11	12	0	0	1.2451388888888888	-5.8	9.2
2016	11	13	0	0	1.2027777777777777	-5.1	6.6
2016	11	14	0	0	1.6465277777777774	0.1	4.4
2016	11	15	0	0	4.834722222222223	0.5	12.4
2016	11	16	0	0	6.788888888888889	4.7	12.0
2016	11	17	0	0	7.8659722222222195	2.6	15.3
2016	11	18	0	0	7.481249999999999	1.6	10.9
2016	11	19	0	0	4.044444444444444	-2.5	9.7
2016	11	20	0	0	1.8451388888888882	-3.1	15.1
2016	11	21	0	0	4.111805555555555	-3.0	11.8
2016	11	22	0	0	6.335416666666666	-0.1	14.5
2016	11	23	0	0	5.526388888888889	-0.4	12.1
2016	11	24	0	0	4.311111111111111	-1.3	9.0
2016	11	25	0	0	5.936111111111111	5.3	7.3
2016	11	26	0	0	6.577777777777778	4.8	9.7
2016	11	27	0	0	6.420833333333334	4.6	8.7
2016	11	28	0	0	1.4777777777777779	-3.2	7.0
2016	11	29	0	0	-3.8652777777777776	-9.8	6.0
2016	11	30	0	0	-3.559027777777778	-10.3	7.8
2016	12	1	0	0	-3.079166666666667	-8.5	10.3
2016	12	2	0	0	-1.8381944444444445	-9.9	10.8
2016	12	3	0	0	0.9298611111111114	-4.4	5.8
2016	12	4	0	0	-0.29930555555555555	-7.3	8.3
2016	12	5	0	0	-0.41458333333333336	-4.0	6.4
2016	12	6	0	0	-0.13819444444444437	-5.3	8.1
2016	12	7	0	0	-1.229861111111111	-2.1	0.1
2016	12	8	0	0	-0.8270833333333331	-7.5	9.8
2016	12	9	0	0	-2.7638888888888893	-9.4	11.1
2016	12	10	0	0	-2.9277777777777776	-8.5	11.2
2016	12	11	0	0	-1.438888888888888	-9.4	4.0
2016	12	12	0	0	-1.145833333333333	-7.0	9.6
2016	12	13	0	0	-1.2187499999999998	-5.5	1.9
2016	12	14	0	0	-0.6569444444444444	-3.2	3.2
2016	12	15	0	0	-1.3944444444444442	-2.8	-0.4
2016	12	16	0	0	-0.33541666666666664	-1.1	1.2
2016	12	17	0	0	-0.18402777777777787	-1.4	2.2
2016	12	18	0	0	0.3069444444444444	-1.9	4.5
2016	12	19	0	0	0.6868055555555556	-4.3	6.3
2016	12	20	0	0	-1.0527777777777778	-4.9	5.8
2016	12	21	0	0	-0.8784722222222223	-6.3	1.4
2016	12	22	0	0	0.09513888888888888	-4.4	6.4
2016	12	23	0	0	2.940972222222222	-0.6	6.0
2016	12	24	0	0	4.868749999999999	1.8	8.0
2016	12	25	0	0	4.902777777777778	-2.6	11.6
2016	12	26	0	0	2.8166666666666664	-4.5	9.5
2016	12	27	0	0	0.7180555555555554	-8.1	10.6
2016	12	28	0	0	-3.6166666666666667	-9.8	7.7
2016	12	29	0	0	-1.9243055555555557	-7.9	5.7
2016	12	30	0	0	-0.7006944444444444	-1.5	1.2
