YYYY	MM	DD	hh	mm	TA	TA_min	TA_max
2016	1	1	0	0	3.647222222222222	-0.3	5.8
2016	1	2	0	0	4.227083333333334	3.1	5.9
2016	1	3	0	0	3.903472222222222	0.0	10.9
2016	1	4	0	0	2.5444444444444443	-0.2	6.5
2016	1	5	0	0	4.266666666666667	0.6	12.4
2016	1	6	0	0	3.616666666666667	0.3	8.7
2016	1	7	0	0	2.4777777777777774	-0.5	5.7
2016	1	8	0	0	2.9402777777777778	-0.9	7.0
2016	1	9	0	0	4.42986111111111	-0.6	7.7
2016	1	10	0	0	4.127777777777777	0.7	5.5
2016	1	11	0	0	4.521527777777777	3.0	7.8
2016	1	12	0	0	3.440277777777778	1.1	6.2
2016	1	13	0	0	0.7874999999999998	-5.1	2.8
2016	1	14	0	0	-2.0027777777777778	-6.8	1.9
2016	1	15	0	0	-0.3743055555555555	-2.2	1.1
2016	1	16	0	0	-0.5861111111111111	-3.5	3.0
2016	1	17	0	0	-4.675694444444445	-14.3	3.2
2016	1	18	0	0	-8.904861111111112	-16.0	2.4
2016	1	19	0	0	-2.402083333333333	-6.6	0.6
2016	1	20	0	0	-0.5055555555555555	-5.3	5.5
2016	1	21	0	0	-3.4069444444444446	-9.4	4.6
2016	1	22	0	0	-1.426388888888889	-6.9	6.2
2016	1	23	0	0	1.542361111111111	-5.1	12.9
2016	1	24	0	0	1.4826388888888886	-4.0	6.6
2016	1	25	0	0	2.3736111111111104	-4.2	16.0
2016	1	26	0	0	2.285416666666667	-3.4	16.7
2016	1	27	0	0	3.5631944444444446	-3.5	15.1
2016	1	28	0	0	6.95625	0.2	13.0
2016	1	29	0	0	6.861111111111112	1.7	14.4
2016	1	30	0	0	5.006944444444444	-3.3	14.8
2016	1	31	0	0	6.166666666666665	2.5	9.9
2016	2	1	0	0	10.347222222222223	4.8	15.8
2016	2	2	0	0	8.579861111111112	4.5	15.2
2016	2	3	0	0	3.6604166666666664	-2.0	9.0
2016	2	4	0	0	2.0076388888888896	-0.2	4.8
2016	2	5	0	0	4.495833333333334	-3.3	16.4
2016	2	6	0	0	2.2451388888888886	-3.2	17.0
2016	2	7	0	0	2.127083333333333	-2.7	8.7
2016	2	8	0	0	6.461111111111111	-1.7	14.6
2016	2	9	0	0	5.857638888888888	0.5	8.7
2016	2	10	0	0	1.3993055555555556	-0.2	4.3
2016	2	11	0	0	2.3173611111111114	-1.7	11.6
2016	2	12	0	0	2.9979166666666663	-0.8	10.3
2016	2	13	0	0	4.908333333333333	1.2	14.0
2016	2	14	0	0	4.122916666666666	1.8	7.9
2016	2	15	0	0	1.5819444444444446	-1.4	4.2
2016	2	16	0	0	1.7256944444444444	0.4	2.8
2016	2	17	0	0	1.9055555555555557	0.0	4.5
2016	2	18	0	0	2.775694444444444	-2.8	15.2
2016	2	19	0	0	1.8166666666666667	-3.7	8.4
2016	2	20	0	0	1.7118055555555556	-4.8	6.4
2016	2	21	0	0	9.730555555555556	-0.4	18.9
2016	2	22	0	0	8.725694444444445	-1.3	19.6
2016	2	23	0	0	4.951388888888888	-3.5	9.0
2016	2	24	0	0	1.2381944444444446	-4.4	9.3
2016	2	25	0	0	0.6749999999999999	-0.2	3.0
2016	2	26	0	0	1.720833333333333	-5.0	11.2
2016	2	27	0	0	0.5791666666666668	-5.8	11.5
2016	2	28	0	0	3.6368055555555556	-0.4	10.7
2016	2	29	0	0	1.5583333333333333	0.0	3.1
2016	3	1	0	0	1.9520833333333332	-0.5	9.3
2016	3	2	0	0	3.2743055555555554	-0.9	10.6
2016	3	3	0	0	0.6368055555555556	-5.2	4.7
2016	3	4	0	0	1.3256944444444445	-5.4	9.1
2016	3	5	0	0	1.2131944444444442	-1.9	3.5
2016	3	6	0	0	1.8166666666666667	-2.4	9.9
2016	3	7	0	0	2.399305555555555	-4.9	13.3
2016	3	8	0	0	0.5743055555555555	-3.0	5.8
2016	3	9	0	0	1.9423611111111112	-5.4	12.8
2016	3	10	0	0	2.44375	-7.2	15.2
2016	3	11	0	0	5.231944444444444	-2.6	12.7
2016	3	12	0	0	4.728472222222221	3.2	7.4
2016	3	13	0	0	5.134722222222222	3.3	10.3
2016	3	14	0	0	3.917361111111111	-4.6	6.7
2016	3	15	0	0	1.6166666666666665	-6.3	15.8
2016	3	16	0	0	3.4847222222222225	-2.1	11.8
2016	3	17	0	0	3.8333333333333335	-5.6	19.0
2016	3	18	0	0	5.674999999999998	-6.1	21.6
2016	3	19	0	0	7.355555555555555	-5.9	22.8
2016	3	20	0	0	5.793749999999999	-3.4	18.1
2016	3	21	0	0	3.9034722222222205	-3.7	15.5
2016	3	22	0	0	5.342361111111111	-5.4	18.1
2016	3	23	0	0	3.7375000000000003	-5.6	16.4
2016	3	24	0	0	6.431250000000002	-1.3	19.7
2016	3	25	0	0	5.243055555555556	1.8	9.6
2016	3	26	0	0	10.233333333333333	-0.7	22.8
2016	3	27	0	0	4.7652777777777775	-2.0	14.1
2016	3	28	0	0	8.503472222222223	-2.9	20.1
2016	3	29	0	0	10.752777777777778	6.1	19.4
2016	3	30	0	0	12.481944444444444	5.6	25.6
2016	3	31	0	0	12.99722222222222	0.3	28.7
2016	4	1	0	0	11.640972222222219	3.5	23.1
2016	4	2	0	0	10.488888888888889	2.6	22.0
2016	4	3	0	0	14.819444444444443	6.3	29.6
2016	4	4	0	0	14.102083333333333	2.8	26.0
2016	4	5	0	0	12.796527777777776	2.9	24.8
2016	4	6	0	0	11.174305555555556	1.9	22.9
2016	4	7	0	0	6.60486111111111	0.2	16.1
2016	4	8	0	0	6.00972222222222	4.2	11.8
2016	4	9	0	0	6.401388888888889	3.2	9.5
2016	4	10	0	0	11.861805555555557	-0.4	24.2
2016	4	11	0	0	11.257638888888891	-2.4	28.1
2016	4	12	0	0	14.147916666666665	2.0	27.7
2016	4	13	0	0	9.531250000000002	5.9	20.4
2016	4	14	0	0	10.309722222222222	2.1	24.3
2016	4	15	0	0	10.16388888888889	5.5	21.8
2016	4	16	0	0	10.884722222222221	3.8	25.0
2016	4	17	0	0	9.266666666666667	4.6	18.4
2016	4	18	0	0	4.636111111111112	3.3	6.3
2016	4	19	0	0	9.831249999999999	-2.1	26.8
2016	4	20	0	0	10.811805555555557	-3.8	23.7
2016	4	21	0	0	13.043055555555556	-1.0	28.6
2016	4	22	0	0	15.044444444444444	3.2	27.7
2016	4	23	0	0	9.111111111111112	3.2	15.0
2016	4	24	0	0	5.354166666666667	1.1	14.0
2016	4	25	0	0	5.117361111111111	0.1	12.6
2016	4	26	0	0	5.198611111111112	1.6	10.4
2016	4	27	0	0	3.81875	-5.3	15.1
2016	4	28	0	0	7.626388888888889	-7.0	20.8
2016	4	29	0	0	9.784027777777778	-4.6	23.2
2016	4	30	0	0	10.690277777777775	-2.3	26.1
2016	5	1	0	0	5.927083333333332	4.7	8.6
2016	5	2	0	0	11.012499999999998	2.8	24.5
2016	5	3	0	0	9.978472222222221	0.1	21.1
2016	5	4	0	0	10.496527777777777	-1.1	24.1
2016	5	5	0	0	11.781944444444447	-3.0	26.2
2016	5	6	0	0	15.052777777777779	-1.5	30.8
2016	5	7	0	0	14.778472222222218	0.6	31.3
2016	5	8	0	0	15.449305555555556	0.3	30.7
2016	5	9	0	0	16.623611111111114	2.2	32.8
2016	5	10	0	0	18.227083333333333	8.2	32.2
2016	5	11	0	0	16.010416666666668	6.7	27.2
2016	5	12	0	0	10.6375	8.1	13.1
2016	5	13	0	0	10.844444444444443	8.2	13.4
2016	5	14	0	0	11.940277777777778	4.4	24.1
2016	5	15	0	0	10.124305555555553	4.7	20.2
2016	5	16	0	0	8.866666666666665	-0.4	23.2
2016	5	17	0	0	12.815277777777778	4.4	25.9
2016	5	18	0	0	15.136111111111111	-0.7	29.8
2016	5	19	0	0	9.83194444444444	0.2	19.5
2016	5	20	0	0	13.270833333333329	-1.1	28.6
2016	5	21	0	0	17.17083333333333	2.7	31.5
2016	5	22	0	0	18.67083333333333	5.3	34.1
2016	5	23	0	0	8.267361111111112	5.9	10.7
2016	5	24	0	0	12.410416666666663	7.2	25.0
2016	5	25	0	0	14.960416666666665	1.8	29.8
2016	5	26	0	0	20.51458333333333	5.8	34.5
2016	5	27	0	0	21.247916666666665	8.7	35.2
2016	5	28	0	0	19.73263888888889	13.4	31.5
2016	5	29	0	0	14.938888888888888	12.3	19.0
2016	5	30	0	0	15.377083333333331	8.2	24.9
2016	5	31	0	0	15.543749999999996	5.0	25.5
2016	6	1	0	0	16.679166666666667	11.7	31.5
2016	6	2	0	0	16.88958333333333	12.3	28.3
2016	6	3	0	0	16.459722222222222	12.4	26.9
2016	6	4	0	0	15.96111111111111	11.2	28.5
2016	6	5	0	0	17.341666666666672	12.3	32.3
2016	6	6	0	0	20.134722222222226	8.0	33.4
2016	6	7	0	0	20.009027777777778	9.0	35.4
2016	6	8	0	0	14.489583333333329	10.5	16.9
2016	6	9	0	0	17.56319444444444	6.8	32.8
2016	6	10	0	0	19.82569444444444	5.2	34.1
2016	6	11	0	0	16.924305555555556	12.9	28.1
2016	6	12	0	0	15.131250000000003	11.2	21.9
2016	6	13	0	0	14.596527777777778	11.9	26.3
2016	6	14	0	0	15.125694444444443	10.1	22.8
2016	6	15	0	0	15.359027777777778	8.9	32.4
2016	6	16	0	0	13.28125	9.7	18.3
2016	6	17	0	0	16.025694444444444	7.2	29.5
2016	6	18	0	0	15.76180555555556	6.8	30.6
2016	6	19	0	0	14.568055555555555	8.2	27.0
2016	6	20	0	0	19.493055555555554	8.6	32.6
2016	6	21	0	0	18.019444444444442	12.6	26.2
2016	6	22	0	0	25.777083333333334	14.0	37.7
2016	6	23	0	0	26.906944444444445	12.1	41.1
2016	6	24	0	0	26.434027777777782	14.4	40.2
2016	6	25	0	0	18.972916666666666	14.1	30.3
2016	6	26	0	0	17.953472222222228	13.2	30.5
2016	6	27	0	0	19.949305555555558	9.9	31.0
2016	6	28	0	0	22.099305555555556	9.7	34.4
2016	6	29	0	0	22.264583333333334	12.1	34.5
2016	6	30	0	0	20.58263888888889	13.9	32.4
2016	7	1	0	0	22.850694444444443	12.1	36.5
2016	7	2	0	0	15.600694444444443	12.8	19.4
2016	7	3	0	0	18.921527777777772	9.4	31.4
2016	7	4	0	0	21.029166666666665	7.0	34.9
2016	7	5	0	0	21.25	9.3	33.7
2016	7	6	0	0	21.481944444444448	9.8	31.7
2016	7	7	0	0	21.38680555555555	7.5	34.9
2016	7	8	0	0	22.71319444444445	9.1	35.6
2016	7	9	0	0	23.99930555555555	12.9	34.9
2016	7	10	0	0	25.70833333333333	11.3	39.5
2016	7	11	0	0	23.845138888888883	16.0	34.8
2016	7	12	0	0	16.734722222222224	13.6	20.6
2016	7	13	0	0	13.447916666666664	9.2	20.3
2016	7	14	0	0	12.393749999999999	5.4	25.5
2016	7	15	0	0	13.858333333333333	5.0	27.2
2016	7	16	0	0	16.37291666666667	3.6	30.6
2016	7	17	0	0	21.363888888888894	5.9	35.0
2016	7	18	0	0	24.122222222222216	10.1	38.8
2016	7	19	0	0	24.815972222222225	11.7	38.1
2016	7	20	0	0	25.993055555555546	10.7	40.0
2016	7	21	0	0	24.521527777777777	17.5	37.2
2016	7	22	0	0	20.903472222222224	14.1	30.3
2016	7	23	0	0	22.304861111111112	14.7	32.5
2016	7	24	0	0	24.174999999999997	14.3	37.0
2016	7	25	0	0	21.728472222222223	13.6	34.3
2016	7	26	0	0	24.08819444444444	13.7	36.1
2016	7	27	0	0	21.34930555555556	12.1	32.7
2016	7	28	0	0	21.01736111111111	10.5	35.2
2016	7	29	0	0	23.231944444444448	13.6	34.8
2016	7	30	0	0	23.451388888888886	11.9	36.1
2016	7	31	0	0	18.532638888888886	14.2	26.5
2016	8	1	0	0	20.197916666666664	10.1	32.9
2016	8	2	0	0	18.849305555555553	10.9	29.0
2016	8	3	0	0	22.08611111111111	11.0	35.7
2016	8	4	0	0	21.532638888888894	10.0	36.7
2016	8	5	0	0	16.42638888888889	10.6	25.6
2016	8	6	0	0	19.558333333333334	7.6	33.4
2016	8	7	0	0	20.008333333333336	7.7	33.6
2016	8	8	0	0	21.131249999999998	7.2	34.6
2016	8	9	0	0	15.30347222222222	11.5	19.8
2016	8	10	0	0	16.165277777777778	7.8	28.5
2016	8	11	0	0	16.39236111111111	4.6	29.4
2016	8	12	0	0	18.220138888888886	9.0	31.1
2016	8	13	0	0	20.768055555555556	7.4	34.4
2016	8	14	0	0	22.54375	10.1	38.0
2016	8	15	0	0	22.950694444444448	12.0	36.1
2016	8	16	0	0	23.71944444444445	11.4	36.9
2016	8	17	0	0	21.82847222222222	11.8	34.7
2016	8	18	0	0	17.493750000000002	10.4	28.1
2016	8	19	0	0	21.66736111111111	14.4	33.2
2016	8	20	0	0	17.645833333333336	12.6	24.8
2016	8	21	0	0	16.246527777777782	7.0	26.9
2016	8	22	0	0	17.818055555555556	5.1	30.8
2016	8	23	0	0	19.98680555555556	7.6	33.7
2016	8	24	0	0	21.993750000000006	9.0	36.0
2016	8	25	0	0	23.490277777777777	9.9	38.7
2016	8	26	0	0	25.043055555555554	12.8	40.9
2016	8	27	0	0	24.64513888888889	11.5	39.5
2016	8	28	0	0	25.566666666666666	14.9	37.8
2016	8	29	0	0	19.380555555555556	16.1	27.2
2016	8	30	0	0	19.861805555555556	10.4	31.7
2016	8	31	0	0	22.175694444444446	9.3	35.5
2016	9	1	0	0	21.729166666666668	10.6	35.4
2016	9	2	0	0	19.943055555555553	8.1	36.1
2016	9	3	0	0	18.868750000000002	8.8	36.0
2016	9	4	0	0	16.769444444444446	9.1	28.2
2016	9	5	0	0	14.577777777777776	6.8	25.9
2016	9	6	0	0	18.495833333333334	9.1	30.4
2016	9	7	0	0	18.221527777777776	6.0	32.4
2016	9	8	0	0	19.544444444444444	7.8	35.5
2016	9	9	0	0	20.2125	9.0	34.5
2016	9	10	0	0	20.204166666666673	9.0	35.5
2016	9	11	0	0	20.88611111111111	9.8	35.4
2016	9	12	0	0	21.406250000000004	9.2	36.9
2016	9	13	0	0	20.89791666666667	10.3	35.5
2016	9	14	0	0	20.543055555555558	9.5	35.4
2016	9	15	0	0	16.1125	8.7	28.5
2016	9	16	0	0	15.731250000000003	11.9	25.2
2016	9	17	0	0	15.595138888888892	12.0	24.9
2016	9	18	0	0	13.695833333333335	11.5	18.3
2016	9	19	0	0	13.993055555555552	8.0	25.3
2016	9	20	0	0	14.077777777777776	4.9	25.2
2016	9	21	0	0	11.086805555555552	3.2	25.7
2016	9	22	0	0	11.293750000000001	1.5	26.3
2016	9	23	0	0	12.757638888888891	4.6	25.4
2016	9	24	0	0	13.427777777777777	3.3	28.5
2016	9	25	0	0	14.852777777777776	4.3	31.0
2016	9	26	0	0	15.614583333333334	5.4	29.3
2016	9	27	0	0	15.362499999999997	5.1	28.9
2016	9	28	0	0	14.00763888888889	4.0	29.0
2016	9	29	0	0	14.694444444444443	4.6	28.7
2016	9	30	0	0	15.980555555555556	7.1	29.1
2016	10	1	0	0	14.089583333333332	6.5	26.7
2016	10	2	0	0	11.447222222222221	2.0	20.5
2016	10	3	0	0	10.353472222222221	1.4	24.3
2016	10	4	0	0	11.361111111111109	1.2	22.7
2016	10	5	0	0	8.638888888888891	1.4	18.8
2016	10	6	0	0	7.9736111111111105	-0.8	17.9
2016	10	7	0	0	7.613888888888888	-1.3	18.6
2016	10	8	0	0	7.291666666666665	-0.4	13.9
2016	10	9	0	0	5.438888888888889	-1.6	19.5
2016	10	10	0	0	6.94861111111111	-1.8	17.3
2016	10	11	0	0	6.872222222222221	0.3	19.8
2016	10	12	0	0	4.411805555555554	-4.2	18.9
2016	10	13	0	0	5.375	-4.3	14.6
2016	10	14	0	0	6.831250000000001	0.9	17.0
2016	10	15	0	0	9.280555555555557	0.9	24.1
2016	10	16	0	0	8.628472222222223	3.7	19.5
2016	10	17	0	0	10.1875	4.7	14.4
2016	10	18	0	0	11.03888888888889	4.6	18.2
2016	10	19	0	0	7.218055555555556	2.2	11.8
2016	10	20	0	0	6.7	-0.6	15.5
2016	10	21	0	0	6.013888888888889	1.8	12.6
2016	10	22	0	0	3.8000000000000003	-3.5	16.2
2016	10	23	0	0	6.0569444444444445	-1.3	10.1
2016	10	24	0	0	9.658333333333333	2.5	21.1
2016	10	25	0	0	12.621527777777779	9.7	14.6
2016	10	26	0	0	10.377083333333337	2.4	14.7
2016	10	27	0	0	6.656944444444445	-0.6	20.4
2016	10	28	0	0	6.691666666666667	-0.8	16.8
2016	10	29	0	0	6.830555555555555	1.0	16.9
2016	10	30	0	0	6.560416666666666	-0.2	18.7
2016	10	31	0	0	5.365277777777778	-0.5	9.6
2016	11	1	0	0	8.248611111111112	2.7	18.1
2016	11	2	0	0	7.953472222222223	0.8	15.8
2016	11	3	0	0	4.472222222222222	-5.1	15.6
2016	11	4	0	0	4.034027777777777	-6.1	17.9
2016	11	5	0	0	9.190972222222223	7.3	15.2
2016	11	6	0	0	4.654166666666667	3.5	7.4
2016	11	7	0	0	1.1465277777777778	-5.1	5.8
2016	11	8	0	0	0.803472222222222	-2.9	4.5
2016	11	9	0	0	1.6444444444444446	-5.6	6.7
2016	11	10	0	0	4.854166666666667	3.0	7.6
2016	11	11	0	0	3.834722222222222	2.6	6.6
2016	11	12	0	0	1.2451388888888888	-5.8	9.2
2016	11	13	0	0	1.2027777777777777	-5.1	6.6
2016	11	14	0	0	1.6465277777777774	0.1	4.4
2016	11	15	0	0	4.834722222222223	0.5	12.4
2016	11	16	0	0	6.788888888888889	4.7	12.0
2016	11	17	0	0	7.8659722222222195	2.6	15.3
2016	11	18	0	0	7.481249999999999	1.6	10.9
2016	11	19	0	0	4.044444444444444	-2.5	9.7
2016	11	20	0	0	1.8451388888888882	-3.1	15.1
2016	11	21	0	0	4.111805555555555	-3.0	11.8
2016	11	22	0	0	6.335416666666666	-0.1	14.5
2016	11	23	0	0	5.526388888888889	-0.4	12.1
2016	11	24	0	0	4.311111111111111	-1.3	9.0
2016	11	25	0	0	5.936111111111111	5.3	7.3
2016	11	26	0	0	6.577777777777778	4.8	9.7
2016	11	27	0	0	6.420833333333334	4.6	8.7
2016	11	28	0	0	1.4777777777777779	-3.2	7.0
2016	11	29	0	0	-3.8652777777777776	-9.8	6.0
2016	11	30	0	0	-3.559027777777778	-10.3	7.8
2016	12	1	0	0	-3.079166666666667	-8.5	10.3
2016	12	2	0	0	-1.8381944444444445	-9.9	10.8
2016	12	3	0	0	0.9298611111111114	-4.4	5.8
2016	12	4	0	0	-0.29930555555555555	-7.3	8.3
2016	12	5	0	0	-0.41458333333333336	-4.0	6.4
2016	12	6	0	0	-0.13819444444444437	-5.3	8.1
2016	12	7	0	0	-1.229861111111111	-2.1	0.1
2016	12	8	0	0	-0.8270833333333331	-7.5	9.8
2016	12	9	0	0	-2.7638888888888893	-9.4	11.1
2016	12	10	0	0	-2.9277777777777776	-8.5	11.2
2016	12	11	0	0	-1.438888888888888	-9.4	4.0
2016	12	12	0	0	-1.145833333333333	-7.0	9.6
2016	12	13	0	0	-1.2187499999999998	-5.5	1.9
2016	12	14	0	0	-0.6569444444444444	-3.2	3.2
2016	12	15	0	0	-1.3944444444444442	-2.8	-0.4
2016	12	16	0	0	-0.33541666666666664	-1.1	1.2
2016	12	17	0	0	-0.18402777777777787	-1.4	2.2
2016	12	18	0	0	0.3069444444444444	-1.9	4.5
2016	12	19	0	0	0.6868055555555556	-4.3	6.3
2016	12	20	0	0	-1.0527777777777778	-4.9	5.8
2016	12	21	0	0	-0.8784722222222223	-6.3	1.4
2016	12	22	0	0	0.09513888888888888	-4.4	6.4
2016	12	23	0	0	2.940972222222222	-0.6	6.0
2016	12	24	0	0	4.868749999999999	1.8	8.0
2016	12	25	0	0	4.902777777777778	-2.6	11.6
2016	12	26	0	0	2.8166666666666664	-4.5	9.5
2016	12	27	0	0	0.7180555555555554	-8.1	10.6
2016	12	28	0	0	-3.6166666666666667	-9.8	7.7
2016	12	29	0	0	-1.9243055555555557	-7.9	5.7
2016	12	30	0	0	-0.7006944444444444	-1.5	1.2
2016	12	31	0	0	-1.3805555555555558	-3.0	0.8
2017	1	1	0	0	-2.951388888888889	-8.5	3.8
2017	1	2	0	0	-1.247222222222222	-5.3	3.6
2017	1	3	0	0	-3.7895833333333333	-12.0	0.6
2017	1	4	0	0	-1.3541666666666667	-6.2	0.8
2017	1	5	0	0	-7.041666666666667	-18.6	-0.1
2017	1	6	0	0	-11.964583333333332	-20.7	-0.7
2017	1	7	0	0	-9.405555555555557	-22.3	-2.0
2017	1	8	0	0	-2.004166666666666	-4.4	3.2
2017	1	9	0	0	-1.5444444444444443	-5.4	2.9
2017	1	10	0	0	-0.8416666666666668	-5.4	1.4
2017	1	11	0	0	0.2020833333333334	-0.8	2.0
2017	1	12	0	0	2.891666666666667	1.2	6.3
2017	1	13	0	0	0.4236111111111114	-1.9	5.3
2017	1	14	0	0	-0.9458333333333332	-4.0	0.4
2017	1	15	0	0	-2.429861111111111	-6.3	5.2
2017	1	16	0	0	-5.566666666666666	-13.5	1.8
2017	1	17	0	0	-4.2562500000000005	-6.7	-3.1
2017	1	18	0	0	-4.215972222222223	-5.1	-2.7
2017	1	19	0	0	-4.569444444444445	-5.3	-1.8
2017	1	20	0	0	-5.204166666666667	-6.2	-3.0
2017	1	21	0	0	-5.040277777777777	-6.4	-2.0
2017	1	22	0	0	-5.206944444444445	-8.3	-1.0
2017	1	23	0	0	-5.622222222222223	-7.0	-2.4
2017	1	24	0	0	-5.264583333333333	-6.8	-2.4
2017	1	25	0	0	-6.563194444444445	-7.3	-5.1
2017	1	26	0	0	-5.425694444444445	-6.6	-1.1
2017	1	27	0	0	-3.4430555555555564	-8.0	7.8
2017	1	28	0	0	-2.859027777777778	-8.3	9.1
2017	1	29	0	0	-1.8250000000000004	-9.5	13.4
2017	1	30	0	0	0.41527777777777813	-6.9	4.4
2017	1	31	0	0	5.365972222222222	4.2	7.3
2017	2	1	0	0	6.016666666666667	2.0	14.2
2017	2	2	0	0	3.246527777777778	-0.8	7.8
2017	2	3	0	0	5.2763888888888895	-0.2	15.9
2017	2	4	0	0	2.6993055555555556	-2.7	12.6
2017	2	5	0	0	0.3770833333333335	-5.2	5.5
2017	2	6	0	0	2.3854166666666665	0.0	9.1
2017	2	7	0	0	2.118055555555556	-2.8	8.8
2017	2	8	0	0	1.8055555555555556	-0.9	4.5
2017	2	9	0	0	-0.6680555555555555	-3.4	1.9
2017	2	10	0	0	-0.34652777777777793	-6.2	6.6
2017	2	11	0	0	1.052777777777778	-5.0	9.9
2017	2	12	0	0	1.8048611111111106	-1.2	8.0
2017	2	13	0	0	0.8284722222222222	-2.7	3.1
2017	2	14	0	0	1.0062500000000008	-6.2	12.0
2017	2	15	0	0	0.6562500000000006	-7.8	17.3
2017	2	16	0	0	3.997222222222222	-5.9	19.8
2017	2	17	0	0	3.452777777777777	-3.0	6.3
2017	2	18	0	0	1.9076388888888893	-5.7	13.8
2017	2	19	0	0	2.1701388888888897	-7.4	16.3
2017	2	20	0	0	6.314583333333332	-1.1	16.2
2017	2	21	0	0	8.436805555555555	5.8	12.5
2017	2	22	0	0	9.174305555555556	1.2	17.8
2017	2	23	0	0	9.486805555555557	-3.9	22.3
2017	2	24	0	0	4.530555555555555	-4.8	12.3
2017	2	25	0	0	0.8076388888888889	-6.7	15.5
2017	2	26	0	0	2.756944444444444	-5.8	17.7
2017	2	27	0	0	5.660416666666666	-6.4	20.6
2017	2	28	0	0	3.5423611111111115	0.0	11.4
2017	3	1	0	0	4.697222222222222	1.1	9.2
2017	3	2	0	0	5.334027777777776	-4.3	14.9
2017	3	3	0	0	4.282638888888888	-5.1	17.9
2017	3	4	0	0	5.493055555555556	-4.5	21.2
2017	3	5	0	0	6.209027777777778	0.9	17.3
2017	3	6	0	0	3.963194444444445	0.3	7.8
2017	3	7	0	0	3.598611111111111	0.0	9.0
2017	3	8	0	0	3.542361111111111	-4.6	11.0
2017	3	9	0	0	8.401388888888887	6.1	10.8
2017	3	10	0	0	8.383333333333335	-3.3	20.9
2017	3	11	0	0	5.378472222222221	-5.6	20.7
2017	3	12	0	0	6.233333333333333	-4.4	21.3
2017	3	13	0	0	6.918749999999999	-4.6	22.4
2017	3	14	0	0	7.258333333333333	-3.9	23.7
2017	3	15	0	0	8.460416666666665	-3.3	23.1
2017	3	16	0	0	8.702777777777776	-2.3	23.8
2017	3	17	0	0	11.011111111111113	-1.6	24.1
2017	3	18	0	0	7.511805555555555	5.8	8.5
2017	3	19	0	0	11.278472222222225	4.4	20.3
2017	3	20	0	0	11.016666666666671	4.2	20.4
2017	3	21	0	0	10.031944444444443	4.0	19.1
2017	3	22	0	0	6.339583333333333	3.8	10.0
2017	3	23	0	0	11.081944444444444	1.2	22.5
2017	3	24	0	0	9.063194444444443	2.5	18.0
2017	3	25	0	0	10.240277777777777	0.1	18.8
2017	3	26	0	0	7.784722222222222	-1.2	19.5
2017	3	27	0	0	9.174305555555556	-3.8	24.8
2017	3	28	0	0	10.9	-2.0	26.4
2017	3	29	0	0	12.125694444444441	0.9	26.9
2017	3	30	0	0	12.30625	-0.5	28.7
2017	3	31	0	0	12.422222222222222	0.3	27.6
2017	4	1	0	0	11.60138888888889	3.5	24.6
2017	4	2	0	0	12.993055555555555	7.7	23.5
2017	4	3	0	0	13.474305555555558	2.1	25.6
2017	4	4	0	0	11.955555555555557	3.7	24.8
2017	4	5	0	0	11.733333333333334	3.3	25.0
2017	4	6	0	0	10.040972222222221	-1.0	23.5
2017	4	7	0	0	10.078472222222222	-4.2	26.2
2017	4	8	0	0	11.745833333333335	-1.8	28.3
2017	4	9	0	0	13.598611111111106	-1.8	30.7
2017	4	10	0	0	15.504166666666665	1.2	29.4
2017	4	11	0	0	11.796527777777778	-0.9	25.3
2017	4	12	0	0	13.300694444444446	-3.2	26.0
2017	4	13	0	0	13.269444444444444	1.2	24.5
2017	4	14	0	0	10.644444444444444	-1.4	26.8
2017	4	15	0	0	10.594444444444445	1.2	18.3
2017	4	16	0	0	7.105555555555557	3.8	10.7
2017	4	17	0	0	7.718055555555555	3.1	16.2
2017	4	18	0	0	5.142361111111112	-1.6	17.4
2017	4	19	0	0	2.331944444444444	-4.2	14.1
2017	4	20	0	0	2.994444444444445	-8.1	19.1
2017	4	21	0	0	6.6944444444444455	-10.3	24.5
2017	4	22	0	0	9.827083333333333	-6.8	23.7
2017	4	23	0	0	11.393055555555556	-2.0	26.1
2017	4	24	0	0	10.893055555555556	-6.1	27.2
2017	4	25	0	0	9.256944444444443	4.4	16.3
2017	4	26	0	0	3.1444444444444444	0.1	6.4
2017	4	27	0	0	3.4076388888888887	0.0	6.8
2017	4	28	0	0	3.2409722222222235	-3.3	12.4
2017	4	29	0	0	7.248611111111111	-4.8	22.4
2017	4	30	0	0	11.012499999999998	-4.6	26.5
2017	5	1	0	0	6.070138888888889	1.5	8.4
2017	5	2	0	0	10.811805555555557	0.1	22.9
2017	5	3	0	0	12.14583333333333	6.1	23.1
2017	5	4	0	0	10.899305555555557	6.5	23.9
2017	5	5	0	0	14.705555555555557	3.2	28.0
2017	5	6	0	0	10.75	2.3	28.0
2017	5	7	0	0	10.75902777777778	8.3	17.9
2017	5	8	0	0	9.727083333333331	6.7	13.8
2017	5	9	0	0	9.725694444444445	-2.1	24.6
2017	5	10	0	0	13.230555555555556	-3.6	29.9
2017	5	11	0	0	15.81527777777778	5.0	26.9
2017	5	12	0	0	15.870138888888887	8.1	30.5
2017	5	13	0	0	17.47222222222222	7.6	31.4
2017	5	14	0	0	15.710416666666665	7.7	29.4
2017	5	15	0	0	17.200694444444448	4.5	30.4
2017	5	16	0	0	17.81736111111111	2.8	33.0
2017	5	17	0	0	20.497222222222227	4.4	35.9
2017	5	18	0	0	20.432638888888892	10.7	32.8
2017	5	19	0	0	10.059027777777779	-0.4	16.6
2017	5	20	0	0	11.189583333333333	-0.8	25.9
2017	5	21	0	0	14.761805555555553	1.3	28.0
2017	5	22	0	0	18.40694444444444	1.8	33.1
2017	5	23	0	0	19.38125	6.7	32.9
2017	5	24	0	0	21.137500000000003	12.2	33.5
2017	5	25	0	0	20.277777777777782	8.4	31.5
2017	5	26	0	0	19.654861111111114	5.3	31.7
2017	5	27	0	0	21.943750000000005	5.7	37.3
2017	5	28	0	0	23.3125	8.9	38.8
2017	5	29	0	0	25.41944444444445	9.1	38.8
2017	5	30	0	0	24.561111111111114	15.3	34.2
2017	5	31	0	0	23.252083333333335	16.5	35.8
2017	6	1	0	0	22.946527777777778	14.4	34.2
2017	6	2	0	0	22.188194444444445	12.1	36.2
2017	6	3	0	0	21.913194444444443	9.9	35.6
2017	6	4	0	0	19.00972222222222	10.5	30.1
2017	6	5	0	0	14.210416666666665	7.0	20.8
2017	6	6	0	0	13.514583333333334	6.9	24.5
2017	6	7	0	0	13.874305555555553	2.2	24.4
2017	6	8	0	0	17.286805555555553	0.7	33.6
2017	6	9	0	0	17.922916666666666	4.4	30.8
2017	6	10	0	0	21.989583333333332	7.9	35.1
2017	6	11	0	0	23.547916666666666	6.3	38.5
2017	6	12	0	0	22.41597222222222	12.4	32.0
2017	6	13	0	0	24.555555555555546	12.8	35.9
2017	6	14	0	0	21.19166666666667	11.3	34.2
2017	6	15	0	0	23.537499999999994	12.6	35.4
2017	6	16	0	0	21.056944444444444	8.4	30.3
2017	6	17	0	0	21.107638888888882	7.4	33.6
2017	6	18	0	0	21.068055555555556	9.6	32.2
2017	6	19	0	0	23.990277777777774	8.6	37.8
2017	6	20	0	0	25.334027777777774	13.3	37.7
2017	6	21	0	0	26.43194444444445	13.6	40.4
2017	6	22	0	0	27.31527777777778	14.2	39.7
2017	6	23	0	0	27.309027777777775	17.4	37.9
2017	6	24	0	0	21.745833333333334	13.7	34.1
2017	6	25	0	0	21.2125	9.9	32.8
2017	6	26	0	0	24.425694444444442	8.4	40.9
2017	6	27	0	0	22.89027777777778	15.0	36.9
2017	6	28	0	0	19.955555555555556	14.3	32.2
2017	6	29	0	0	18.39513888888889	13.2	28.0
2017	6	30	0	0	19.181944444444447	10.6	30.1
2017	7	1	0	0	17.50625	12.4	27.5
2017	7	2	0	0	14.599305555555558	12.2	23.4
2017	7	3	0	0	19.302083333333336	8.2	32.3
2017	7	4	0	0	21.5	7.1	35.9
2017	7	5	0	0	23.40069444444445	7.9	37.5
2017	7	6	0	0	25.19791666666667	10.7	40.0
2017	7	7	0	0	23.96319444444445	13.2	37.6
2017	7	8	0	0	22.851388888888895	13.4	38.5
2017	7	9	0	0	21.5673611111111	14.1	33.6
2017	7	10	0	0	20.380555555555556	14.4	30.9
2017	7	11	0	0	20.00763888888889	11.0	34.0
2017	7	12	0	0	21.755555555555556	12.7	32.4
2017	7	13	0	0	22.104166666666668	14.7	36.3
2017	7	14	0	0	19.88958333333333	12.7	30.0
2017	7	15	0	0	19.330555555555556	10.2	34.5
2017	7	16	0	0	20.339583333333334	7.0	35.0
2017	7	17	0	0	23.072916666666668	8.6	38.2
2017	7	18	0	0	23.613194444444442	10.9	40.5
2017	7	19	0	0	24.123611111111114	11.4	39.9
2017	7	20	0	0	21.81805555555555	15.1	34.1
2017	7	21	0	0	22.71180555555556	12.0	36.7
2017	7	22	0	0	23.10833333333333	13.1	37.0
2017	7	23	0	0	18.853472222222223	14.2	28.4
2017	7	24	0	0	15.690277777777778	12.2	26.5
2017	7	25	0	0	14.718055555555553	11.3	21.8
2017	7	26	0	0	15.300694444444446	7.0	28.5
2017	7	27	0	0	17.559027777777775	6.9	29.0
2017	7	28	0	0	18.273611111111112	11.4	28.9
2017	7	29	0	0	22.15416666666667	9.2	35.1
2017	7	30	0	0	23.81805555555556	13.9	38.7
2017	7	31	0	0	21.991666666666664	13.9	35.2
2017	8	1	0	0	23.279861111111114	13.1	39.5
2017	8	2	0	0	25.146527777777777	15.3	37.0
2017	8	3	0	0	26.056250000000002	17.0	38.7
2017	8	4	0	0	22.953472222222217	14.1	34.9
2017	8	5	0	0	22.813194444444445	12.5	37.0
2017	8	6	0	0	17.478472222222223	8.4	31.3
2017	8	7	0	0	20.30138888888889	7.2	35.9
2017	8	8	0	0	16.02430555555556	10.6	26.5
2017	8	9	0	0	18.3625	10.6	28.1
2017	8	10	0	0	12.615277777777779	9.0	15.1
2017	8	11	0	0	12.46527777777778	10.9	17.1
2017	8	12	0	0	15.802777777777782	10.4	26.2
2017	8	13	0	0	19.98125	8.6	32.6
2017	8	14	0	0	22.10625	10.4	34.6
2017	8	15	0	0	22.690277777777776	12.5	35.5
2017	8	16	0	0	22.840277777777775	15.1	34.8
2017	8	17	0	0	23.000694444444445	13.4	35.4
2017	8	18	0	0	23.226388888888888	13.3	37.0
2017	8	19	0	0	17.795138888888893	11.8	27.4
2017	8	20	0	0	17.037499999999998	7.4	28.9
2017	8	21	0	0	15.866666666666672	6.7	28.9
2017	8	22	0	0	20.183333333333334	7.9	32.6
2017	8	23	0	0	21.938194444444445	10.2	35.9
2017	8	24	0	0	20.489583333333332	12.2	36.5
2017	8	25	0	0	22.634027777777774	13.0	36.5
2017	8	26	0	0	23.39513888888889	14.0	36.6
2017	8	27	0	0	21.198611111111116	12.5	32.2
2017	8	28	0	0	22.245833333333334	12.5	36.3
2017	8	29	0	0	22.43958333333333	11.2	36.8
2017	8	30	0	0	23.274305555555557	12.6	35.3
2017	8	31	0	0	15.706249999999997	12.9	19.0
2017	9	1	0	0	13.604861111111115	11.9	19.3
2017	9	2	0	0	12.588194444444445	9.4	19.3
2017	9	3	0	0	13.331944444444446	5.0	27.2
2017	9	4	0	0	16.17222222222222	6.3	28.0
2017	9	5	0	0	21.54444444444444	13.8	31.9
2017	9	6	0	0	18.656944444444445	13.9	27.6
2017	9	7	0	0	14.619444444444445	6.7	24.0
2017	9	8	0	0	14.711805555555557	6.9	24.3
2017	9	9	0	0	11.130555555555555	6.5	14.1
2017	9	10	0	0	13.025694444444445	5.1	27.7
2017	9	11	0	0	11.520138888888889	4.0	23.1
2017	9	12	0	0	10.897222222222219	4.3	20.8
2017	9	13	0	0	13.37777777777778	3.8	22.8
2017	9	14	0	0	12.028472222222222	2.3	19.6
2017	9	15	0	0	11.000000000000002	0.2	24.5
2017	9	16	0	0	11.220138888888888	1.5	26.5
2017	9	17	0	0	11.417361111111111	4.3	24.6
2017	9	18	0	0	11.604166666666666	6.1	22.4
2017	9	19	0	0	10.757638888888886	7.3	21.6
2017	9	20	0	0	10.21875	0.9	25.1
2017	9	21	0	0	10.147916666666665	-0.5	25.0
2017	9	22	0	0	12.391666666666671	0.9	27.5
2017	9	23	0	0	14.170833333333334	3.1	27.4
2017	9	24	0	0	15.894444444444446	7.6	28.3
2017	9	25	0	0	13.691666666666668	4.4	26.9
2017	9	26	0	0	12.619444444444447	3.1	25.5
2017	9	27	0	0	16.000694444444445	7.3	29.1
2017	9	28	0	0	15.118055555555555	6.8	28.3
2017	9	29	0	0	15.929861111111109	9.4	29.3
2017	9	30	0	0	14.970138888888885	8.6	26.7
2017	10	1	0	0	12.523611111111116	5.9	26.0
2017	10	2	0	0	13.552777777777777	5.7	18.7
2017	10	3	0	0	14.131944444444445	3.9	25.0
2017	10	4	0	0	9.552083333333332	2.7	19.3
2017	10	5	0	0	14.088194444444445	2.2	25.3
2017	10	6	0	0	8.200694444444443	0.6	16.2
2017	10	7	0	0	9.729861111111111	-0.6	21.5
2017	10	8	0	0	10.086805555555554	7.1	14.3
2017	10	9	0	0	10.224305555555556	1.0	19.6
2017	10	10	0	0	9.847222222222223	0.5	24.4
2017	10	11	0	0	10.01388888888889	0.5	25.0
2017	10	12	0	0	11.825000000000001	2.5	26.0
2017	10	13	0	0	11.334027777777777	3.1	27.2
2017	10	14	0	0	11.458333333333334	3.4	27.4
2017	10	15	0	0	11.943055555555555	3.1	28.9
2017	10	16	0	0	11.52986111111111	2.5	29.6
2017	10	17	0	0	10.911111111111111	0.3	28.3
2017	10	18	0	0	9.400694444444442	1.0	26.1
2017	10	19	0	0	10.576388888888891	0.6	26.0
2017	10	20	0	0	10.468750000000002	1.4	19.7
2017	10	21	0	0	13.781944444444441	6.1	22.4
2017	10	22	0	0	8.50763888888889	5.4	15.3
2017	10	23	0	0	7.424305555555556	5.7	11.0
2017	10	24	0	0	9.904166666666667	2.4	23.0
2017	10	25	0	0	9.797222222222222	0.7	25.9
2017	10	26	0	0	9.639583333333333	1.6	24.3
2017	10	27	0	0	7.570138888888889	-1.8	14.7
2017	10	28	0	0	5.762499999999999	-3.5	16.9
2017	10	29	0	0	7.675694444444446	5.5	9.0
2017	10	30	0	0	2.713888888888889	-5.9	16.2
2017	10	31	0	0	1.2583333333333335	-5.7	16.5
2017	11	1	0	0	3.6062500000000006	-5.0	20.2
2017	11	2	0	0	8.121527777777777	-1.8	20.0
2017	11	3	0	0	8.263888888888888	-1.1	22.7
2017	11	4	0	0	8.44513888888889	-0.1	18.9
2017	11	5	0	0	6.214583333333334	2.9	10.1
2017	11	6	0	0	4.215972222222223	2.1	7.5
2017	11	7	0	0	5.234722222222222	4.0	9.4
2017	11	8	0	0	3.6388888888888897	-0.9	7.3
2017	11	9	0	0	4.977777777777779	3.2	7.5
2017	11	10	0	0	5.343749999999999	4.3	7.8
2017	11	11	0	0	6.618055555555557	4.5	8.9
2017	11	12	0	0	6.429861111111111	0.2	11.2
2017	11	13	0	0	2.4	-3.3	11.1
2017	11	14	0	0	-1.2069444444444446	-6.6	12.0
2017	11	15	0	0	1.3965277777777778	-2.2	7.6
2017	11	16	0	0	0.2541666666666666	-5.3	4.7
2017	11	17	0	0	2.3347222222222217	-5.4	8.7
2017	11	18	0	0	3.754861111111111	2.4	5.4
2017	11	19	0	0	1.0472222222222218	-3.9	6.2
2017	11	20	0	0	0.85	-6.4	4.6
2017	11	21	0	0	3.7909722222222233	-3.6	14.1
2017	11	22	0	0	1.6895833333333325	-5.1	19.3
2017	11	23	0	0	4.111111111111112	-6.1	14.5
2017	11	24	0	0	7.79861111111111	-1.7	17.5
2017	11	25	0	0	4.760416666666667	1.2	8.7
2017	11	26	0	0	0.31250000000000006	-2.9	7.8
2017	11	27	0	0	2.1951388888888888	-3.5	8.4
2017	11	28	0	0	2.8645833333333335	0.8	5.9
2017	11	29	0	0	1.6701388888888886	-1.9	4.6
2017	11	30	0	0	0.3875000000000001	-1.6	3.1
2017	12	1	0	0	-1.2097222222222224	-5.3	7.0
2017	12	2	0	0	-0.16388888888888892	-1.3	1.1
2017	12	3	0	0	-0.734722222222222	-2.1	5.2
2017	12	4	0	0	0.4284722222222222	-1.5	2.5
2017	12	5	0	0	1.107638888888889	-4.8	8.4
2017	12	6	0	0	0.3180555555555556	-0.6	1.4
2017	12	7	0	0	1.7840277777777775	-3.0	8.9
2017	12	8	0	0	2.322916666666667	-1.3	5.3
2017	12	9	0	0	-3.5527777777777776	-9.5	-1.2
2017	12	10	0	0	-2.774305555555556	-9.9	0.3
2017	12	11	0	0	2.221527777777778	0.3	4.5
2017	12	12	0	0	-0.02430555555555558	-7.2	4.6
2017	12	13	0	0	-1.8409722222222233	-10.1	4.9
2017	12	14	0	0	2.2020833333333325	0.0	6.3
2017	12	15	0	0	1.6402777777777782	-2.4	7.1
2017	12	16	0	0	0.5347222222222222	-1.6	2.5
2017	12	17	0	0	-1.0256944444444445	-6.7	3.5
2017	12	18	0	0	-0.5458333333333331	-4.2	1.8
2017	12	19	0	0	0.5534722222222223	-0.5	3.2
2017	12	20	0	0	0.9805555555555556	-0.2	3.1
2017	12	21	0	0	3.0159722222222225	-0.9	10.4
2017	12	22	0	0	4.218750000000001	2.5	6.3
2017	12	23	0	0	4.677083333333332	2.9	7.2
2017	12	24	0	0	1.895138888888889	0.2	3.0
2017	12	25	0	0	0.2916666666666669	-4.0	7.8
2017	12	26	0	0	0.16319444444444445	-5.0	6.1
2017	12	27	0	0	0.713888888888889	-3.2	3.7
2017	12	28	0	0	-0.048611111111111216	-2.4	2.1
2017	12	29	0	0	-0.6131944444444447	-7.7	4.4
2017	12	30	0	0	5.00625	-0.7	9.5
