Name: Kupferzell-Rechbach (ID: 2787)			
Lat: 49.2428   ,Lon: 9.6786			
Jahr	Monat	Tag	T
1994	1	1	2.1
1994	1	2	3.9
1994	1	3	7.1
1994	1	4	6.8
1994	1	5	6.4
1994	1	6	5.3
1994	1	7	4.0
1994	1	8	3.6
1994	1	9	3.3
1994	1	10	2.2
1994	1	11	2.7
1994	1	12	7.0
1994	1	13	7.7
1994	1	14	6.6
1994	1	15	2.5
1994	1	16	1.6
1994	1	17	-2.1
1994	1	18	-3.7
1994	1	19	-4.8
1994	1	20	-1.7
1994	1	21	-2.9
1994	1	22	-0.8
1994	1	23	4.7
1994	1	24	5.0
1994	1	25	8.2
1994	1	26	3.2
1994	1	27	6.3
1994	1	28	1.2
1994	1	29	0.5
1994	1	30	4.2
1994	1	31	1.4
1994	2	1	1.0
1994	2	2	4.4
1994	2	3	4.5
1994	2	4	4.3
1994	2	5	2.4
1994	2	6	3.0
1994	2	7	3.7
1994	2	8	2.3
1994	2	9	3.0
1994	2	10	2.5
1994	2	11	0.0
1994	2	12	0.0
1994	2	13	-6.5
1994	2	14	-4.2
1994	2	15	-2.8
1994	2	16	-5.1
1994	2	17	-5.5
1994	2	18	-5.1
1994	2	19	-4.6
1994	2	20	-2.8
1994	2	21	-2.2
1994	2	22	1.7
1994	2	23	4.8
1994	2	24	4.3
1994	2	25	4.3
1994	2	26	6.0
1994	2	27	7.5
1994	2	28	8.3
1994	3	1	7.9
1994	3	2	5.3
1994	3	3	5.6
1994	3	4	3.2
1994	3	5	6.2
1994	3	6	7.9
1994	3	7	7.4
1994	3	8	9.3
1994	3	9	11.4
1994	3	10	7.8
1994	3	11	6.4
1994	3	12	6.6
1994	3	13	7.5
1994	3	14	8.4
1994	3	15	8.8
1994	3	16	4.7
1994	3	17	2.9
1994	3	18	4.4
1994	3	19	5.1
1994	3	20	3.2
1994	3	21	4.7
1994	3	22	7.5
1994	3	23	12.0
1994	3	24	12.2
1994	3	25	13.6
1994	3	26	5.2
1994	3	27	3.5
1994	3	28	7.7
1994	3	29	10.7
1994	3	30	12.5
1994	3	31	9.1
1994	4	1	9.1
1994	4	2	3.9
1994	4	3	2.6
1994	4	4	4.5
1994	4	5	4.1
1994	4	6	3.3
1994	4	7	5.3
1994	4	8	4.6
1994	4	9	3.5
1994	4	10	2.9
1994	4	11	3.4
1994	4	12	7.1
1994	4	13	5.2
1994	4	14	3.2
1994	4	15	5.2
1994	4	16	8.5
1994	4	17	6.4
1994	4	18	4.8
1994	4	19	5.3
1994	4	20	9.1
1994	4	21	11.0
1994	4	22	12.3
1994	4	23	13.9
1994	4	24	13.2
1994	4	25	12.3
1994	4	26	11.9
1994	4	27	12.2
1994	4	28	13.6
1994	4	29	16.1
1994	4	30	18.4
1994	5	1	10.6
1994	5	2	9.5
1994	5	3	14.3
1994	5	4	10.1
1994	5	5	9.2
1994	5	6	12.2
1994	5	7	14.9
1994	5	8	14.9
1994	5	9	12.4
1994	5	10	11.6
1994	5	11	12.7
1994	5	12	15.4
1994	5	13	13.9
1994	5	14	15.7
1994	5	15	16.4
1994	5	16	17.5
1994	5	17	16.0
1994	5	18	15.9
1994	5	19	10.8
1994	5	20	12.7
1994	5	21	13.3
1994	5	22	15.6
1994	5	23	14.8
1994	5	24	16.5
1994	5	25	13.4
1994	5	26	12.6
1994	5	27	10.4
1994	5	28	11.8
1994	5	29	13.2
1994	5	30	11.3
1994	5	31	13.9
1994	6	1	18.2
1994	6	2	18.6
1994	6	3	15.1
1994	6	4	11.4
1994	6	5	9.8
1994	6	6	12.9
1994	6	7	14.9
1994	6	8	18.3
1994	6	9	10.7
1994	6	10	9.8
1994	6	11	10.1
1994	6	12	14.5
1994	6	13	15.7
1994	6	14	14.7
1994	6	15	15.4
1994	6	16	15.5
1994	6	17	14.5
1994	6	18	19.8
1994	6	19	20.8
1994	6	20	19.1
1994	6	21	19.8
1994	6	22	19.6
1994	6	23	18.1
1994	6	24	20.4
1994	6	25	23.7
1994	6	26	23.2
1994	6	27	24.2
1994	6	28	21.4
1994	6	29	21.2
1994	6	30	20.1
1994	7	1	22.9
1994	7	2	24.0
1994	7	3	25.9
1994	7	4	25.8
1994	7	5	21.4
1994	7	6	19.2
1994	7	7	15.8
1994	7	8	16.7
1994	7	9	16.4
1994	7	10	18.3
1994	7	11	20.5
1994	7	12	22.9
1994	7	13	23.5
1994	7	14	20.2
1994	7	15	20.4
1994	7	16	22.2
1994	7	17	24.0
1994	7	18	20.8
1994	7	19	18.5
1994	7	20	17.9
1994	7	21	20.4
1994	7	22	21.5
1994	7	23	22.3
1994	7	24	23.1
1994	7	25	23.6
1994	7	26	23.7
1994	7	27	24.5
1994	7	28	24.9
1994	7	29	24.1
1994	7	30	21.9
1994	7	31	22.0
1994	8	1	21.5
1994	8	2	21.6
1994	8	3	23.4
1994	8	4	25.1
1994	8	5	26.1
1994	8	6	24.9
1994	8	7	21.4
1994	8	8	19.6
1994	8	9	20.5
1994	8	10	20.2
1994	8	11	17.6
1994	8	12	15.4
1994	8	13	15.0
1994	8	14	12.4
1994	8	15	13.7
1994	8	16	17.3
1994	8	17	15.8
1994	8	18	14.2
1994	8	19	15.0
1994	8	20	15.8
1994	8	21	18.7
1994	8	22	21.3
1994	8	23	20.2
1994	8	24	17.9
1994	8	25	14.1
1994	8	26	17.1
1994	8	27	18.1
1994	8	28	14.4
1994	8	29	12.9
1994	8	30	16.2
1994	8	31	17.9
1994	9	1	16.9
1994	9	2	16.6
1994	9	3	12.6
1994	9	4	14.3
1994	9	5	14.8
1994	9	6	17.2
1994	9	7	14.6
1994	9	8	13.9
1994	9	9	12.8
1994	9	10	12.1
1994	9	11	14.3
1994	9	12	16.8
1994	9	13	14.0
1994	9	14	13.7
1994	9	15	11.4
1994	9	16	9.7
1994	9	17	7.9
1994	9	18	9.2
1994	9	19	9.7
1994	9	20	11.6
1994	9	21	13.1
1994	9	22	12.5
1994	9	23	16.6
1994	9	24	16.2
1994	9	25	16.7
1994	9	26	15.6
1994	9	27	14.9
1994	9	28	13.6
1994	9	29	11.4
1994	9	30	14.3
1994	10	1	13.4
1994	10	2	13.7
1994	10	3	12.9
1994	10	4	4.4
1994	10	5	3.9
1994	10	6	2.5
1994	10	7	2.1
1994	10	8	2.9
1994	10	9	5.5
1994	10	10	6.5
1994	10	11	6.4
1994	10	12	7.9
1994	10	13	8.2
1994	10	14	8.9
1994	10	15	10.3
1994	10	16	10.4
1994	10	17	4.9
1994	10	18	3.7
1994	10	19	3.9
1994	10	20	7.1
1994	10	21	5.9
1994	10	22	10.1
1994	10	23	8.6
1994	10	24	8.2
1994	10	25	9.6
1994	10	26	7.2
1994	10	27	7.3
1994	10	28	7.0
1994	10	29	6.7
1994	10	30	12.1
1994	10	31	15.5
1994	11	1	8.5
1994	11	2	6.3
1994	11	3	9.5
1994	11	4	9.3
1994	11	5	10.0
1994	11	6	9.5
1994	11	7	6.8
1994	11	8	7.4
1994	11	9	7.6
1994	11	10	7.4
1994	11	11	8.3
1994	11	12	6.5
1994	11	13	8.0
1994	11	14	11.2
1994	11	15	10.7
1994	11	16	7.6
1994	11	17	6.8
1994	11	18	6.6
1994	11	19	9.0
1994	11	20	11.2
1994	11	21	10.2
1994	11	22	7.3
1994	11	23	7.1
1994	11	24	8.4
1994	11	25	7.0
1994	11	26	6.1
1994	11	27	6.7
1994	11	28	5.4
1994	11	29	3.4
1994	11	30	2.8
1994	12	1	0.8
1994	12	2	1.6
1994	12	3	7.1
1994	12	4	10.6
1994	12	5	6.5
1994	12	6	4.3
1994	12	7	1.3
1994	12	8	6.5
1994	12	9	7.9
1994	12	10	7.3
1994	12	11	10.9
1994	12	12	10.1
1994	12	13	9.5
1994	12	14	2.1
1994	12	15	-1.2
1994	12	16	0.0
1994	12	17	2.1
1994	12	18	0.7
1994	12	19	2.4
1994	12	20	1.3
1994	12	21	-0.1
1994	12	22	0.3
1994	12	23	0.0
1994	12	24	-1.8
1994	12	25	-2.3
1994	12	26	-0.1
1994	12	27	6.6
1994	12	28	9.9
1994	12	29	8.9
1994	12	30	5.4
1994	12	31	4.3
1995	1	1	-0.5
1995	1	2	-1.1
1995	1	3	-3.2
1995	1	4	-7.9
1995	1	5	-9.8
1995	1	6	-10.1
1995	1	7	-6.2
1995	1	8	-6.3
1995	1	9	-1.1
1995	1	10	2.2
1995	1	11	0.7
1995	1	12	-0.5
1995	1	13	-5.5
1995	1	14	-2.9
1995	1	15	0.0
1995	1	16	-2.0
1995	1	17	-2.9
1995	1	18	-2.0
1995	1	19	2.1
1995	1	20	1.9
1995	1	21	3.1
1995	1	22	8.7
1995	1	23	6.0
1995	1	24	3.8
1995	1	25	8.2
1995	1	26	8.5
1995	1	27	0.7
1995	1	28	6.3
1995	1	29	6.9
1995	1	30	2.3
1995	1	31	0.4
1995	2	1	3.0
1995	2	2	3.2
1995	2	3	1.1
1995	2	4	4.0
1995	2	5	4.5
1995	2	6	7.8
1995	2	7	6.0
1995	2	8	7.0
1995	2	9	0.8
1995	2	10	4.7
1995	2	11	7.8
1995	2	12	6.3
1995	2	13	8.4
1995	2	14	6.3
1995	2	15	8.1
1995	2	16	6.1
1995	2	17	6.7
1995	2	18	3.3
1995	2	19	5.8
1995	2	20	8.9
1995	2	21	7.5
1995	2	22	2.1
1995	2	23	1.5
1995	2	24	2.1
1995	2	25	4.2
1995	2	26	1.5
1995	2	27	1.4
1995	2	28	5.4
1995	3	1	8.8
1995	3	2	4.5
1995	3	3	4.0
1995	3	4	0.2
1995	3	5	0.7
1995	3	6	2.3
1995	3	7	0.8
1995	3	8	1.7
1995	3	9	0.9
1995	3	10	2.4
1995	3	11	4.1
1995	3	12	4.8
1995	3	13	4.8
1995	3	14	-0.5
1995	3	15	0.9
1995	3	16	2.6
1995	3	17	6.9
1995	3	18	7.0
1995	3	19	3.3
1995	3	20	1.9
1995	3	21	1.5
1995	3	22	2.8
1995	3	23	4.3
1995	3	24	6.1
1995	3	25	6.4
1995	3	26	7.4
1995	3	27	1.4
1995	3	28	-1.1
1995	3	29	-0.7
1995	3	30	-1.0
1995	3	31	0.8
1995	4	1	6.5
1995	4	2	12.3
1995	4	3	10.9
1995	4	4	10.5
1995	4	5	10.5
1995	4	6	10.9
1995	4	7	11.8
1995	4	8	5.1
1995	4	9	2.9
1995	4	10	4.3
1995	4	11	7.2
1995	4	12	5.9
1995	4	13	7.1
1995	4	14	6.8
1995	4	15	7.7
1995	4	16	4.4
1995	4	17	6.3
1995	4	18	8.9
1995	4	19	9.9
1995	4	20	4.8
1995	4	21	11.3
1995	4	22	11.7
1995	4	23	14.6
1995	4	24	18.1
1995	4	25	14.2
1995	4	26	12.2
1995	4	27	9.7
1995	4	28	8.5
1995	4	29	11.9
1995	4	30	12.5
1995	5	1	12.5
1995	5	2	12.3
1995	5	3	13.2
1995	5	4	14.8
1995	5	5	14.6
1995	5	6	17.4
1995	5	7	16.6
1995	5	8	15.6
1995	5	9	10.7
1995	5	10	8.3
1995	5	11	10.4
1995	5	12	10.2
1995	5	13	7.2
1995	5	14	4.9
1995	5	15	8.3
1995	5	16	10.2
1995	5	17	11.8
1995	5	18	8.3
1995	5	19	6.9
1995	5	20	8.5
1995	5	21	9.5
1995	5	22	11.8
1995	5	23	15.5
1995	5	24	18.4
1995	5	25	19.5
1995	5	26	15.5
1995	5	27	14.7
1995	5	28	18.2
1995	5	29	17.0
1995	5	30	14.0
1995	5	31	12.3
1995	6	1	10.7
1995	6	2	12.8
1995	6	3	13.4
1995	6	4	13.5
1995	6	5	13.8
1995	6	6	12.9
1995	6	7	14.7
1995	6	8	10.9
1995	6	9	11.4
1995	6	10	13.3
1995	6	11	11.7
1995	6	12	12.2
1995	6	13	13.2
1995	6	14	10.9
1995	6	15	12.6
1995	6	16	11.6
1995	6	17	15.2
1995	6	18	13.9
1995	6	19	17.1
1995	6	20	21.5
1995	6	21	19.2
1995	6	22	13.8
1995	6	23	10.8
1995	6	24	11.9
1995	6	25	15.3
1995	6	26	19.2
1995	6	27	21.9
1995	6	28	19.8
1995	6	29	19.9
1995	6	30	21.3
1995	7	1	22.9
1995	7	2	21.1
1995	7	3	16.4
1995	7	4	14.9
1995	7	5	15.3
1995	7	6	17.7
1995	7	7	20.7
1995	7	8	22.6
1995	7	9	24.3
1995	7	10	25.3
1995	7	11	21.2
1995	7	12	21.4
1995	7	13	23.9
1995	7	14	21.2
1995	7	15	20.0
1995	7	16	18.7
1995	7	17	18.1
1995	7	18	19.3
1995	7	19	21.3
1995	7	20	23.8
1995	7	21	26.0
1995	7	22	23.0
1995	7	23	16.2
1995	7	24	18.4
1995	7	25	20.7
1995	7	26	22.9
1995	7	27	19.8
1995	7	28	18.4
1995	7	29	19.1
1995	7	30	21.5
1995	7	31	22.7
1995	8	1	22.4
1995	8	2	21.1
1995	8	3	19.9
1995	8	4	21.0
1995	8	5	21.7
1995	8	6	23.4
1995	8	7	19.9
1995	8	8	17.5
1995	8	9	17.6
1995	8	10	18.7
1995	8	11	20.2
1995	8	12	22.8
1995	8	13	18.6
1995	8	14	16.9
1995	8	15	16.6
1995	8	16	16.0
1995	8	17	17.6
1995	8	18	20.1
1995	8	19	20.3
1995	8	20	18.6
1995	8	21	18.5
1995	8	22	20.4
1995	8	23	19.1
1995	8	24	17.4
1995	8	25	17.6
1995	8	26	15.7
1995	8	27	14.8
1995	8	28	11.1
1995	8	29	10.0
1995	8	30	9.4
1995	8	31	10.6
1995	9	1	12.0
1995	9	2	11.5
1995	9	3	11.7
1995	9	4	11.0
1995	9	5	12.9
1995	9	6	13.7
1995	9	7	15.0
1995	9	8	14.1
1995	9	9	12.7
1995	9	10	13.7
1995	9	11	14.5
1995	9	12	15.5
1995	9	13	13.9
1995	9	14	12.2
1995	9	15	11.5
1995	9	16	11.4
1995	9	17	13.2
1995	9	18	14.4
1995	9	19	13.4
1995	9	20	10.6
1995	9	21	9.1
1995	9	22	10.3
1995	9	23	12.4
1995	9	24	11.6
1995	9	25	10.4
1995	9	26	12.0
1995	9	27	12.7
1995	9	28	7.4
1995	9	29	7.1
1995	9	30	8.1
1995	10	1	10.9
1995	10	2	12.6
1995	10	3	12.5
1995	10	4	16.5
1995	10	5	15.5
1995	10	6	15.3
1995	10	7	13.8
1995	10	8	14.8
1995	10	9	14.3
1995	10	10	13.6
1995	10	11	14.8
1995	10	12	14.4
1995	10	13	13.0
1995	10	14	12.6
1995	10	15	11.7
1995	10	16	12.0
1995	10	17	10.3
1995	10	18	11.5
1995	10	19	12.3
1995	10	20	10.4
1995	10	21	6.5
1995	10	22	6.0
1995	10	23	8.5
1995	10	24	8.5
1995	10	25	8.1
1995	10	26	11.5
1995	10	27	13.4
1995	10	28	13.0
1995	10	29	12.6
1995	10	30	11.6
1995	10	31	8.5
1995	11	1	6.1
1995	11	2	4.7
1995	11	3	3.9
1995	11	4	0.9
1995	11	5	-2.6
1995	11	6	-0.9
1995	11	7	-0.5
1995	11	8	3.1
1995	11	9	5.0
1995	11	10	5.4
1995	11	11	5.1
1995	11	12	5.0
1995	11	13	3.9
1995	11	14	6.9
1995	11	15	7.5
1995	11	16	9.8
1995	11	17	4.5
1995	11	18	-0.5
1995	11	19	1.0
1995	11	20	-1.6
1995	11	21	-2.6
1995	11	22	0.9
1995	11	23	4.6
1995	11	24	4.1
1995	11	25	1.5
1995	11	26	-0.1
1995	11	27	-1.1
1995	11	28	0.0
1995	11	29	2.0
1995	11	30	1.6
1995	12	1	0.7
1995	12	2	1.7
1995	12	3	-0.1
1995	12	4	-0.9
1995	12	5	-2.8
1995	12	6	-3.0
1995	12	7	-1.4
1995	12	8	-0.9
1995	12	9	-1.2
1995	12	10	-1.7
1995	12	11	-1.5
1995	12	12	-0.5
1995	12	13	-1.3
1995	12	14	-3.2
1995	12	15	-1.6
1995	12	16	-1.3
1995	12	17	-1.4
1995	12	18	2.1
1995	12	19	3.6
1995	12	20	1.5
1995	12	21	1.4
1995	12	22	7.1
1995	12	23	10.0
1995	12	24	4.8
1995	12	25	1.8
1995	12	26	-1.4
1995	12	27	-5.4
1995	12	28	-7.7
1995	12	29	-7.1
1995	12	30	-5.3
1995	12	31	-2.0
1996	1	1	-0.8
1996	1	2	-2.4
1996	1	3	-1.8
1996	1	4	-3.0
1996	1	5	-6.0
1996	1	6	-4.9
1996	1	7	1.1
1996	1	8	2.8
1996	1	9	0.8
1996	1	10	1.0
1996	1	11	1.5
1996	1	12	0.8
1996	1	13	0.6
1996	1	14	0.0
1996	1	15	-0.8
1996	1	16	-1.5
1996	1	17	-2.7
1996	1	18	-3.2
1996	1	19	-3.7
1996	1	20	-2.8
1996	1	21	-3.3
1996	1	22	-3.4
1996	1	23	-2.6
1996	1	24	-3.9
1996	1	25	-6.3
1996	1	26	-5.4
1996	1	27	-2.6
1996	1	28	-3.6
1996	1	29	-2.2
1996	1	30	-1.8
1996	1	31	-3.3
1996	2	1	-6.5
1996	2	2	-2.2
1996	2	3	-0.5
1996	2	4	-5.6
1996	2	5	-5.8
1996	2	6	-6.6
1996	2	7	-7.3
1996	2	8	-6.4
1996	2	9	-3.7
1996	2	10	-0.3
1996	2	11	1.3
1996	2	12	2.1
1996	2	13	0.0
1996	2	14	-1.0
1996	2	15	-1.7
1996	2	16	0.4
1996	2	17	3.0
1996	2	18	2.3
1996	2	19	1.1
1996	2	20	-0.9
1996	2	21	-4.8
1996	2	22	-6.5
1996	2	23	-7.4
1996	2	24	-3.0
1996	2	25	2.9
1996	2	26	3.3
1996	2	27	2.3
1996	2	28	1.9
1996	2	29	2.9
1996	3	1	-0.8
1996	3	2	-1.9
1996	3	3	-2.3
1996	3	4	-3.9
1996	3	5	-0.6
1996	3	6	0.1
1996	3	7	1.7
1996	3	8	0.5
1996	3	9	0.7
1996	3	10	0.6
1996	3	11	-4.2
1996	3	12	-5.7
1996	3	13	-3.3
1996	3	14	-0.3
1996	3	15	2.5
1996	3	16	3.7
1996	3	17	4.4
1996	3	18	5.5
1996	3	19	6.0
1996	3	20	3.9
1996	3	21	7.5
1996	3	22	7.3
1996	3	23	8.8
1996	3	24	8.1
1996	3	25	9.5
1996	3	26	7.3
1996	3	27	0.2
1996	3	28	1.3
1996	3	29	0.9
1996	3	30	0.9
1996	3	31	0.1
1996	4	1	1.2
1996	4	2	0.7
1996	4	3	0.5
1996	4	4	0.0
1996	4	5	3.3
1996	4	6	7.6
1996	4	7	9.0
1996	4	8	10.6
1996	4	9	6.1
1996	4	10	8.3
1996	4	11	8.6
1996	4	12	1.7
1996	4	13	2.6
1996	4	14	5.3
1996	4	15	5.2
1996	4	16	8.6
1996	4	17	9.9
1996	4	18	10.5
1996	4	19	13.0
1996	4	20	15.7
1996	4	21	15.4
1996	4	22	16.8
1996	4	23	15.3
1996	4	24	11.0
1996	4	25	11.3
1996	4	26	10.6
1996	4	27	14.7
1996	4	28	12.4
1996	4	29	11.8
1996	4	30	8.6
1996	5	1	12.0
1996	5	2	13.1
1996	5	3	9.3
1996	5	4	7.4
1996	5	5	9.4
1996	5	6	13.4
1996	5	7	12.6
1996	5	8	9.1
1996	5	9	5.8
1996	5	10	7.0
1996	5	11	9.7
1996	5	12	11.1
1996	5	13	10.5
1996	5	14	12.3
1996	5	15	10.6
1996	5	16	10.7
1996	5	17	14.5
1996	5	18	14.5
1996	5	19	11.4
1996	5	20	11.4
1996	5	21	10.7
1996	5	22	10.2
1996	5	23	12.7
1996	5	24	16.9
1996	5	25	12.3
1996	5	26	12.7
1996	5	27	12.5
1996	5	28	7.7
1996	5	29	13.2
1996	5	30	17.9
1996	5	31	21.2
1996	6	1	17.2
1996	6	2	13.1
1996	6	3	12.7
1996	6	4	15.9
1996	6	5	18.7
1996	6	6	21.8
1996	6	7	23.9
1996	6	8	23.1
1996	6	9	19.8
1996	6	10	20.1
1996	6	11	22.2
1996	6	12	22.0
1996	6	13	15.2
1996	6	14	14.4
1996	6	15	16.3
1996	6	16	16.6
1996	6	17	18.3
1996	6	18	19.9
1996	6	19	14.4
1996	6	20	13.7
1996	6	21	12.5
1996	6	22	9.8
1996	6	23	12.3
1996	6	24	11.5
1996	6	25	12.3
1996	6	26	15.0
1996	6	27	16.3
1996	6	28	18.3
1996	6	29	15.3
1996	6	30	12.1
1996	7	1	14.5
1996	7	2	14.0
1996	7	3	16.6
1996	7	4	17.7
1996	7	5	18.0
1996	7	6	13.0
1996	7	7	13.9
1996	7	8	10.6
1996	7	9	12.2
1996	7	10	13.3
1996	7	11	15.2
1996	7	12	18.3
1996	7	13	19.5
1996	7	14	20.1
1996	7	15	20.5
1996	7	16	14.8
1996	7	17	16.0
1996	7	18	15.8
1996	7	19	15.0
1996	7	20	15.3
1996	7	21	15.5
1996	7	22	17.3
1996	7	23	19.8
1996	7	24	17.2
1996	7	25	14.0
1996	7	26	16.6
1996	7	27	18.4
1996	7	28	19.8
1996	7	29	19.7
1996	7	30	17.4
1996	7	31	18.7
1996	8	1	20.7
1996	8	2	19.7
1996	8	3	16.6
1996	8	4	15.4
1996	8	5	16.8
1996	8	6	17.8
1996	8	7	17.2
1996	8	8	17.4
1996	8	9	19.5
1996	8	10	21.5
1996	8	11	15.7
1996	8	12	14.3
1996	8	13	15.1
1996	8	14	15.2
1996	8	15	15.8
1996	8	16	16.5
1996	8	17	16.6
1996	8	18	18.0
1996	8	19	19.5
1996	8	20	19.2
1996	8	21	19.4
1996	8	22	18.8
1996	8	23	19.1
1996	8	24	15.7
1996	8	25	15.3
1996	8	26	15.6
1996	8	27	17.6
1996	8	28	13.7
1996	8	29	14.3
1996	8	30	13.5
1996	8	31	12.9
1996	9	1	12.0
1996	9	2	13.6
1996	9	3	15.8
1996	9	4	15.9
1996	9	5	14.2
1996	9	6	10.3
1996	9	7	8.5
1996	9	8	9.1
1996	9	9	7.7
1996	9	10	11.5
1996	9	11	11.2
1996	9	12	9.5
1996	9	13	8.1
1996	9	14	10.6
1996	9	15	10.4
1996	9	16	8.1
1996	9	17	6.8
1996	9	18	8.8
1996	9	19	11.6
1996	9	20	8.9
1996	9	21	11.0
1996	9	22	10.7
1996	9	23	10.8
1996	9	24	9.2
1996	9	25	11.2
1996	9	26	10.1
1996	9	27	10.9
1996	9	28	9.8
1996	9	29	11.8
1996	9	30	12.8
1996	10	1	13.1
1996	10	2	7.9
1996	10	3	6.7
1996	10	4	10.1
1996	10	5	8.2
1996	10	6	8.9
1996	10	7	10.6
1996	10	8	11.5
1996	10	9	11.4
1996	10	10	10.7
1996	10	11	10.7
1996	10	12	10.8
1996	10	13	10.5
1996	10	14	9.1
1996	10	15	10.7
1996	10	16	9.2
1996	10	17	6.9
1996	10	18	6.3
1996	10	19	8.8
1996	10	20	9.5
1996	10	21	10.1
1996	10	22	5.7
1996	10	23	5.7
1996	10	24	6.3
1996	10	25	7.0
1996	10	26	9.8
1996	10	27	10.1
1996	10	28	13.7
1996	10	29	8.4
1996	10	30	6.0
1996	10	31	6.5
1996	11	1	10.4
1996	11	2	11.3
1996	11	3	10.9
1996	11	4	8.6
1996	11	5	9.2
1996	11	6	9.9
1996	11	7	8.6
1996	11	8	6.1
1996	11	9	5.7
1996	11	10	6.0
1996	11	11	9.3
1996	11	12	7.9
1996	11	13	6.1
1996	11	14	2.7
1996	11	15	2.8
1996	11	16	3.9
1996	11	17	2.4
1996	11	18	1.0
1996	11	19	2.6
1996	11	20	5.8
1996	11	21	1.3
1996	11	22	-1.3
1996	11	23	-1.3
1996	11	24	0.4
1996	11	25	1.1
1996	11	26	3.0
1996	11	27	-0.4
1996	11	28	-0.3
1996	11	29	0.0
1996	11	30	2.8
1996	12	1	1.8
1996	12	2	3.5
1996	12	3	5.0
1996	12	4	4.8
1996	12	5	1.6
1996	12	6	-0.7
1996	12	7	-1.0
1996	12	8	-1.5
1996	12	9	-0.7
1996	12	10	-0.8
1996	12	11	-1.1
1996	12	12	-0.9
1996	12	13	4.6
1996	12	14	-0.4
1996	12	15	0.1
1996	12	16	1.7
1996	12	17	1.8
1996	12	18	3.9
1996	12	19	4.9
1996	12	20	1.8
1996	12	21	-0.2
1996	12	22	-2.3
1996	12	23	-4.0
1996	12	24	-8.2
1996	12	25	-9.5
1996	12	26	-11.6
1996	12	27	-10.5
1996	12	28	-12.7
1996	12	29	-12.6
1996	12	30	-10.3
1996	12	31	-13.0
1997	1	1	-11.0
1997	1	2	-9.1
1997	1	3	-6.7
1997	1	4	-4.2
1997	1	5	-4.9
1997	1	6	-5.2
1997	1	7	-6.8
1997	1	8	-6.3
1997	1	9	-4.6
1997	1	10	-3.4
1997	1	11	-4.0
1997	1	12	-6.4
1997	1	13	-8.1
1997	1	14	-6.8
1997	1	15	-7.7
1997	1	16	-7.8
1997	1	17	-7.3
1997	1	18	-1.2
1997	1	19	1.0
1997	1	20	1.9
1997	1	21	1.7
1997	1	22	1.4
1997	1	23	3.7
1997	1	24	2.0
1997	1	25	2.1
1997	1	26	0.8
1997	1	27	1.2
1997	1	28	-0.6
1997	1	29	1.2
1997	1	30	-0.9
1997	1	31	-1.0
1997	2	1	-1.4
1997	2	2	-2.7
1997	2	3	-2.1
1997	2	4	1.3
1997	2	5	2.5
1997	2	6	0.3
1997	2	7	-0.6
1997	2	8	2.6
1997	2	9	2.3
1997	2	10	8.2
1997	2	11	3.9
1997	2	12	9.3
1997	2	13	5.1
1997	2	14	2.6
1997	2	15	2.0
1997	2	16	1.2
1997	2	17	1.7
1997	2	18	5.3
1997	2	19	3.4
1997	2	20	7.1
1997	2	21	7.1
1997	2	22	6.3
1997	2	23	6.9
1997	2	24	10.1
1997	2	25	8.9
1997	2	26	7.3
1997	2	27	4.7
1997	2	28	5.5
1997	3	1	7.6
1997	3	2	10.5
1997	3	3	6.6
1997	3	4	7.7
1997	3	5	8.3
1997	3	6	7.9
1997	3	7	6.4
1997	3	8	4.9
1997	3	9	6.3
1997	3	10	7.5
1997	3	11	7.6
1997	3	12	7.4
1997	3	13	5.3
1997	3	14	5.8
1997	3	15	7.8
1997	3	16	9.6
1997	3	17	9.8
1997	3	18	9.7
1997	3	19	4.7
1997	3	20	1.6
1997	3	21	3.7
1997	3	22	1.6
1997	3	23	3.6
1997	3	24	5.9
1997	3	25	5.7
1997	3	26	8.6
1997	3	27	10.2
1997	3	28	6.3
1997	3	29	4.8
1997	3	30	5.0
1997	3	31	6.8
1997	4	1	8.5
1997	4	2	10.1
1997	4	3	10.2
1997	4	4	3.9
1997	4	5	5.0
1997	4	6	4.6
1997	4	7	2.0
1997	4	8	5.0
1997	4	9	8.9
1997	4	10	9.4
1997	4	11	6.0
1997	4	12	3.6
1997	4	13	4.4
1997	4	14	7.1
1997	4	15	5.2
1997	4	16	3.3
1997	4	17	3.9
1997	4	18	7.6
1997	4	19	4.3
1997	4	20	2.9
1997	4	21	3.2
1997	4	22	5.0
1997	4	23	5.1
1997	4	24	8.9
1997	4	25	12.1
1997	4	26	10.6
1997	4	27	10.5
1997	4	28	11.6
1997	4	29	9.1
1997	4	30	9.7
1997	5	1	9.5
1997	5	2	12.8
1997	5	3	15.6
1997	5	4	15.7
1997	5	5	14.5
1997	5	6	10.3
1997	5	7	5.2
1997	5	8	4.9
1997	5	9	6.6
1997	5	10	10.1
1997	5	11	15.9
1997	5	12	12.0
1997	5	13	15.1
1997	5	14	19.0
1997	5	15	20.6
1997	5	16	18.8
1997	5	17	20.6
1997	5	18	15.5
1997	5	19	17.7
1997	5	20	14.4
1997	5	21	12.7
1997	5	22	10.9
1997	5	23	12.0
1997	5	24	12.1
1997	5	25	11.3
1997	5	26	13.5
1997	5	27	12.9
1997	5	28	8.6
1997	5	29	13.2
1997	5	30	12.8
1997	5	31	11.4
1997	6	1	12.8
1997	6	2	15.2
1997	6	3	12.4
1997	6	4	15.1
1997	6	5	18.8
1997	6	6	18.7
1997	6	7	20.9
1997	6	8	18.5
1997	6	9	19.1
1997	6	10	21.3
1997	6	11	21.8
1997	6	12	19.0
1997	6	13	17.3
1997	6	14	17.8
1997	6	15	15.4
1997	6	16	16.8
1997	6	17	14.2
1997	6	18	11.1
1997	6	19	13.8
1997	6	20	13.1
1997	6	21	12.6
1997	6	22	11.6
1997	6	23	12.4
1997	6	24	12.6
1997	6	25	13.8
1997	6	26	13.6
1997	6	27	13.6
1997	6	28	17.2
1997	6	29	17.0
1997	6	30	13.9
1997	7	1	14.2
1997	7	2	17.7
1997	7	3	15.9
1997	7	4	15.5
1997	7	5	14.6
1997	7	6	13.6
1997	7	7	16.0
1997	7	8	16.7
1997	7	9	16.6
1997	7	10	18.5
1997	7	11	19.7
1997	7	12	19.7
1997	7	13	20.8
1997	7	14	17.8
1997	7	15	17.5
1997	7	16	18.2
1997	7	17	19.7
1997	7	18	14.8
1997	7	19	14.1
1997	7	20	13.6
1997	7	21	14.6
1997	7	22	17.7
1997	7	23	18.3
1997	7	24	19.7
1997	7	25	16.2
1997	7	26	16.3
1997	7	27	18.3
1997	7	28	16.9
1997	7	29	18.2
1997	7	30	19.9
1997	7	31	14.4
1997	8	1	13.5
1997	8	2	15.9
1997	8	3	18.7
1997	8	4	22.5
1997	8	5	22.6
1997	8	6	21.6
1997	8	7	20.4
1997	8	8	18.4
1997	8	9	18.9
1997	8	10	21.6
1997	8	11	21.3
1997	8	12	20.7
1997	8	13	20.6
1997	8	14	22.1
1997	8	15	19.7
1997	8	16	19.7
1997	8	17	19.7
1997	8	18	18.0
1997	8	19	18.6
1997	8	20	19.3
1997	8	21	20.3
1997	8	22	20.7
1997	8	23	21.6
1997	8	24	21.5
1997	8	25	22.6
1997	8	26	19.8
1997	8	27	21.1
1997	8	28	15.1
1997	8	29	13.3
1997	8	30	15.7
1997	8	31	18.8
1997	9	1	19.6
1997	9	2	18.5
1997	9	3	18.1
1997	9	4	18.7
1997	9	5	19.2
1997	9	6	16.1
1997	9	7	14.7
1997	9	8	16.2
1997	9	9	15.5
1997	9	10	11.0
1997	9	11	13.7
1997	9	12	18.3
1997	9	13	11.5
1997	9	14	8.6
1997	9	15	10.7
1997	9	16	13.0
1997	9	17	14.2
1997	9	18	15.5
1997	9	19	13.5
1997	9	20	9.2
1997	9	21	9.4
1997	9	22	10.4
1997	9	23	11.1
1997	9	24	11.8
1997	9	25	12.1
1997	9	26	12.3
1997	9	27	12.3
1997	9	28	12.4
1997	9	29	12.7
1997	9	30	14.7
1997	10	1	16.7
1997	10	2	14.4
1997	10	3	7.9
1997	10	4	8.1
1997	10	5	8.7
1997	10	6	13.3
1997	10	7	16.3
1997	10	8	16.6
1997	10	9	19.1
1997	10	10	13.2
1997	10	11	10.3
1997	10	12	8.8
1997	10	13	6.4
1997	10	14	5.6
1997	10	15	5.4
1997	10	16	6.4
1997	10	17	6.8
1997	10	18	7.9
1997	10	19	6.8
1997	10	20	7.4
1997	10	21	3.8
1997	10	22	2.0
1997	10	23	1.8
1997	10	24	2.4
1997	10	25	5.0
1997	10	26	5.3
1997	10	27	1.0
1997	10	28	0.2
1997	10	29	-1.4
1997	10	30	4.1
1997	10	31	1.2
1997	11	1	0.5
1997	11	2	0.5
1997	11	3	3.5
1997	11	4	2.6
1997	11	5	8.2
1997	11	6	8.8
1997	11	7	7.3
1997	11	8	5.9
1997	11	9	6.8
1997	11	10	8.9
1997	11	11	5.8
1997	11	12	4.9
1997	11	13	5.1
1997	11	14	3.9
1997	11	15	4.4
1997	11	16	6.4
1997	11	17	3.1
1997	11	18	2.3
1997	11	19	-1.1
1997	11	20	1.1
1997	11	21	3.7
1997	11	22	1.7
1997	11	23	2.8
1997	11	24	2.2
1997	11	25	2.6
1997	11	26	0.7
1997	11	27	0.6
1997	11	28	5.4
1997	11	29	7.3
1997	11	30	6.3
1997	12	1	2.4
1997	12	2	-0.2
1997	12	3	-1.4
1997	12	4	-0.1
1997	12	5	-1.1
1997	12	6	-2.3
1997	12	7	0.3
1997	12	8	0.5
1997	12	9	2.3
1997	12	10	8.3
1997	12	11	10.3
1997	12	12	6.1
1997	12	13	4.5
1997	12	14	1.6
1997	12	15	-1.7
1997	12	16	-4.9
1997	12	17	-1.5
1997	12	18	0.7
1997	12	19	0.6
1997	12	20	0.7
1997	12	21	-0.1
1997	12	22	-0.3
1997	12	23	1.0
1997	12	24	4.4
1997	12	25	12.1
1997	12	26	7.6
1997	12	27	4.0
1997	12	28	3.2
1997	12	29	1.6
1997	12	30	1.1
1997	12	31	6.3
1998	1	1	5.1
1998	1	2	7.5
1998	1	3	7.4
1998	1	4	7.3
1998	1	5	7.8
1998	1	6	4.1
1998	1	7	8.3
1998	1	8	7.7
1998	1	9	8.2
1998	1	10	1.6
1998	1	11	2.1
1998	1	12	-0.8
1998	1	13	1.1
1998	1	14	5.2
1998	1	15	4.5
1998	1	16	6.3
1998	1	17	2.3
1998	1	18	2.8
1998	1	19	4.0
1998	1	20	0.7
1998	1	21	0.2
1998	1	22	-0.9
1998	1	23	0.1
1998	1	24	-1.7
1998	1	25	-2.9
1998	1	26	-5.2
1998	1	27	-7.0
1998	1	28	-6.5
1998	1	29	-4.5
1998	1	30	-5.2
1998	1	31	-5.3
1998	2	1	-8.3
1998	2	2	-9.8
1998	2	3	-4.9
1998	2	4	-5.5
1998	2	5	-4.0
1998	2	6	-1.3
1998	2	7	-0.5
1998	2	8	0.7
1998	2	9	0.1
1998	2	10	1.1
1998	2	11	1.8
1998	2	12	3.8
1998	2	13	4.5
1998	2	14	8.0
1998	2	15	6.4
1998	2	16	7.2
1998	2	17	6.1
1998	2	18	4.8
1998	2	19	7.2
1998	2	20	5.8
1998	2	21	10.2
1998	2	22	6.7
1998	2	23	4.9
1998	2	24	4.0
1998	2	25	8.4
1998	2	26	5.7
1998	2	27	6.5
1998	2	28	5.0
1998	3	1	4.2
1998	3	2	7.2
1998	3	3	11.7
1998	3	4	15.8
1998	3	5	4.1
1998	3	6	6.3
1998	3	7	7.5
1998	3	8	5.5
1998	3	9	-0.8
1998	3	10	-0.1
1998	3	11	3.2
1998	3	12	2.0
1998	3	13	2.5
1998	3	14	5.3
1998	3	15	5.3
1998	3	16	6.9
1998	3	17	6.0
1998	3	18	7.7
1998	3	19	4.4
1998	3	20	3.4
1998	3	21	1.3
1998	3	22	2.6
1998	3	23	0.6
1998	3	24	1.5
1998	3	25	0.5
1998	3	26	3.1
1998	3	27	7.3
1998	3	28	10.8
1998	3	29	11.6
1998	3	30	12.4
1998	3	31	12.9
1998	4	1	13.2
1998	4	2	11.3
1998	4	3	12.8
1998	4	4	7.8
1998	4	5	9.1
1998	4	6	8.3
1998	4	7	7.6
1998	4	8	5.6
1998	4	9	6.3
1998	4	10	8.1
1998	4	11	8.0
1998	4	12	3.4
1998	4	13	4.0
1998	4	14	3.7
1998	4	15	8.5
1998	4	16	5.5
1998	4	17	6.5
1998	4	18	5.5
1998	4	19	3.2
1998	4	20	9.4
1998	4	21	10.7
1998	4	22	12.4
1998	4	23	11.8
1998	4	24	11.5
1998	4	25	14.3
1998	4	26	13.8
1998	4	27	12.1
1998	4	28	8.8
1998	4	29	9.7
1998	4	30	14.0
1998	5	1	12.3
1998	5	2	10.3
1998	5	3	11.2
1998	5	4	7.8
1998	5	5	10.2
1998	5	6	11.2
1998	5	7	13.1
1998	5	8	15.6
1998	5	9	17.9
1998	5	10	19.5
1998	5	11	20.0
1998	5	12	19.9
1998	5	13	21.3
1998	5	14	18.1
1998	5	15	17.1
1998	5	16	13.9
1998	5	17	12.7
1998	5	18	13.7
1998	5	19	15.4
1998	5	20	16.5
1998	5	21	13.8
1998	5	22	9.4
1998	5	23	8.2
1998	5	24	11.2
1998	5	25	12.4
1998	5	26	13.9
1998	5	27	16.2
1998	5	28	18.5
1998	5	29	15.4
1998	5	30	15.1
1998	5	31	15.5
1998	6	1	14.4
1998	6	2	19.7
1998	6	3	17.0
1998	6	4	19.9
1998	6	5	23.9
1998	6	6	23.4
1998	6	7	18.4
1998	6	8	14.5
1998	6	9	18.7
1998	6	10	16.7
1998	6	11	13.4
1998	6	12	9.8
1998	6	13	10.8
1998	6	14	11.7
1998	6	15	13.7
1998	6	16	12.5
1998	6	17	12.7
1998	6	18	13.7
1998	6	19	17.7
1998	6	20	21.1
1998	6	21	24.0
1998	6	22	19.2
1998	6	23	16.9
1998	6	24	19.1
1998	6	25	21.7
1998	6	26	18.4
1998	6	27	19.1
1998	6	28	17.0
1998	6	29	16.9
1998	6	30	18.5
1998	7	1	14.4
1998	7	2	17.0
1998	7	3	18.1
1998	7	4	15.0
1998	7	5	16.6
1998	7	6	16.6
1998	7	7	11.9
1998	7	8	11.5
1998	7	9	15.3
1998	7	10	16.7
1998	7	11	17.1
1998	7	12	15.6
1998	7	13	17.5
1998	7	14	15.7
1998	7	15	15.3
1998	7	16	13.3
1998	7	17	18.0
1998	7	18	17.2
1998	7	19	19.6
1998	7	20	25.4
1998	7	21	21.6
1998	7	22	19.8
1998	7	23	20.4
1998	7	24	20.1
1998	7	25	18.6
1998	7	26	20.8
1998	7	27	18.4
1998	7	28	18.0
1998	7	29	17.3
1998	7	30	15.6
1998	7	31	16.1
1998	8	1	17.4
1998	8	2	17.2
1998	8	3	17.3
1998	8	4	18.9
1998	8	5	17.7
1998	8	6	18.7
1998	8	7	21.0
1998	8	8	23.1
1998	8	9	24.3
1998	8	10	23.5
1998	8	11	25.3
1998	8	12	25.6
1998	8	13	19.1
1998	8	14	17.3
1998	8	15	20.9
1998	8	16	20.9
1998	8	17	20.7
1998	8	18	19.9
1998	8	19	19.1
1998	8	20	18.7
1998	8	21	14.7
1998	8	22	13.7
1998	8	23	14.7
1998	8	24	13.9
1998	8	25	12.0
1998	8	26	16.0
1998	8	27	11.1
1998	8	28	10.2
1998	8	29	10.9
1998	8	30	11.7
1998	8	31	13.0
1998	9	1	15.3
1998	9	2	17.2
1998	9	3	15.8
1998	9	4	17.1
1998	9	5	14.7
1998	9	6	13.8
1998	9	7	14.9
1998	9	8	15.4
1998	9	9	20.1
1998	9	10	16.8
1998	9	11	14.7
1998	9	12	11.2
1998	9	13	8.7
1998	9	14	8.6
1998	9	15	10.9
1998	9	16	11.3
1998	9	17	10.3
1998	9	18	10.3
1998	9	19	8.7
1998	9	20	10.2
1998	9	21	11.7
1998	9	22	11.5
1998	9	23	11.6
1998	9	24	12.2
1998	9	25	13.2
1998	9	26	15.3
1998	9	27	14.9
1998	9	28	13.6
1998	9	29	13.2
1998	9	30	12.9
1998	10	1	11.8
1998	10	2	9.7
1998	10	3	9.1
1998	10	4	7.7
1998	10	5	10.4
1998	10	6	9.1
1998	10	7	8.8
1998	10	8	9.9
1998	10	9	9.4
1998	10	10	10.7
1998	10	11	9.4
1998	10	12	8.6
1998	10	13	9.1
1998	10	14	11.8
1998	10	15	12.8
1998	10	16	11.2
1998	10	17	14.1
1998	10	18	8.2
1998	10	19	3.4
1998	10	20	6.3
1998	10	21	9.4
1998	10	22	11.2
1998	10	23	13.1
1998	10	24	10.1
1998	10	25	9.3
1998	10	26	7.0
1998	10	27	8.8
1998	10	28	12.7
1998	10	29	8.3
1998	10	30	5.0
1998	10	31	6.0
1998	11	1	6.4
1998	11	2	5.9
1998	11	3	8.6
1998	11	4	6.8
1998	11	5	3.2
1998	11	6	5.5
1998	11	7	4.5
1998	11	8	4.3
1998	11	9	9.6
1998	11	10	9.4
1998	11	11	3.7
1998	11	12	0.7
1998	11	13	3.4
1998	11	14	2.5
1998	11	15	3.1
1998	11	16	2.5
1998	11	17	-0.6
1998	11	18	-1.9
1998	11	19	-1.1
1998	11	20	-4.6
1998	11	21	-5.4
1998	11	22	-7.5
1998	11	23	-3.3
1998	11	24	-1.8
1998	11	25	-1.9
1998	11	26	-0.9
1998	11	27	0.9
1998	11	28	0.5
1998	11	29	0.2
1998	11	30	0.1
1998	12	1	-1.8
1998	12	2	-1.9
1998	12	3	-2.1
1998	12	4	-2.1
1998	12	5	-0.4
1998	12	6	-1.4
1998	12	7	-2.3
1998	12	8	-3.9
1998	12	9	-5.7
1998	12	10	-1.5
1998	12	11	0.1
1998	12	12	1.5
1998	12	13	7.6
1998	12	14	7.4
1998	12	15	3.6
1998	12	16	3.9
1998	12	17	-0.3
1998	12	18	0.6
1998	12	19	4.5
1998	12	20	2.2
1998	12	21	-0.9
1998	12	22	0.4
1998	12	23	-1.4
1998	12	24	0.3
1998	12	25	1.1
1998	12	26	5.9
1998	12	27	9.2
1998	12	28	5.0
1998	12	29	4.7
1998	12	30	-0.3
1998	12	31	-0.4
1999	1	1	-1.7
1999	1	2	0.4
1999	1	3	6.4
1999	1	4	8.1
1999	1	5	9.5
1999	1	6	1.3
1999	1	7	6.8
1999	1	8	3.8
1999	1	9	2.1
1999	1	10	1.0
1999	1	11	0.3
1999	1	12	-3.0
1999	1	13	0.7
1999	1	14	2.3
1999	1	15	4.0
1999	1	16	7.5
1999	1	17	4.5
1999	1	18	2.9
1999	1	19	2.3
1999	1	20	1.5
1999	1	21	2.3
1999	1	22	0.7
1999	1	23	-0.5
1999	1	24	3.6
1999	1	25	8.1
1999	1	26	3.6
1999	1	27	2.2
1999	1	28	1.5
1999	1	29	-3.3
1999	1	30	-5.1
1999	1	31	-4.6
1999	2	1	-3.7
1999	2	2	-0.1
1999	2	3	2.3
1999	2	4	5.5
1999	2	5	2.4
1999	2	6	1.6
1999	2	7	0.6
1999	2	8	-1.9
1999	2	9	-5.5
1999	2	10	-3.1
1999	2	11	-4.7
1999	2	12	-8.6
1999	2	13	-4.3
1999	2	14	-5.2
1999	2	15	-5.0
1999	2	16	0.8
1999	2	17	0.1
1999	2	18	-0.3
1999	2	19	4.7
1999	2	20	5.8
1999	2	21	4.8
1999	2	22	1.0
1999	2	23	1.1
1999	2	24	0.2
1999	2	25	-0.5
1999	2	26	2.2
1999	2	27	5.3
1999	2	28	3.7
1999	3	1	6.3
1999	3	2	9.0
1999	3	3	8.0
1999	3	4	4.0
1999	3	5	3.7
1999	3	6	2.3
1999	3	7	0.5
1999	3	8	3.2
1999	3	9	4.7
1999	3	10	6.0
1999	3	11	3.1
1999	3	12	7.0
1999	3	13	9.0
1999	3	14	9.2
1999	3	15	6.6
1999	3	16	3.6
1999	3	17	2.4
1999	3	18	2.1
1999	3	19	2.7
1999	3	20	3.9
1999	3	21	4.7
1999	3	22	4.9
1999	3	23	3.9
1999	3	24	8.1
1999	3	25	10.1
1999	3	26	9.5
1999	3	27	8.3
1999	3	28	5.2
1999	3	29	6.3
1999	3	30	6.7
1999	3	31	7.5
1999	4	1	9.4
1999	4	2	9.5
1999	4	3	11.9
1999	4	4	9.9
1999	4	5	10.3
1999	4	6	12.9
1999	4	7	8.8
1999	4	8	7.6
1999	4	9	8.9
1999	4	10	9.9
1999	4	11	9.5
1999	4	12	7.3
1999	4	13	4.5
1999	4	14	8.0
1999	4	15	2.6
1999	4	16	3.6
1999	4	17	3.5
1999	4	18	4.3
1999	4	19	4.2
1999	4	20	8.8
1999	4	21	9.2
1999	4	22	9.7
1999	4	23	12.6
1999	4	24	10.1
1999	4	25	11.9
1999	4	26	13.9
1999	4	27	12.6
1999	4	28	12.2
1999	4	29	14.0
1999	4	30	14.3
1999	5	1	14.8
1999	5	2	14.5
1999	5	3	16.1
1999	5	4	13.6
1999	5	5	12.7
1999	5	6	11.0
1999	5	7	16.2
1999	5	8	13.3
1999	5	9	13.7
1999	5	10	15.5
1999	5	11	13.2
1999	5	12	14.1
1999	5	13	13.0
1999	5	14	12.0
1999	5	15	11.0
1999	5	16	9.1
1999	5	17	14.0
1999	5	18	16.1
1999	5	19	14.0
1999	5	20	12.9
1999	5	21	12.7
1999	5	22	12.5
1999	5	23	12.6
1999	5	24	15.2
1999	5	25	14.7
1999	5	26	16.1
1999	5	27	20.0
1999	5	28	19.1
1999	5	29	21.1
1999	5	30	22.8
1999	5	31	20.2
1999	6	1	21.7
1999	6	2	20.7
1999	6	3	18.5
1999	6	4	14.6
1999	6	5	13.1
1999	6	6	12.0
1999	6	7	16.2
1999	6	8	12.2
1999	6	9	14.1
1999	6	10	15.4
1999	6	11	14.6
1999	6	12	15.9
1999	6	13	14.1
1999	6	14	16.3
1999	6	15	16.8
1999	6	16	17.1
1999	6	17	18.4
1999	6	18	14.9
1999	6	19	12.7
1999	6	20	17.0
1999	6	21	11.8
1999	6	22	10.9
1999	6	23	14.0
1999	6	24	15.7
1999	6	25	16.8
1999	6	26	17.6
1999	6	27	18.7
1999	6	28	15.8
1999	6	29	18.2
1999	6	30	18.1
1999	7	1	18.5
1999	7	2	19.5
1999	7	3	24.0
1999	7	4	25.0
1999	7	5	22.7
1999	7	6	17.2
1999	7	7	15.4
1999	7	8	16.6
1999	7	9	17.1
1999	7	10	20.3
1999	7	11	20.5
1999	7	12	19.8
1999	7	13	20.1
1999	7	14	18.4
1999	7	15	16.1
1999	7	16	17.3
1999	7	17	19.3
1999	7	18	22.3
1999	7	19	20.8
1999	7	20	19.7
1999	7	21	19.9
1999	7	22	14.9
1999	7	23	14.0
1999	7	24	16.5
1999	7	25	18.6
1999	7	26	21.5
1999	7	27	20.6
1999	7	28	20.7
1999	7	29	20.1
1999	7	30	19.8
1999	7	31	19.6
1999	8	1	20.2
1999	8	2	20.0
1999	8	3	19.5
1999	8	4	22.5
1999	8	5	21.5
1999	8	6	22.2
1999	8	7	19.4
1999	8	8	20.5
1999	8	9	21.6
1999	8	10	19.0
1999	8	11	16.7
1999	8	12	15.5
1999	8	13	14.1
1999	8	14	15.9
1999	8	15	16.5
1999	8	16	14.9
1999	8	17	14.6
1999	8	18	15.7
1999	8	19	15.3
1999	8	20	14.9
1999	8	21	13.9
1999	8	22	14.1
1999	8	23	15.7
1999	8	24	18.5
1999	8	25	22.3
1999	8	26	19.2
1999	8	27	19.9
1999	8	28	17.3
1999	8	29	15.9
1999	8	30	15.7
1999	8	31	15.1
1999	9	1	16.1
1999	9	2	15.5
1999	9	3	17.0
1999	9	4	18.6
1999	9	5	16.9
1999	9	6	16.3
1999	9	7	17.6
1999	9	8	17.5
1999	9	9	18.2
1999	9	10	18.3
1999	9	11	18.1
1999	9	12	19.1
1999	9	13	19.8
1999	9	14	18.9
1999	9	15	20.0
1999	9	16	14.4
1999	9	17	15.5
1999	9	18	14.7
1999	9	19	18.1
1999	9	20	16.1
1999	9	21	14.8
1999	9	22	17.9
1999	9	23	16.8
1999	9	24	16.6
1999	9	25	15.9
1999	9	26	14.3
1999	9	27	14.1
1999	9	28	13.7
1999	9	29	14.1
1999	9	30	13.4
1999	10	1	12.7
1999	10	2	13.9
1999	10	3	9.4
1999	10	4	8.7
1999	10	5	8.7
1999	10	6	7.7
1999	10	7	6.9
1999	10	8	8.8
1999	10	9	11.8
1999	10	10	11.9
1999	10	11	12.3
1999	10	12	9.8
1999	10	13	8.4
1999	10	14	7.3
1999	10	15	7.1
1999	10	16	5.1
1999	10	17	3.9
1999	10	18	3.9
1999	10	19	3.5
1999	10	20	5.6
1999	10	21	7.2
1999	10	22	9.8
1999	10	23	8.7
1999	10	24	9.5
1999	10	25	8.3
1999	10	26	11.6
1999	10	27	8.1
1999	10	28	8.5
1999	10	29	10.1
1999	10	30	13.9
1999	10	31	8.2
1999	11	1	10.0
1999	11	2	11.1
1999	11	3	5.5
1999	11	4	6.4
1999	11	5	10.5
1999	11	6	6.8
1999	11	7	5.0
1999	11	8	6.6
1999	11	9	6.5
1999	11	10	3.9
1999	11	11	5.1
1999	11	12	4.3
1999	11	13	2.2
1999	11	14	2.3
1999	11	15	-0.5
1999	11	16	-2.0
1999	11	17	0.8
1999	11	18	-0.5
1999	11	19	-1.2
1999	11	20	-3.3
1999	11	21	-4.9
1999	11	22	-2.4
1999	11	23	0.0
1999	11	24	1.1
1999	11	25	2.3
1999	11	26	0.8
1999	11	27	4.2
1999	11	28	4.3
1999	11	29	0.8
1999	11	30	-1.1
1999	12	1	6.8
1999	12	2	5.2
1999	12	3	6.9
1999	12	4	1.3
1999	12	5	1.2
1999	12	6	2.0
1999	12	7	6.0
1999	12	8	7.2
1999	12	9	7.2
1999	12	10	4.8
1999	12	11	5.9
1999	12	12	7.4
1999	12	13	3.6
1999	12	14	1.6
1999	12	15	-0.4
1999	12	16	-2.7
1999	12	17	-0.7
1999	12	18	1.1
1999	12	19	-1.6
1999	12	20	-2.1
1999	12	21	-4.3
1999	12	22	-8.7
1999	12	23	-4.3
1999	12	24	2.2
1999	12	25	3.9
1999	12	26	3.5
1999	12	27	2.0
1999	12	28	1.6
1999	12	29	0.4
1999	12	30	0.8
1999	12	31	0.8
2000	1	1	3.0
2000	1	2	2.0
2000	1	3	0.9
2000	1	4	5.0
2000	1	5	3.6
2000	1	6	1.9
2000	1	7	4.5
2000	1	8	2.5
2000	1	9	3.6
2000	1	10	2.3
2000	1	11	2.0
2000	1	12	-0.5
2000	1	13	-1.2
2000	1	14	-2.5
2000	1	15	-1.8
2000	1	16	-0.7
2000	1	17	2.9
2000	1	18	3.9
2000	1	19	0.2
2000	1	20	1.3
2000	1	21	1.2
2000	1	22	0.7
2000	1	23	-2.8
2000	1	24	-8.5
2000	1	25	-9.2
2000	1	26	-7.6
2000	1	27	-6.2
2000	1	28	-2.0
2000	1	29	5.7
2000	1	30	7.8
2000	1	31	8.3
2000	2	1	4.7
2000	2	2	5.3
2000	2	3	5.2
2000	2	4	4.4
2000	2	5	5.3
2000	2	6	5.0
2000	2	7	7.6
2000	2	8	9.2
2000	2	9	4.5
2000	2	10	6.8
2000	2	11	1.0
2000	2	12	1.7
2000	2	13	2.1
2000	2	14	2.3
2000	2	15	6.8
2000	2	16	2.3
2000	2	17	0.6
2000	2	18	1.3
2000	2	19	3.1
2000	2	20	0.2
2000	2	21	-0.2
2000	2	22	2.2
2000	2	23	2.7
2000	2	24	5.1
2000	2	25	4.3
2000	2	26	1.7
2000	2	27	4.9
2000	2	28	9.3
2000	2	29	6.7
2000	3	1	4.1
2000	3	2	2.8
2000	3	3	5.8
2000	3	4	0.5
2000	3	5	0.3
2000	3	6	1.6
2000	3	7	5.7
2000	3	8	8.4
2000	3	9	10.0
2000	3	10	8.5
2000	3	11	7.5
2000	3	12	5.6
2000	3	13	5.8
2000	3	14	7.6
2000	3	15	3.9
2000	3	16	5.5
2000	3	17	6.6
2000	3	18	5.1
2000	3	19	4.6
2000	3	20	4.2
2000	3	21	5.6
2000	3	22	6.8
2000	3	23	9.9
2000	3	24	11.2
2000	3	25	8.5
2000	3	26	5.8
2000	3	27	5.9
2000	3	28	4.6
2000	3	29	7.3
2000	3	30	2.3
2000	3	31	4.4
2000	4	1	2.9
2000	4	2	7.5
2000	4	3	11.1
2000	4	4	9.0
2000	4	5	6.6
2000	4	6	3.3
2000	4	7	4.6
2000	4	8	7.2
2000	4	9	8.0
2000	4	10	7.9
2000	4	11	8.8
2000	4	12	5.0
2000	4	13	7.6
2000	4	14	8.2
2000	4	15	7.1
2000	4	16	10.6
2000	4	17	9.7
2000	4	18	10.0
2000	4	19	9.8
2000	4	20	12.3
2000	4	21	15.7
2000	4	22	17.9
2000	4	23	16.3
2000	4	24	9.9
2000	4	25	11.6
2000	4	26	17.3
2000	4	27	15.8
2000	4	28	16.9
2000	4	29	13.8
2000	4	30	14.0
2000	5	1	15.8
2000	5	2	15.5
2000	5	3	17.3
2000	5	4	16.0
2000	5	5	16.9
2000	5	6	16.1
2000	5	7	17.9
2000	5	8	18.3
2000	5	9	18.9
2000	5	10	21.4
2000	5	11	21.1
2000	5	12	15.6
2000	5	13	15.4
2000	5	14	16.8
2000	5	15	18.1
2000	5	16	19.7
2000	5	17	16.8
2000	5	18	12.5
2000	5	19	9.2
2000	5	20	9.4
2000	5	21	11.2
2000	5	22	10.0
2000	5	23	12.9
2000	5	24	15.9
2000	5	25	15.1
2000	5	26	17.6
2000	5	27	10.8
2000	5	28	11.2
2000	5	29	11.3
2000	5	30	11.1
2000	5	31	10.6
2000	6	1	16.5
2000	6	2	20.1
2000	6	3	23.7
2000	6	4	21.5
2000	6	5	20.8
2000	6	6	13.8
2000	6	7	15.2
2000	6	8	17.2
2000	6	9	22.6
2000	6	10	23.7
2000	6	11	20.6
2000	6	12	19.0
2000	6	13	21.6
2000	6	14	22.1
2000	6	15	16.8
2000	6	16	14.2
2000	6	17	14.7
2000	6	18	19.6
2000	6	19	23.7
2000	6	20	24.4
2000	6	21	24.4
2000	6	22	19.1
2000	6	23	17.1
2000	6	24	12.8
2000	6	25	11.4
2000	6	26	11.7
2000	6	27	13.9
2000	6	28	15.1
2000	6	29	14.6
2000	6	30	16.3
2000	7	1	19.0
2000	7	2	22.1
2000	7	3	20.4
2000	7	4	16.7
2000	7	5	16.4
2000	7	6	18.7
2000	7	7	17.6
2000	7	8	12.8
2000	7	9	12.0
2000	7	10	13.4
2000	7	11	13.0
2000	7	12	12.7
2000	7	13	12.7
2000	7	14	11.5
2000	7	15	10.9
2000	7	16	12.2
2000	7	17	12.8
2000	7	18	14.5
2000	7	19	14.2
2000	7	20	15.5
2000	7	21	14.9
2000	7	22	16.5
2000	7	23	18.6
2000	7	24	18.6
2000	7	25	18.8
2000	7	26	16.3
2000	7	27	17.9
2000	7	28	15.0
2000	7	29	15.1
2000	7	30	15.9
2000	7	31	17.1
2000	8	1	20.3
2000	8	2	16.6
2000	8	3	15.7
2000	8	4	16.6
2000	8	5	15.7
2000	8	6	16.6
2000	8	7	15.8
2000	8	8	16.1
2000	8	9	18.2
2000	8	10	20.1
2000	8	11	19.1
2000	8	12	20.5
2000	8	13	20.6
2000	8	14	21.6
2000	8	15	21.9
2000	8	16	20.5
2000	8	17	21.5
2000	8	18	20.1
2000	8	19	21.7
2000	8	20	23.5
2000	8	21	18.1
2000	8	22	16.9
2000	8	23	17.2
2000	8	24	17.8
2000	8	25	17.7
2000	8	26	19.7
2000	8	27	17.0
2000	8	28	16.1
2000	8	29	15.8
2000	8	30	18.4
2000	8	31	16.7
2000	9	1	16.4
2000	9	2	12.6
2000	9	3	12.7
2000	9	4	11.9
2000	9	5	11.7
2000	9	6	12.9
2000	9	7	11.5
2000	9	8	13.7
2000	9	9	16.3
2000	9	10	17.1
2000	9	11	18.0
2000	9	12	17.5
2000	9	13	16.0
2000	9	14	15.9
2000	9	15	18.9
2000	9	16	14.9
2000	9	17	12.1
2000	9	18	13.8
2000	9	19	12.5
2000	9	20	13.7
2000	9	21	10.9
2000	9	22	11.7
2000	9	23	10.9
2000	9	24	11.8
2000	9	25	11.7
2000	9	26	15.5
2000	9	27	15.1
2000	9	28	17.1
2000	9	29	16.7
2000	9	30	14.6
2000	10	1	13.2
2000	10	2	10.9
2000	10	3	11.4
2000	10	4	12.6
2000	10	5	12.4
2000	10	6	8.3
2000	10	7	6.6
2000	10	8	7.1
2000	10	9	7.3
2000	10	10	8.0
2000	10	11	9.1
2000	10	12	11.1
2000	10	13	10.6
2000	10	14	10.8
2000	10	15	13.5
2000	10	16	11.6
2000	10	17	9.5
2000	10	18	9.0
2000	10	19	10.6
2000	10	20	10.7
2000	10	21	9.4
2000	10	22	9.0
2000	10	23	9.7
2000	10	24	11.0
2000	10	25	13.7
2000	10	26	9.8
2000	10	27	9.9
2000	10	28	10.0
2000	10	29	9.5
2000	10	30	11.7
2000	10	31	7.9
2000	11	1	8.7
2000	11	2	12.0
2000	11	3	8.3
2000	11	4	6.2
2000	11	5	5.5
2000	11	6	7.5
2000	11	7	6.3
2000	11	8	8.1
2000	11	9	7.1
2000	11	10	4.6
2000	11	11	3.9
2000	11	12	7.1
2000	11	13	7.7
2000	11	14	7.3
2000	11	15	5.0
2000	11	16	3.8
2000	11	17	3.8
2000	11	18	4.0
2000	11	19	4.4
2000	11	20	4.5
2000	11	21	2.1
2000	11	22	7.7
2000	11	23	6.0
2000	11	24	5.5
2000	11	25	1.0
2000	11	26	5.1
2000	11	27	3.9
2000	11	28	6.7
2000	11	29	6.1
2000	11	30	6.3
2000	12	1	3.8
2000	12	2	5.7
2000	12	3	5.4
2000	12	4	5.0
2000	12	5	5.1
2000	12	6	4.6
2000	12	7	6.1
2000	12	8	7.8
2000	12	9	5.9
2000	12	10	6.1
2000	12	11	6.4
2000	12	12	10.7
2000	12	13	11.5
2000	12	14	7.9
2000	12	15	4.0
2000	12	16	1.9
2000	12	17	1.7
2000	12	18	1.8
2000	12	19	3.4
2000	12	20	1.0
2000	12	21	-3.8
2000	12	22	-4.8
2000	12	23	-6.1
2000	12	24	-1.9
2000	12	25	0.4
2000	12	26	2.5
2000	12	27	2.7
2000	12	28	0.3
2000	12	29	-0.4
2000	12	30	-0.9
2000	12	31	-1.3
2001	1	1	0.6
2001	1	2	3.0
2001	1	3	2.3
2001	1	4	3.5
2001	1	5	8.3
2001	1	6	6.8
2001	1	7	4.2
2001	1	8	3.1
2001	1	9	1.0
2001	1	10	2.3
2001	1	11	2.8
2001	1	12	-1.1
2001	1	13	-2.7
2001	1	14	-3.1
2001	1	15	-4.3
2001	1	16	-4.8
2001	1	17	-2.6
2001	1	18	-5.3
2001	1	19	-2.6
2001	1	20	1.0
2001	1	21	-0.7
2001	1	22	1.8
2001	1	23	5.9
2001	1	24	6.8
2001	1	25	4.8
2001	1	26	3.4
2001	1	27	2.5
2001	1	28	0.9
2001	1	29	-0.4
2001	1	30	1.0
2001	1	31	-0.5
2001	2	1	-1.5
2001	2	2	-1.4
2001	2	3	2.0
2001	2	4	5.1
2001	2	5	8.0
2001	2	6	10.1
2001	2	7	10.8
2001	2	8	8.3
2001	2	9	4.9
2001	2	10	1.0
2001	2	11	3.9
2001	2	12	6.1
2001	2	13	4.9
2001	2	14	2.4
2001	2	15	4.5
2001	2	16	4.1
2001	2	17	2.0
2001	2	18	2.9
2001	2	19	2.8
2001	2	20	3.7
2001	2	21	3.6
2001	2	22	4.4
2001	2	23	0.8
2001	2	24	-1.3
2001	2	25	-2.9
2001	2	26	-2.6
2001	2	27	0.7
2001	2	28	0.2
2001	3	1	-0.1
2001	3	2	2.1
2001	3	3	1.7
2001	3	4	6.2
2001	3	5	2.1
2001	3	6	2.1
2001	3	7	4.7
2001	3	8	9.3
2001	3	9	9.3
2001	3	10	8.1
2001	3	11	10.3
2001	3	12	9.7
2001	3	13	6.7
2001	3	14	4.3
2001	3	15	7.7
2001	3	16	9.2
2001	3	17	8.7
2001	3	18	9.1
2001	3	19	3.9
2001	3	20	0.6
2001	3	21	5.3
2001	3	22	8.6
2001	3	23	7.8
2001	3	24	9.9
2001	3	25	9.0
2001	3	26	1.5
2001	3	27	1.7
2001	3	28	6.7
2001	3	29	8.5
2001	3	30	5.9
2001	3	31	7.7
2001	4	1	9.2
2001	4	2	12.2
2001	4	3	9.1
2001	4	4	9.9
2001	4	5	7.3
2001	4	6	10.3
2001	4	7	7.9
2001	4	8	7.3
2001	4	9	7.6
2001	4	10	8.1
2001	4	11	7.5
2001	4	12	5.7
2001	4	13	1.8
2001	4	14	1.8
2001	4	15	3.9
2001	4	16	5.6
2001	4	17	4.4
2001	4	18	3.9
2001	4	19	2.7
2001	4	20	2.7
2001	4	21	2.2
2001	4	22	4.7
2001	4	23	6.5
2001	4	24	10.4
2001	4	25	7.7
2001	4	26	8.1
2001	4	27	9.1
2001	4	28	10.3
2001	4	29	12.1
2001	4	30	15.8
2001	5	1	17.1
2001	5	2	19.3
2001	5	3	15.1
2001	5	4	15.3
2001	5	5	10.0
2001	5	6	7.4
2001	5	7	9.1
2001	5	8	12.3
2001	5	9	15.0
2001	5	10	16.9
2001	5	11	15.6
2001	5	12	14.9
2001	5	13	16.9
2001	5	14	15.4
2001	5	15	13.7
2001	5	16	13.4
2001	5	17	14.5
2001	5	18	9.9
2001	5	19	11.2
2001	5	20	13.4
2001	5	21	16.5
2001	5	22	14.1
2001	5	23	16.7
2001	5	24	17.9
2001	5	25	17.8
2001	5	26	18.7
2001	5	27	20.9
2001	5	28	21.2
2001	5	29	21.6
2001	5	30	18.5
2001	5	31	16.8
2001	6	1	12.1
2001	6	2	11.2
2001	6	3	8.8
2001	6	4	10.6
2001	6	5	14.2
2001	6	6	13.3
2001	6	7	15.2
2001	6	8	12.0
2001	6	9	11.7
2001	6	10	12.0
2001	6	11	10.6
2001	6	12	13.1
2001	6	13	15.9
2001	6	14	16.5
2001	6	15	18.1
2001	6	16	14.8
2001	6	17	14.1
2001	6	18	12.4
2001	6	19	12.3
2001	6	20	14.2
2001	6	21	18.8
2001	6	22	13.6
2001	6	23	15.3
2001	6	24	17.8
2001	6	25	19.8
2001	6	26	21.8
2001	6	27	21.9
2001	6	28	16.9
2001	6	29	19.0
2001	6	30	19.4
2001	7	1	16.7
2001	7	2	17.9
2001	7	3	17.8
2001	7	4	20.6
2001	7	5	22.0
2001	7	6	24.9
2001	7	7	17.0
2001	7	8	16.5
2001	7	9	17.0
2001	7	10	20.3
2001	7	11	17.3
2001	7	12	16.4
2001	7	13	15.9
2001	7	14	19.3
2001	7	15	12.9
2001	7	16	12.6
2001	7	17	15.0
2001	7	18	16.1
2001	7	19	16.7
2001	7	20	14.3
2001	7	21	16.1
2001	7	22	21.0
2001	7	23	21.9
2001	7	24	23.1
2001	7	25	22.6
2001	7	26	22.5
2001	7	27	23.2
2001	7	28	23.7
2001	7	29	22.5
2001	7	30	22.5
2001	7	31	25.2
2001	8	1	22.8
2001	8	2	25.9
2001	8	3	20.9
2001	8	4	17.3
2001	8	5	17.2
2001	8	6	17.1
2001	8	7	16.5
2001	8	8	18.5
2001	8	9	17.7
2001	8	10	13.9
2001	8	11	13.5
2001	8	12	16.3
2001	8	13	19.2
2001	8	14	23.3
2001	8	15	27.9
2001	8	16	23.6
2001	8	17	20.5
2001	8	18	20.7
2001	8	19	20.7
2001	8	20	17.1
2001	8	21	18.8
2001	8	22	19.4
2001	8	23	21.1
2001	8	24	21.8
2001	8	25	22.7
2001	8	26	22.4
2001	8	27	19.5
2001	8	28	15.9
2001	8	29	15.9
2001	8	30	16.2
2001	8	31	15.2
2001	9	1	14.3
2001	9	2	15.2
2001	9	3	17.6
2001	9	4	13.3
2001	9	5	12.4
2001	9	6	12.5
2001	9	7	12.3
2001	9	8	12.5
2001	9	9	9.6
2001	9	10	10.1
2001	9	11	10.9
2001	9	12	12.1
2001	9	13	12.7
2001	9	14	10.8
2001	9	15	11.8
2001	9	16	9.1
2001	9	17	9.1
2001	9	18	9.2
2001	9	19	11.1
2001	9	20	11.9
2001	9	21	10.7
2001	9	22	9.1
2001	9	23	10.4
2001	9	24	11.3
2001	9	25	11.3
2001	9	26	10.8
2001	9	27	12.6
2001	9	28	11.8
2001	9	29	13.7
2001	9	30	13.3
2001	10	1	16.1
2001	10	2	18.6
2001	10	3	17.5
2001	10	4	11.5
2001	10	5	11.6
2001	10	6	14.2
2001	10	7	13.1
2001	10	8	11.1
2001	10	9	12.2
2001	10	10	11.1
2001	10	11	10.2
2001	10	12	11.4
2001	10	13	13.7
2001	10	14	13.5
2001	10	15	13.6
2001	10	16	12.9
2001	10	17	12.2
2001	10	18	10.2
2001	10	19	11.1
2001	10	20	10.4
2001	10	21	11.1
2001	10	22	10.8
2001	10	23	10.5
2001	10	24	12.0
2001	10	25	10.1
2001	10	26	9.1
2001	10	27	11.4
2001	10	28	11.9
2001	10	29	12.2
2001	10	30	11.5
2001	10	31	10.1
2001	11	1	5.4
2001	11	2	4.8
2001	11	3	6.5
2001	11	4	4.9
2001	11	5	5.5
2001	11	6	5.5
2001	11	7	8.7
2001	11	8	5.8
2001	11	9	0.0
2001	11	10	-1.9
2001	11	11	-1.7
2001	11	12	0.5
2001	11	13	0.8
2001	11	14	-0.3
2001	11	15	-0.9
2001	11	16	1.4
2001	11	17	1.1
2001	11	18	0.1
2001	11	19	1.3
2001	11	20	3.7
2001	11	21	4.2
2001	11	22	2.4
2001	11	23	0.7
2001	11	24	2.0
2001	11	25	4.4
2001	11	26	6.7
2001	11	27	5.5
2001	11	28	3.0
2001	11	29	4.3
2001	11	30	7.1
2001	12	1	9.0
2001	12	2	7.9
2001	12	3	4.2
2001	12	4	6.6
2001	12	5	6.7
2001	12	6	5.9
2001	12	7	-0.5
2001	12	8	-0.4
2001	12	9	-2.1
2001	12	10	-1.5
2001	12	11	1.4
2001	12	12	2.9
2001	12	13	-6.0
2001	12	14	-5.9
2001	12	15	-4.1
2001	12	16	-2.3
2001	12	17	-3.2
2001	12	18	-2.5
2001	12	19	-0.5
2001	12	20	-4.8
2001	12	21	-3.5
2001	12	22	-1.1
2001	12	23	-9.1
2001	12	24	-9.1
2001	12	25	1.3
2001	12	26	-0.6
2001	12	27	-1.6
2001	12	28	4.1
2001	12	29	-0.1
2001	12	30	-1.5
2001	12	31	-5.3
2002	1	1	-6.1
2002	1	2	-5.9
2002	1	3	-7.0
2002	1	4	-12.6
2002	1	5	-13.2
2002	1	6	-9.6
2002	1	7	-2.1
2002	1	8	-2.7
2002	1	9	-6.9
2002	1	10	-5.6
2002	1	11	-5.4
2002	1	12	-0.1
2002	1	13	0.9
2002	1	14	-2.6
2002	1	15	-3.9
2002	1	16	-6.9
2002	1	17	-0.1
2002	1	18	1.0
2002	1	19	2.1
2002	1	20	4.3
2002	1	21	4.6
2002	1	22	3.6
2002	1	23	3.9
2002	1	24	8.2
2002	1	25	4.3
2002	1	26	9.7
2002	1	27	9.8
2002	1	28	11.3
2002	1	29	7.8
2002	1	30	8.0
2002	1	31	4.6
2002	2	1	6.7
2002	2	2	10.6
2002	2	3	5.6
2002	2	4	5.5
2002	2	5	10.9
2002	2	6	6.0
2002	2	7	3.7
2002	2	8	5.6
2002	2	9	9.1
2002	2	10	5.4
2002	2	11	8.8
2002	2	12	11.2
2002	2	13	7.9
2002	2	14	4.0
2002	2	15	2.5
2002	2	16	1.7
2002	2	17	1.0
2002	2	18	1.9
2002	2	19	2.8
2002	2	20	4.6
2002	2	21	-0.7
2002	2	22	2.3
2002	2	23	2.8
2002	2	24	1.5
2002	2	25	6.9
2002	2	26	9.6
2002	2	27	7.3
2002	2	28	3.7
2002	3	1	5.0
2002	3	2	2.1
2002	3	3	0.4
2002	3	4	1.7
2002	3	5	2.2
2002	3	6	5.9
2002	3	7	8.7
2002	3	8	4.2
2002	3	9	7.1
2002	3	10	4.4
2002	3	11	7.5
2002	3	12	10.3
2002	3	13	9.5
2002	3	14	5.8
2002	3	15	6.0
2002	3	16	8.2
2002	3	17	9.7
2002	3	18	12.2
2002	3	19	7.1
2002	3	20	10.3
2002	3	21	10.1
2002	3	22	6.7
2002	3	23	4.0
2002	3	24	2.1
2002	3	25	2.1
2002	3	26	0.5
2002	3	27	1.9
2002	3	28	4.3
2002	3	29	7.6
2002	3	30	5.6
2002	3	31	8.2
2002	4	1	9.0
2002	4	2	9.8
2002	4	3	13.6
2002	4	4	11.1
2002	4	5	7.2
2002	4	6	3.8
2002	4	7	4.5
2002	4	8	4.6
2002	4	9	6.6
2002	4	10	7.2
2002	4	11	8.2
2002	4	12	10.8
2002	4	13	7.8
2002	4	14	4.7
2002	4	15	4.8
2002	4	16	5.1
2002	4	17	6.7
2002	4	18	9.5
2002	4	19	8.1
2002	4	20	7.3
2002	4	21	11.0
2002	4	22	10.6
2002	4	23	12.7
2002	4	24	10.8
2002	4	25	14.2
2002	4	26	10.2
2002	4	27	7.4
2002	4	28	10.3
2002	4	29	10.2
2002	4	30	13.1
2002	5	1	10.9
2002	5	2	10.1
2002	5	3	9.0
2002	5	4	8.7
2002	5	5	7.0
2002	5	6	6.3
2002	5	7	13.7
2002	5	8	16.1
2002	5	9	19.1
2002	5	10	16.2
2002	5	11	14.3
2002	5	12	12.4
2002	5	13	14.0
2002	5	14	13.7
2002	5	15	15.2
2002	5	16	18.5
2002	5	17	19.3
2002	5	18	16.2
2002	5	19	13.3
2002	5	20	14.4
2002	5	21	16.8
2002	5	22	19.9
2002	5	23	12.7
2002	5	24	15.1
2002	5	25	10.5
2002	5	26	12.5
2002	5	27	11.5
2002	5	28	12.5
2002	5	29	13.2
2002	5	30	14.1
2002	5	31	15.1
2002	6	1	15.7
2002	6	2	15.9
2002	6	3	18.8
2002	6	4	20.3
2002	6	5	17.7
2002	6	6	15.4
2002	6	7	15.6
2002	6	8	15.4
2002	6	9	16.0
2002	6	10	12.9
2002	6	11	13.7
2002	6	12	17.1
2002	6	13	18.9
2002	6	14	20.3
2002	6	15	21.3
2002	6	16	20.8
2002	6	17	25.0
2002	6	18	27.0
2002	6	19	25.3
2002	6	20	22.4
2002	6	21	21.2
2002	6	22	22.7
2002	6	23	21.9
2002	6	24	18.5
2002	6	25	18.5
2002	6	26	18.7
2002	6	27	19.8
2002	6	28	14.8
2002	6	29	14.0
2002	6	30	17.2
2002	7	1	18.9
2002	7	2	14.5
2002	7	3	17.7
2002	7	4	14.1
2002	7	5	17.1
2002	7	6	16.2
2002	7	7	17.3
2002	7	8	21.7
2002	7	9	22.7
2002	7	10	15.5
2002	7	11	16.9
2002	7	12	20.2
2002	7	13	16.0
2002	7	14	16.9
2002	7	15	19.2
2002	7	16	17.3
2002	7	17	15.9
2002	7	18	13.6
2002	7	19	15.1
2002	7	20	18.0
2002	7	21	18.6
2002	7	22	15.1
2002	7	23	17.7
2002	7	24	16.8
2002	7	25	15.8
2002	7	26	15.6
2002	7	27	20.9
2002	7	28	21.5
2002	7	29	23.2
2002	7	30	20.8
2002	7	31	22.0
2002	8	1	17.8
2002	8	2	17.3
2002	8	3	18.7
2002	8	4	18.4
2002	8	5	17.6
2002	8	6	15.5
2002	8	7	16.7
2002	8	8	16.3
2002	8	9	17.5
2002	8	10	16.6
2002	8	11	17.7
2002	8	12	16.5
2002	8	13	16.0
2002	8	14	18.1
2002	8	15	19.1
2002	8	16	19.3
2002	8	17	20.7
2002	8	18	21.6
2002	8	19	21.9
2002	8	20	21.3
2002	8	21	16.9
2002	8	22	16.7
2002	8	23	18.7
2002	8	24	19.9
2002	8	25	18.8
2002	8	26	21.7
2002	8	27	18.9
2002	8	28	17.9
2002	8	29	18.9
2002	8	30	18.4
2002	8	31	18.3
2002	9	1	16.2
2002	9	2	16.3
2002	9	3	14.8
2002	9	4	16.9
2002	9	5	16.7
2002	9	6	15.5
2002	9	7	17.6
2002	9	8	18.0
2002	9	9	19.7
2002	9	10	13.6
2002	9	11	14.7
2002	9	12	15.6
2002	9	13	12.6
2002	9	14	14.5
2002	9	15	12.2
2002	9	16	10.9
2002	9	17	11.2
2002	9	18	12.4
2002	9	19	14.9
2002	9	20	15.8
2002	9	21	13.3
2002	9	22	10.7
2002	9	23	9.0
2002	9	24	8.4
2002	9	25	7.6
2002	9	26	9.3
2002	9	27	8.9
2002	9	28	6.5
2002	9	29	8.9
2002	9	30	9.5
2002	10	1	9.6
2002	10	2	10.9
2002	10	3	12.9
2002	10	4	10.9
2002	10	5	10.6
2002	10	6	10.2
2002	10	7	6.2
2002	10	8	5.2
2002	10	9	7.6
2002	10	10	7.8
2002	10	11	7.6
2002	10	12	6.6
2002	10	13	7.4
2002	10	14	11.3
2002	10	15	11.5
2002	10	16	13.3
2002	10	17	10.5
2002	10	18	7.1
2002	10	19	4.4
2002	10	20	5.5
2002	10	21	8.7
2002	10	22	12.9
2002	10	23	10.1
2002	10	24	7.3
2002	10	25	12.1
2002	10	26	10.5
2002	10	27	11.4
2002	10	28	5.6
2002	10	29	7.1
2002	10	30	9.9
2002	10	31	10.2
2002	11	1	10.6
2002	11	2	11.0
2002	11	3	9.9
2002	11	4	7.4
2002	11	5	4.8
2002	11	6	3.1
2002	11	7	3.3
2002	11	8	5.1
2002	11	9	5.9
2002	11	10	4.7
2002	11	11	9.5
2002	11	12	6.8
2002	11	13	5.4
2002	11	14	5.9
2002	11	15	8.2
2002	11	16	8.4
2002	11	17	6.2
2002	11	18	4.9
2002	11	19	6.3
2002	11	20	6.1
2002	11	21	4.9
2002	11	22	5.9
2002	11	23	7.6
2002	11	24	7.3
2002	11	25	6.7
2002	11	26	7.3
2002	11	27	8.4
2002	11	28	7.9
2002	11	29	7.6
2002	11	30	6.4
2002	12	1	5.7
2002	12	2	5.2
2002	12	3	2.5
2002	12	4	3.3
2002	12	5	3.5
2002	12	6	1.3
2002	12	7	0.4
2002	12	8	-0.9
2002	12	9	-5.0
2002	12	10	-5.8
2002	12	11	-6.2
2002	12	12	-4.7
2002	12	13	-1.4
2002	12	14	0.4
2002	12	15	0.6
2002	12	16	4.8
2002	12	17	3.2
2002	12	18	-0.4
2002	12	19	-1.4
2002	12	20	-0.5
2002	12	21	5.6
2002	12	22	8.0
2002	12	23	7.4
2002	12	24	7.4
2002	12	25	4.2
2002	12	26	5.4
2002	12	27	5.7
2002	12	28	4.9
2002	12	29	6.5
2002	12	30	10.6
2002	12	31	1.4
2003	1	1	5.0
2003	1	2	10.1
2003	1	3	7.1
2003	1	4	2.5
2003	1	5	-3.6
2003	1	6	-4.2
2003	1	7	-7.8
2003	1	8	-10.6
2003	1	9	-10.4
2003	1	10	-9.4
2003	1	11	-7.9
2003	1	12	-8.4
2003	1	13	-2.9
2003	1	14	1.1
2003	1	15	1.7
2003	1	16	1.8
2003	1	17	-1.0
2003	1	18	0.6
2003	1	19	2.5
2003	1	20	5.2
2003	1	21	2.4
2003	1	22	4.8
2003	1	23	4.1
2003	1	24	1.7
2003	1	25	-0.3
2003	1	26	0.6
2003	1	27	4.9
2003	1	28	5.3
2003	1	29	0.6
2003	1	30	-0.8
2003	1	31	-4.6
2003	2	1	-5.5
2003	2	2	-0.2
2003	2	3	2.5
2003	2	4	-0.6
2003	2	5	-1.2
2003	2	6	-1.8
2003	2	7	-1.3
2003	2	8	1.1
2003	2	9	-0.1
2003	2	10	-3.8
2003	2	11	-4.9
2003	2	12	-3.9
2003	2	13	-4.6
2003	2	14	-4.4
2003	2	15	-4.8
2003	2	16	-3.0
2003	2	17	-4.1
2003	2	18	-5.3
2003	2	19	-2.9
2003	2	20	-1.4
2003	2	21	-1.0
2003	2	22	-1.2
2003	2	23	-0.3
2003	2	24	-1.2
2003	2	25	1.6
2003	2	26	2.8
2003	2	27	3.1
2003	2	28	4.2
2003	3	1	6.7
2003	3	2	5.4
2003	3	3	3.6
2003	3	4	3.9
2003	3	5	7.6
2003	3	6	6.2
2003	3	7	4.9
2003	3	8	5.8
2003	3	9	8.2
2003	3	10	9.0
2003	3	11	13.3
2003	3	12	6.9
2003	3	13	4.1
2003	3	14	1.0
2003	3	15	0.9
2003	3	16	2.5
2003	3	17	3.6
2003	3	18	3.1
2003	3	19	5.1
2003	3	20	3.0
2003	3	21	3.0
2003	3	22	3.4
2003	3	23	6.5
2003	3	24	8.9
2003	3	25	11.1
2003	3	26	11.0
2003	3	27	10.4
2003	3	28	12.6
2003	3	29	13.1
2003	3	30	12.7
2003	3	31	7.9
2003	4	1	12.5
2003	4	2	4.6
2003	4	3	3.5
2003	4	4	3.3
2003	4	5	6.1
2003	4	6	2.0
2003	4	7	-1.0
2003	4	8	0.2
2003	4	9	1.4
2003	4	10	1.5
2003	4	11	2.3
2003	4	12	6.9
2003	4	13	8.6
2003	4	14	12.3
2003	4	15	15.5
2003	4	16	15.2
2003	4	17	13.3
2003	4	18	8.8
2003	4	19	4.9
2003	4	20	11.5
2003	4	21	13.7
2003	4	22	11.9
2003	4	23	11.9
2003	4	24	13.6
2003	4	25	16.4
2003	4	26	14.1
2003	4	27	11.1
2003	4	28	15.8
2003	4	29	14.7
2003	4	30	13.1
2003	5	1	13.0
2003	5	2	13.2
2003	5	3	12.0
2003	5	4	18.4
2003	5	5	20.7
2003	5	6	19.2
2003	5	7	16.9
2003	5	8	17.8
2003	5	9	15.0
2003	5	10	13.7
2003	5	11	14.7
2003	5	12	15.3
2003	5	13	9.8
2003	5	14	8.0
2003	5	15	8.0
2003	5	16	11.0
2003	5	17	11.8
2003	5	18	13.9
2003	5	19	14.0
2003	5	20	11.7
2003	5	21	10.1
2003	5	22	12.8
2003	5	23	16.6
2003	5	24	19.9
2003	5	25	13.6
2003	5	26	13.4
2003	5	27	16.8
2003	5	28	16.9
2003	5	29	18.3
2003	5	30	21.1
2003	5	31	18.3
2003	6	1	19.7
2003	6	2	21.4
2003	6	3	21.8
2003	6	4	23.5
2003	6	5	22.9
2003	6	6	21.2
2003	6	7	21.7
2003	6	8	21.3
2003	6	9	19.8
2003	6	10	23.3
2003	6	11	23.2
2003	6	12	24.9
2003	6	13	22.5
2003	6	14	20.8
2003	6	15	20.7
2003	6	16	20.1
2003	6	17	21.3
2003	6	18	18.1
2003	6	19	17.8
2003	6	20	19.3
2003	6	21	16.3
2003	6	22	21.8
2003	6	23	24.4
2003	6	24	21.8
2003	6	25	20.0
2003	6	26	21.4
2003	6	27	20.1
2003	6	28	21.0
2003	6	29	21.8
2003	6	30	23.9
2003	7	1	16.0
2003	7	2	16.2
2003	7	3	15.0
2003	7	4	14.1
2003	7	5	15.8
2003	7	6	17.2
2003	7	7	18.6
2003	7	8	19.4
2003	7	9	19.0
2003	7	10	19.2
2003	7	11	22.1
2003	7	12	19.6
2003	7	13	19.2
2003	7	14	20.7
2003	7	15	23.5
2003	7	16	24.0
2003	7	17	19.4
2003	7	18	20.0
2003	7	19	22.7
2003	7	20	26.9
2003	7	21	21.7
2003	7	22	22.8
2003	7	23	23.3
2003	7	24	21.0
2003	7	25	20.1
2003	7	26	20.5
2003	7	27	22.4
2003	7	28	18.0
2003	7	29	17.4
2003	7	30	19.1
2003	7	31	19.2
2003	8	1	22.3
2003	8	2	25.0
2003	8	3	26.8
2003	8	4	27.8
2003	8	5	28.2
2003	8	6	26.8
2003	8	7	26.2
2003	8	8	27.9
2003	8	9	27.7
2003	8	10	26.4
2003	8	11	25.2
2003	8	12	27.3
2003	8	13	28.7
2003	8	14	23.4
2003	8	15	19.5
2003	8	16	20.1
2003	8	17	23.5
2003	8	18	22.5
2003	8	19	20.4
2003	8	20	21.3
2003	8	21	21.1
2003	8	22	21.0
2003	8	23	19.7
2003	8	24	20.8
2003	8	25	19.3
2003	8	26	19.4
2003	8	27	16.6
2003	8	28	18.4
2003	8	29	18.4
2003	8	30	14.5
2003	8	31	13.6
2003	9	1	11.5
2003	9	2	11.3
2003	9	3	12.5
2003	9	4	14.8
2003	9	5	16.9
2003	9	6	17.0
2003	9	7	16.0
2003	9	8	14.2
2003	9	9	14.8
2003	9	10	13.5
2003	9	11	13.6
2003	9	12	12.7
2003	9	13	12.6
2003	9	14	13.5
2003	9	15	15.0
2003	9	16	15.4
2003	9	17	16.2
2003	9	18	17.0
2003	9	19	17.9
2003	9	20	19.0
2003	9	21	18.4
2003	9	22	19.8
2003	9	23	13.8
2003	9	24	9.5
2003	9	25	11.8
2003	9	26	14.1
2003	9	27	12.6
2003	9	28	13.8
2003	9	29	10.9
2003	9	30	10.2
2003	10	1	11.5
2003	10	2	15.5
2003	10	3	16.1
2003	10	4	12.1
2003	10	5	7.9
2003	10	6	7.7
2003	10	7	6.3
2003	10	8	6.3
2003	10	9	10.0
2003	10	10	12.1
2003	10	11	12.1
2003	10	12	9.1
2003	10	13	7.5
2003	10	14	6.5
2003	10	15	5.8
2003	10	16	5.7
2003	10	17	5.3
2003	10	18	3.6
2003	10	19	4.5
2003	10	20	4.7
2003	10	21	2.5
2003	10	22	3.0
2003	10	23	1.5
2003	10	24	-0.7
2003	10	25	2.0
2003	10	26	3.4
2003	10	27	2.4
2003	10	28	2.2
2003	10	29	7.3
2003	10	30	3.8
2003	10	31	7.1
2003	11	1	7.8
2003	11	2	8.5
2003	11	3	10.6
2003	11	4	8.5
2003	11	5	6.9
2003	11	6	5.3
2003	11	7	5.1
2003	11	8	5.6
2003	11	9	5.8
2003	11	10	3.6
2003	11	11	3.3
2003	11	12	1.7
2003	11	13	4.2
2003	11	14	4.8
2003	11	15	6.3
2003	11	16	5.9
2003	11	17	4.7
2003	11	18	6.0
2003	11	19	8.9
2003	11	20	6.7
2003	11	21	5.7
2003	11	22	6.6
2003	11	23	6.4
2003	11	24	7.9
2003	11	25	8.4
2003	11	26	7.0
2003	11	27	4.5
2003	11	28	5.3
2003	11	29	3.7
2003	11	30	4.3
2003	12	1	4.5
2003	12	2	5.4
2003	12	3	4.0
2003	12	4	4.0
2003	12	5	2.9
2003	12	6	0.9
2003	12	7	-1.5
2003	12	8	-2.1
2003	12	9	-1.8
2003	12	10	-1.0
2003	12	11	-0.5
2003	12	12	3.8
2003	12	13	7.9
2003	12	14	6.2
2003	12	15	1.1
2003	12	16	1.1
2003	12	17	1.4
2003	12	18	-1.2
2003	12	19	0.5
2003	12	20	7.0
2003	12	21	5.6
2003	12	22	-0.3
2003	12	23	-3.5
2003	12	24	-3.5
2003	12	25	-1.9
2003	12	26	2.2
2003	12	27	4.1
2003	12	28	5.0
2003	12	29	0.6
2003	12	30	-1.4
2003	12	31	-0.1
2004	1	1	-1.1
2004	1	2	-3.5
2004	1	3	-6.0
2004	1	4	-5.5
2004	1	5	-1.1
2004	1	6	1.7
2004	1	7	2.9
2004	1	8	1.4
2004	1	9	4.3
2004	1	10	2.8
2004	1	11	6.9
2004	1	12	5.8
2004	1	13	6.1
2004	1	14	4.6
2004	1	15	2.2
2004	1	16	3.7
2004	1	17	3.0
2004	1	18	-0.8
2004	1	19	-1.9
2004	1	20	0.7
2004	1	21	-1.9
2004	1	22	-3.7
2004	1	23	-4.0
2004	1	24	-3.8
2004	1	25	0.0
2004	1	26	-1.2
2004	1	27	-2.2
2004	1	28	-2.1
2004	1	29	-1.5
2004	1	30	-1.3
2004	1	31	5.6
2004	2	1	8.6
2004	2	2	9.5
2004	2	3	9.7
2004	2	4	9.6
2004	2	5	10.8
2004	2	6	12.2
2004	2	7	8.0
2004	2	8	2.6
2004	2	9	0.7
2004	2	10	1.3
2004	2	11	0.5
2004	2	12	-0.9
2004	2	13	1.3
2004	2	14	4.5
2004	2	15	3.7
2004	2	16	2.4
2004	2	17	1.2
2004	2	18	0.7
2004	2	19	-0.4
2004	2	20	0.6
2004	2	21	0.8
2004	2	22	1.0
2004	2	23	-0.8
2004	2	24	-1.9
2004	2	25	-1.5
2004	2	26	-2.1
2004	2	27	-2.6
2004	2	28	-1.9
2004	2	29	-1.3
2004	3	1	-2.4
2004	3	2	0.2
2004	3	3	0.4
2004	3	4	0.3
2004	3	5	-0.1
2004	3	6	-0.1
2004	3	7	1.2
2004	3	8	0.2
2004	3	9	-1.2
2004	3	10	-1.2
2004	3	11	-0.4
2004	3	12	4.0
2004	3	13	7.2
2004	3	14	7.2
2004	3	15	9.0
2004	3	16	8.4
2004	3	17	12.7
2004	3	18	13.8
2004	3	19	12.5
2004	3	20	11.8
2004	3	21	8.7
2004	3	22	5.6
2004	3	23	3.3
2004	3	24	3.8
2004	3	25	2.0
2004	3	26	0.5
2004	3	27	0.0
2004	3	28	2.1
2004	3	29	5.5
2004	3	30	8.6
2004	3	31	8.6
2004	4	1	10.3
2004	4	2	12.2
2004	4	3	10.8
2004	4	4	7.9
2004	4	5	6.8
2004	4	6	4.3
2004	4	7	3.8
2004	4	8	3.7
2004	4	9	3.7
2004	4	10	5.6
2004	4	11	5.3
2004	4	12	6.5
2004	4	13	7.0
2004	4	14	8.4
2004	4	15	9.5
2004	4	16	12.0
2004	4	17	14.0
2004	4	18	11.9
2004	4	19	7.8
2004	4	20	9.9
2004	4	21	14.1
2004	4	22	16.3
2004	4	23	11.4
2004	4	24	9.0
2004	4	25	8.8
2004	4	26	11.1
2004	4	27	13.2
2004	4	28	13.8
2004	4	29	14.7
2004	4	30	17.5
2004	5	1	11.9
2004	5	2	12.6
2004	5	3	13.0
2004	5	4	13.9
2004	5	5	8.5
2004	5	6	7.3
2004	5	7	7.4
2004	5	8	7.5
2004	5	9	7.1
2004	5	10	9.0
2004	5	11	11.4
2004	5	12	10.6
2004	5	13	9.2
2004	5	14	11.4
2004	5	15	13.7
2004	5	16	14.1
2004	5	17	14.2
2004	5	18	16.6
2004	5	19	17.3
2004	5	20	17.2
2004	5	21	13.4
2004	5	22	8.3
2004	5	23	7.5
2004	5	24	9.7
2004	5	25	11.4
2004	5	26	12.6
2004	5	27	11.6
2004	5	28	11.4
2004	5	29	13.9
2004	5	30	16.6
2004	5	31	14.9
2004	6	1	12.9
2004	6	2	12.6
2004	6	3	14.1
2004	6	4	12.7
2004	6	5	12.1
2004	6	6	14.5
2004	6	7	17.6
2004	6	8	20.9
2004	6	9	23.1
2004	6	10	21.3
2004	6	11	18.3
2004	6	12	14.5
2004	6	13	12.2
2004	6	14	15.7
2004	6	15	17.6
2004	6	16	15.0
2004	6	17	16.5
2004	6	18	14.4
2004	6	19	11.2
2004	6	20	11.6
2004	6	21	13.2
2004	6	22	15.5
2004	6	23	18.5
2004	6	24	16.2
2004	6	25	15.2
2004	6	26	16.0
2004	6	27	20.9
2004	6	28	19.0
2004	6	29	16.4
2004	6	30	18.4
2004	7	1	17.3
2004	7	2	13.5
2004	7	3	13.5
2004	7	4	17.3
2004	7	5	17.4
2004	7	6	17.4
2004	7	7	19.1
2004	7	8	16.6
2004	7	9	14.3
2004	7	10	12.9
2004	7	11	12.5
2004	7	12	12.4
2004	7	13	13.1
2004	7	14	15.8
2004	7	15	16.7
2004	7	16	19.9
2004	7	17	21.9
2004	7	18	21.6
2004	7	19	21.2
2004	7	20	20.4
2004	7	21	22.4
2004	7	22	22.5
2004	7	23	23.8
2004	7	24	19.1
2004	7	25	18.6
2004	7	26	14.4
2004	7	27	15.5
2004	7	28	17.1
2004	7	29	19.2
2004	7	30	21.4
2004	7	31	22.2
2004	8	1	21.9
2004	8	2	21.7
2004	8	3	21.7
2004	8	4	23.3
2004	8	5	23.6
2004	8	6	22.9
2004	8	7	20.4
2004	8	8	22.8
2004	8	9	23.4
2004	8	10	23.2
2004	8	11	21.3
2004	8	12	20.4
2004	8	13	16.5
2004	8	14	15.0
2004	8	15	18.1
2004	8	16	18.8
2004	8	17	18.1
2004	8	18	22.1
2004	8	19	19.1
2004	8	20	17.4
2004	8	21	14.0
2004	8	22	14.1
2004	8	23	17.4
2004	8	24	16.9
2004	8	25	14.7
2004	8	26	13.9
2004	8	27	15.5
2004	8	28	17.2
2004	8	29	17.6
2004	8	30	14.8
2004	8	31	13.0
2004	9	1	13.6
2004	9	2	17.9
2004	9	3	19.0
2004	9	4	19.9
2004	9	5	20.0
2004	9	6	19.0
2004	9	7	18.7
2004	9	8	17.0
2004	9	9	16.4
2004	9	10	17.7
2004	9	11	19.4
2004	9	12	15.6
2004	9	13	14.6
2004	9	14	16.3
2004	9	15	13.4
2004	9	16	10.6
2004	9	17	13.5
2004	9	18	14.3
2004	9	19	13.1
2004	9	20	14.1
2004	9	21	13.8
2004	9	22	10.9
2004	9	23	12.0
2004	9	24	9.3
2004	9	25	9.3
2004	9	26	8.7
2004	9	27	11.3
2004	9	28	13.8
2004	9	29	13.2
2004	9	30	12.5
2004	10	1	12.1
2004	10	2	12.6
2004	10	3	12.5
2004	10	4	15.7
2004	10	5	18.9
2004	10	6	14.7
2004	10	7	11.5
2004	10	8	9.5
2004	10	9	9.3
2004	10	10	8.5
2004	10	11	7.1
2004	10	12	4.3
2004	10	13	6.2
2004	10	14	8.4
2004	10	15	8.7
2004	10	16	6.7
2004	10	17	6.5
2004	10	18	7.6
2004	10	19	8.6
2004	10	20	13.5
2004	10	21	13.5
2004	10	22	11.5
2004	10	23	14.1
2004	10	24	15.6
2004	10	25	13.8
2004	10	26	9.7
2004	10	27	9.6
2004	10	28	11.2
2004	10	29	10.7
2004	10	30	10.1
2004	10	31	8.6
2004	11	1	9.4
2004	11	2	10.3
2004	11	3	11.1
2004	11	4	10.3
2004	11	5	8.7
2004	11	6	5.5
2004	11	7	4.6
2004	11	8	2.9
2004	11	9	0.1
2004	11	10	0.2
2004	11	11	1.3
2004	11	12	2.3
2004	11	13	2.6
2004	11	14	0.5
2004	11	15	-1.3
2004	11	16	1.7
2004	11	17	6.4
2004	11	18	7.3
2004	11	19	2.6
2004	11	20	0.2
2004	11	21	0.4
2004	11	22	6.7
2004	11	23	6.9
2004	11	24	-0.6
2004	11	25	-0.4
2004	11	26	1.9
2004	11	27	5.8
2004	11	28	5.0
2004	11	29	4.1
2004	11	30	2.9
2004	12	1	3.2
2004	12	2	3.4
2004	12	3	4.4
2004	12	4	2.8
2004	12	5	1.5
2004	12	6	2.4
2004	12	7	0.4
2004	12	8	0.5
2004	12	9	0.2
2004	12	10	-2.6
2004	12	11	-3.0
2004	12	12	-3.2
2004	12	13	-3.2
2004	12	14	-4.0
2004	12	15	-3.1
2004	12	16	0.3
2004	12	17	4.6
2004	12	18	1.4
2004	12	19	-0.4
2004	12	20	-4.3
2004	12	21	-4.5
2004	12	22	-3.6
2004	12	23	3.1
2004	12	24	6.5
2004	12	25	4.9
2004	12	26	1.8
2004	12	27	0.8
2004	12	28	-0.1
2004	12	29	0.8
2004	12	30	0.5
2004	12	31	2.3
2005	1	1	5.5
2005	1	2	4.4
2005	1	3	2.7
2005	1	4	4.2
2005	1	5	3.6
2005	1	6	6.1
2005	1	7	6.9
2005	1	8	7.1
2005	1	9	6.2
2005	1	10	6.9
2005	1	11	5.6
2005	1	12	6.8
2005	1	13	3.2
2005	1	14	0.3
2005	1	15	-0.9
2005	1	16	-2.1
2005	1	17	-1.1
2005	1	18	4.2
2005	1	19	1.4
2005	1	20	5.4
2005	1	21	4.1
2005	1	22	1.4
2005	1	23	-0.1
2005	1	24	-2.1
2005	1	25	-3.7
2005	1	26	-5.0
2005	1	27	-5.4
2005	1	28	-6.5
2005	1	29	-8.7
2005	1	30	-6.0
2005	1	31	-1.7
2005	2	1	0.6
2005	2	2	0.8
2005	2	3	1.9
2005	2	4	0.3
2005	2	5	-1.8
2005	2	6	-4.9
2005	2	7	-3.1
2005	2	8	-0.8
2005	2	9	1.6
2005	2	10	3.6
2005	2	11	4.8
2005	2	12	7.4
2005	2	13	1.5
2005	2	14	0.1
2005	2	15	-1.9
2005	2	16	-2.5
2005	2	17	-2.2
2005	2	18	-2.7
2005	2	19	-2.3
2005	2	20	-1.7
2005	2	21	-3.2
2005	2	22	-3.5
2005	2	23	-5.2
2005	2	24	-7.3
2005	2	25	-6.3
2005	2	26	-2.7
2005	2	27	-5.8
2005	2	28	-10.2
2005	3	1	-10.8
2005	3	2	-8.4
2005	3	3	-5.1
2005	3	4	-5.1
2005	3	5	-2.9
2005	3	6	-5.3
2005	3	7	-5.5
2005	3	8	0.4
2005	3	9	1.2
2005	3	10	-0.1
2005	3	11	-0.2
2005	3	12	0.8
2005	3	13	0.7
2005	3	14	1.9
2005	3	15	5.7
2005	3	16	10.0
2005	3	17	12.7
2005	3	18	13.1
2005	3	19	10.0
2005	3	20	4.8
2005	3	21	6.4
2005	3	22	9.6
2005	3	23	11.0
2005	3	24	8.6
2005	3	25	9.1
2005	3	26	8.7
2005	3	27	10.8
2005	3	28	10.6
2005	3	29	10.8
2005	3	30	9.9
2005	3	31	9.6
2005	4	1	7.0
2005	4	2	8.6
2005	4	3	9.6
2005	4	4	10.8
2005	4	5	9.7
2005	4	6	10.9
2005	4	7	10.5
2005	4	8	6.6
2005	4	9	3.5
2005	4	10	4.0
2005	4	11	7.6
2005	4	12	7.7
2005	4	13	10.6
2005	4	14	11.8
2005	4	15	13.5
2005	4	16	14.0
2005	4	17	12.2
2005	4	18	10.3
2005	4	19	8.6
2005	4	20	6.0
2005	4	21	5.4
2005	4	22	6.9
2005	4	23	10.7
2005	4	24	11.8
2005	4	25	10.0
2005	4	26	10.9
2005	4	27	10.8
2005	4	28	11.7
2005	4	29	14.4
2005	4	30	17.5
2005	5	1	19.6
2005	5	2	20.6
2005	5	3	15.1
2005	5	4	12.0
2005	5	5	11.1
2005	5	6	7.5
2005	5	7	6.8
2005	5	8	6.1
2005	5	9	7.3
2005	5	10	6.1
2005	5	11	6.7
2005	5	12	9.5
2005	5	13	12.7
2005	5	14	12.9
2005	5	15	10.7
2005	5	16	10.5
2005	5	17	10.8
2005	5	18	8.9
2005	5	19	11.6
2005	5	20	15.8
2005	5	21	16.6
2005	5	22	15.5
2005	5	23	12.1
2005	5	24	13.6
2005	5	25	17.1
2005	5	26	20.7
2005	5	27	22.3
2005	5	28	23.3
2005	5	29	23.5
2005	5	30	17.1
2005	5	31	12.4
2005	6	1	12.9
2005	6	2	15.7
2005	6	3	19.9
2005	6	4	16.4
2005	6	5	13.7
2005	6	6	13.1
2005	6	7	9.4
2005	6	8	11.3
2005	6	9	11.4
2005	6	10	11.7
2005	6	11	10.7
2005	6	12	12.9
2005	6	13	15.4
2005	6	14	16.3
2005	6	15	17.3
2005	6	16	17.8
2005	6	17	19.0
2005	6	18	20.2
2005	6	19	20.3
2005	6	20	22.5
2005	6	21	23.8
2005	6	22	22.0
2005	6	23	22.9
2005	6	24	25.9
2005	6	25	22.3
2005	6	26	21.7
2005	6	27	22.8
2005	6	28	24.1
2005	6	29	20.6
2005	6	30	19.5
2005	7	1	15.5
2005	7	2	16.0
2005	7	3	20.2
2005	7	4	19.0
2005	7	5	14.5
2005	7	6	13.8
2005	7	7	13.0
2005	7	8	13.1
2005	7	9	15.8
2005	7	10	17.1
2005	7	11	18.9
2005	7	12	19.6
2005	7	13	21.3
2005	7	14	21.9
2005	7	15	22.5
2005	7	16	21.7
2005	7	17	20.9
2005	7	18	21.4
2005	7	19	18.0
2005	7	20	16.6
2005	7	21	16.0
2005	7	22	14.7
2005	7	23	15.7
2005	7	24	17.7
2005	7	25	17.6
2005	7	26	18.8
2005	7	27	23.4
2005	7	28	26.0
2005	7	29	22.9
2005	7	30	18.6
2005	7	31	17.7
2005	8	1	17.9
2005	8	2	15.6
2005	8	3	16.4
2005	8	4	15.5
2005	8	5	16.0
2005	8	6	15.3
2005	8	7	11.5
2005	8	8	11.6
2005	8	9	13.2
2005	8	10	13.4
2005	8	11	13.8
2005	8	12	16.9
2005	8	13	15.4
2005	8	14	14.1
2005	8	15	13.6
2005	8	16	15.6
2005	8	17	17.6
2005	8	18	19.7
2005	8	19	19.2
2005	8	20	16.9
2005	8	21	16.8
2005	8	22	18.1
2005	8	23	16.5
2005	8	24	17.2
2005	8	25	16.0
2005	8	26	14.0
2005	8	27	14.7
2005	8	28	16.1
2005	8	29	18.8
2005	8	30	21.0
2005	8	31	21.1
2005	9	1	22.3
2005	9	2	20.6
2005	9	3	19.9
2005	9	4	18.5
2005	9	5	18.8
2005	9	6	20.2
2005	9	7	19.7
2005	9	8	21.2
2005	9	9	20.2
2005	9	10	17.4
2005	9	11	16.5
2005	9	12	16.4
2005	9	13	16.2
2005	9	14	15.3
2005	9	15	16.9
2005	9	16	13.8
2005	9	17	9.6
2005	9	18	10.2
2005	9	19	10.2
2005	9	20	10.1
2005	9	21	11.7
2005	9	22	12.5
2005	9	23	14.3
2005	9	24	14.9
2005	9	25	15.3
2005	9	26	14.8
2005	9	27	14.6
2005	9	28	13.4
2005	9	29	10.6
2005	9	30	9.8
2005	10	1	11.0
2005	10	2	9.6
2005	10	3	9.9
2005	10	4	13.9
2005	10	5	15.9
2005	10	6	14.4
2005	10	7	12.6
2005	10	8	11.5
2005	10	9	11.4
2005	10	10	11.6
2005	10	11	10.5
2005	10	12	11.1
2005	10	13	10.2
2005	10	14	9.3
2005	10	15	10.0
2005	10	16	9.1
2005	10	17	6.8
2005	10	18	6.1
2005	10	19	6.3
2005	10	20	10.1
2005	10	21	13.4
2005	10	22	14.9
2005	10	23	12.3
2005	10	24	10.7
2005	10	25	14.8
2005	10	26	13.9
2005	10	27	13.0
2005	10	28	10.6
2005	10	29	10.5
2005	10	30	8.7
2005	10	31	8.5
2005	11	1	9.6
2005	11	2	10.2
2005	11	3	13.7
2005	11	4	12.0
2005	11	5	9.1
2005	11	6	7.6
2005	11	7	6.0
2005	11	8	7.1
2005	11	9	6.5
2005	11	10	5.8
2005	11	11	6.6
2005	11	12	6.8
2005	11	13	4.2
2005	11	14	3.7
2005	11	15	2.7
2005	11	16	3.8
2005	11	17	1.7
2005	11	18	1.6
2005	11	19	-1.2
2005	11	20	-1.5
2005	11	21	0.3
2005	11	22	-0.6
2005	11	23	0.3
2005	11	24	-1.9
2005	11	25	-1.4
2005	11	26	-1.2
2005	11	27	-1.1
2005	11	28	0.4
2005	11	29	0.9
2005	11	30	-1.5
2005	12	1	-1.0
2005	12	2	-2.6
2005	12	3	2.8
2005	12	4	6.3
2005	12	5	4.9
2005	12	6	3.4
2005	12	7	2.4
2005	12	8	2.5
2005	12	9	1.2
2005	12	10	-1.3
2005	12	11	-2.5
2005	12	12	-0.6
2005	12	13	1.3
2005	12	14	1.2
2005	12	15	2.3
2005	12	16	3.5
2005	12	17	-0.3
2005	12	18	-1.9
2005	12	19	-0.8
2005	12	20	0.2
2005	12	21	0.1
2005	12	22	-0.5
2005	12	23	1.1
2005	12	24	2.6
2005	12	25	2.2
2005	12	26	-1.2
2005	12	27	-2.4
2005	12	28	-3.8
2005	12	29	-5.1
2005	12	30	-5.0
2005	12	31	2.0
