YYYY	MM	DD	hh	mm	TA
1994	1	1	0	0	2.1
1994	1	2	0	0	3.9
1994	1	3	0	0	7.1
1994	1	4	0	0	6.8
1994	1	5	0	0	6.4
1994	1	6	0	0	5.3
1994	1	7	0	0	4.0
1994	1	8	0	0	3.6
1994	1	9	0	0	3.3
1994	1	10	0	0	2.2
1994	1	11	0	0	2.7
1994	1	12	0	0	7.0
1994	1	13	0	0	7.7
1994	1	14	0	0	6.6
1994	1	15	0	0	2.5
1994	1	16	0	0	1.6
1994	1	17	0	0	-2.1
1994	1	18	0	0	-3.7
1994	1	19	0	0	-4.8
1994	1	20	0	0	-1.7
1994	1	21	0	0	-2.9
1994	1	22	0	0	-0.8
1994	1	23	0	0	4.7
1994	1	24	0	0	5.0
1994	1	25	0	0	8.2
1994	1	26	0	0	3.2
1994	1	27	0	0	6.3
1994	1	28	0	0	1.2
1994	1	29	0	0	0.5
1994	1	30	0	0	4.2
1994	1	31	0	0	1.4
1994	2	1	0	0	1.0
1994	2	2	0	0	4.4
1994	2	3	0	0	4.5
1994	2	4	0	0	4.3
1994	2	5	0	0	2.4
1994	2	6	0	0	3.0
1994	2	7	0	0	3.7
1994	2	8	0	0	2.3
1994	2	9	0	0	3.0
1994	2	10	0	0	2.5
1994	2	11	0	0	0.0
1994	2	12	0	0	0.0
1994	2	13	0	0	-6.5
1994	2	14	0	0	-4.2
1994	2	15	0	0	-2.8
1994	2	16	0	0	-5.1
1994	2	17	0	0	-5.5
1994	2	18	0	0	-5.1
1994	2	19	0	0	-4.6
1994	2	20	0	0	-2.8
1994	2	21	0	0	-2.2
1994	2	22	0	0	1.7
1994	2	23	0	0	4.8
1994	2	24	0	0	4.3
1994	2	25	0	0	4.3
1994	2	26	0	0	6.0
1994	2	27	0	0	7.5
1994	2	28	0	0	8.3
1994	3	1	0	0	7.9
1994	3	2	0	0	5.3
1994	3	3	0	0	5.6
1994	3	4	0	0	3.2
1994	3	5	0	0	6.2
1994	3	6	0	0	7.9
1994	3	7	0	0	7.4
1994	3	8	0	0	9.3
1994	3	9	0	0	11.4
1994	3	10	0	0	7.8
1994	3	11	0	0	6.4
1994	3	12	0	0	6.6
1994	3	13	0	0	7.5
1994	3	14	0	0	8.4
1994	3	15	0	0	8.8
1994	3	16	0	0	4.7
1994	3	17	0	0	2.9
1994	3	18	0	0	4.4
1994	3	19	0	0	5.1
1994	3	20	0	0	3.2
1994	3	21	0	0	4.7
1994	3	22	0	0	7.5
1994	3	23	0	0	12.0
1994	3	24	0	0	12.2
1994	3	25	0	0	13.6
1994	3	26	0	0	5.2
1994	3	27	0	0	3.5
1994	3	28	0	0	7.7
1994	3	29	0	0	10.7
1994	3	30	0	0	12.5
1994	3	31	0	0	9.1
1994	4	1	0	0	9.1
1994	4	2	0	0	3.9
1994	4	3	0	0	2.6
1994	4	4	0	0	4.5
1994	4	5	0	0	4.1
1994	4	6	0	0	3.3
1994	4	7	0	0	5.3
1994	4	8	0	0	4.6
1994	4	9	0	0	3.5
1994	4	10	0	0	2.9
1994	4	11	0	0	3.4
1994	4	12	0	0	7.1
1994	4	13	0	0	5.2
1994	4	14	0	0	3.2
1994	4	15	0	0	5.2
1994	4	16	0	0	8.5
1994	4	17	0	0	6.4
1994	4	18	0	0	4.8
1994	4	19	0	0	5.3
1994	4	20	0	0	9.1
1994	4	21	0	0	11.0
1994	4	22	0	0	12.3
1994	4	23	0	0	13.9
1994	4	24	0	0	13.2
1994	4	25	0	0	12.3
1994	4	26	0	0	11.9
1994	4	27	0	0	12.2
1994	4	28	0	0	13.6
1994	4	29	0	0	16.1
1994	4	30	0	0	18.4
1994	5	1	0	0	10.6
1994	5	2	0	0	9.5
1994	5	3	0	0	14.3
1994	5	4	0	0	10.1
1994	5	5	0	0	9.2
1994	5	6	0	0	12.2
1994	5	7	0	0	14.9
1994	5	8	0	0	14.9
1994	5	9	0	0	12.4
1994	5	10	0	0	11.6
1994	5	11	0	0	12.7
1994	5	12	0	0	15.4
1994	5	13	0	0	13.9
1994	5	14	0	0	15.7
1994	5	15	0	0	16.4
1994	5	16	0	0	17.5
1994	5	17	0	0	16.0
1994	5	18	0	0	15.9
1994	5	19	0	0	10.8
1994	5	20	0	0	12.7
1994	5	21	0	0	13.3
1994	5	22	0	0	15.6
1994	5	23	0	0	14.8
1994	5	24	0	0	16.5
1994	5	25	0	0	13.4
1994	5	26	0	0	12.6
1994	5	27	0	0	10.4
1994	5	28	0	0	11.8
1994	5	29	0	0	13.2
1994	5	30	0	0	11.3
1994	5	31	0	0	13.9
1994	6	1	0	0	18.2
1994	6	2	0	0	18.6
1994	6	3	0	0	15.1
1994	6	4	0	0	11.4
1994	6	5	0	0	9.8
1994	6	6	0	0	12.9
1994	6	7	0	0	14.9
1994	6	8	0	0	18.3
1994	6	9	0	0	10.7
1994	6	10	0	0	9.8
1994	6	11	0	0	10.1
1994	6	12	0	0	14.5
1994	6	13	0	0	15.7
1994	6	14	0	0	14.7
1994	6	15	0	0	15.4
1994	6	16	0	0	15.5
1994	6	17	0	0	14.5
1994	6	18	0	0	19.8
1994	6	19	0	0	20.8
1994	6	20	0	0	19.1
1994	6	21	0	0	19.8
1994	6	22	0	0	19.6
1994	6	23	0	0	18.1
1994	6	24	0	0	20.4
1994	6	25	0	0	23.7
1994	6	26	0	0	23.2
1994	6	27	0	0	24.2
1994	6	28	0	0	21.4
1994	6	29	0	0	21.2
1994	6	30	0	0	20.1
1994	7	1	0	0	22.9
1994	7	2	0	0	24.0
1994	7	3	0	0	25.9
1994	7	4	0	0	25.8
1994	7	5	0	0	21.4
1994	7	6	0	0	19.2
1994	7	7	0	0	15.8
1994	7	8	0	0	16.7
1994	7	9	0	0	16.4
1994	7	10	0	0	18.3
1994	7	11	0	0	20.5
1994	7	12	0	0	22.9
1994	7	13	0	0	23.5
1994	7	14	0	0	20.2
1994	7	15	0	0	20.4
1994	7	16	0	0	22.2
1994	7	17	0	0	24.0
1994	7	18	0	0	20.8
1994	7	19	0	0	18.5
1994	7	20	0	0	17.9
1994	7	21	0	0	20.4
1994	7	22	0	0	21.5
1994	7	23	0	0	22.3
1994	7	24	0	0	23.1
1994	7	25	0	0	23.6
1994	7	26	0	0	23.7
1994	7	27	0	0	24.5
1994	7	28	0	0	24.9
1994	7	29	0	0	24.1
1994	7	30	0	0	21.9
1994	7	31	0	0	22.0
1994	8	1	0	0	21.5
1994	8	2	0	0	21.6
1994	8	3	0	0	23.4
1994	8	4	0	0	25.1
1994	8	5	0	0	26.1
1994	8	6	0	0	24.9
1994	8	7	0	0	21.4
1994	8	8	0	0	19.6
1994	8	9	0	0	20.5
1994	8	10	0	0	20.2
1994	8	11	0	0	17.6
1994	8	12	0	0	15.4
1994	8	13	0	0	15.0
1994	8	14	0	0	12.4
1994	8	15	0	0	13.7
1994	8	16	0	0	17.3
1994	8	17	0	0	15.8
1994	8	18	0	0	14.2
1994	8	19	0	0	15.0
1994	8	20	0	0	15.8
1994	8	21	0	0	18.7
1994	8	22	0	0	21.3
1994	8	23	0	0	20.2
1994	8	24	0	0	17.9
1994	8	25	0	0	14.1
1994	8	26	0	0	17.1
1994	8	27	0	0	18.1
1994	8	28	0	0	14.4
1994	8	29	0	0	12.9
1994	8	30	0	0	16.2
1994	8	31	0	0	17.9
1994	9	1	0	0	16.9
1994	9	2	0	0	16.6
1994	9	3	0	0	12.6
1994	9	4	0	0	14.3
1994	9	5	0	0	14.8
1994	9	6	0	0	17.2
1994	9	7	0	0	14.6
1994	9	8	0	0	13.9
1994	9	9	0	0	12.8
1994	9	10	0	0	12.1
1994	9	11	0	0	14.3
1994	9	12	0	0	16.8
1994	9	13	0	0	14.0
1994	9	14	0	0	13.7
1994	9	15	0	0	11.4
1994	9	16	0	0	9.7
1994	9	17	0	0	7.9
1994	9	18	0	0	9.2
1994	9	19	0	0	9.7
1994	9	20	0	0	11.6
1994	9	21	0	0	13.1
1994	9	22	0	0	12.5
1994	9	23	0	0	16.6
1994	9	24	0	0	16.2
1994	9	25	0	0	16.7
1994	9	26	0	0	15.6
1994	9	27	0	0	14.9
1994	9	28	0	0	13.6
1994	9	29	0	0	11.4
1994	9	30	0	0	14.3
1994	10	1	0	0	13.4
1994	10	2	0	0	13.7
1994	10	3	0	0	12.9
1994	10	4	0	0	4.4
1994	10	5	0	0	3.9
1994	10	6	0	0	2.5
1994	10	7	0	0	2.1
1994	10	8	0	0	2.9
1994	10	9	0	0	5.5
1994	10	10	0	0	6.5
1994	10	11	0	0	6.4
1994	10	12	0	0	7.9
1994	10	13	0	0	8.2
1994	10	14	0	0	8.9
1994	10	15	0	0	10.3
1994	10	16	0	0	10.4
1994	10	17	0	0	4.9
1994	10	18	0	0	3.7
1994	10	19	0	0	3.9
1994	10	20	0	0	7.1
1994	10	21	0	0	5.9
1994	10	22	0	0	10.1
1994	10	23	0	0	8.6
1994	10	24	0	0	8.2
1994	10	25	0	0	9.6
1994	10	26	0	0	7.2
1994	10	27	0	0	7.3
1994	10	28	0	0	7.0
1994	10	29	0	0	6.7
1994	10	30	0	0	12.1
1994	10	31	0	0	15.5
1994	11	1	0	0	8.5
1994	11	2	0	0	6.3
1994	11	3	0	0	9.5
1994	11	4	0	0	9.3
1994	11	5	0	0	10.0
1994	11	6	0	0	9.5
1994	11	7	0	0	6.8
1994	11	8	0	0	7.4
1994	11	9	0	0	7.6
1994	11	10	0	0	7.4
1994	11	11	0	0	8.3
1994	11	12	0	0	6.5
1994	11	13	0	0	8.0
1994	11	14	0	0	11.2
1994	11	15	0	0	10.7
1994	11	16	0	0	7.6
1994	11	17	0	0	6.8
1994	11	18	0	0	6.6
1994	11	19	0	0	9.0
1994	11	20	0	0	11.2
1994	11	21	0	0	10.2
1994	11	22	0	0	7.3
1994	11	23	0	0	7.1
1994	11	24	0	0	8.4
1994	11	25	0	0	7.0
1994	11	26	0	0	6.1
1994	11	27	0	0	6.7
1994	11	28	0	0	5.4
1994	11	29	0	0	3.4
1994	11	30	0	0	2.8
1994	12	1	0	0	0.8
1994	12	2	0	0	1.6
1994	12	3	0	0	7.1
1994	12	4	0	0	10.6
1994	12	5	0	0	6.5
1994	12	6	0	0	4.3
1994	12	7	0	0	1.3
1994	12	8	0	0	6.5
1994	12	9	0	0	7.9
1994	12	10	0	0	7.3
1994	12	11	0	0	10.9
1994	12	12	0	0	10.1
1994	12	13	0	0	9.5
1994	12	14	0	0	2.1
1994	12	15	0	0	-1.2
1994	12	16	0	0	0.0
1994	12	17	0	0	2.1
1994	12	18	0	0	0.7
1994	12	19	0	0	2.4
1994	12	20	0	0	1.3
1994	12	21	0	0	-0.1
1994	12	22	0	0	0.3
1994	12	23	0	0	0.0
1994	12	24	0	0	-1.8
1994	12	25	0	0	-2.3
1994	12	26	0	0	-0.1
1994	12	27	0	0	6.6
1994	12	28	0	0	9.9
1994	12	29	0	0	8.9
1994	12	30	0	0	5.4
1994	12	31	0	0	4.3
1995	1	1	0	0	-0.5
1995	1	2	0	0	-1.1
1995	1	3	0	0	-3.2
1995	1	4	0	0	-7.9
1995	1	5	0	0	-9.8
1995	1	6	0	0	-10.1
1995	1	7	0	0	-6.2
1995	1	8	0	0	-6.3
1995	1	9	0	0	-1.1
1995	1	10	0	0	2.2
1995	1	11	0	0	0.7
1995	1	12	0	0	-0.5
1995	1	13	0	0	-5.5
1995	1	14	0	0	-2.9
1995	1	15	0	0	0.0
1995	1	16	0	0	-2.0
1995	1	17	0	0	-2.9
1995	1	18	0	0	-2.0
1995	1	19	0	0	2.1
1995	1	20	0	0	1.9
1995	1	21	0	0	3.1
1995	1	22	0	0	8.7
1995	1	23	0	0	6.0
1995	1	24	0	0	3.8
1995	1	25	0	0	8.2
1995	1	26	0	0	8.5
1995	1	27	0	0	0.7
1995	1	28	0	0	6.3
1995	1	29	0	0	6.9
1995	1	30	0	0	2.3
1995	1	31	0	0	0.4
1995	2	1	0	0	3.0
1995	2	2	0	0	3.2
1995	2	3	0	0	1.1
1995	2	4	0	0	4.0
1995	2	5	0	0	4.5
1995	2	6	0	0	7.8
1995	2	7	0	0	6.0
1995	2	8	0	0	7.0
1995	2	9	0	0	0.8
1995	2	10	0	0	4.7
1995	2	11	0	0	7.8
1995	2	12	0	0	6.3
1995	2	13	0	0	8.4
1995	2	14	0	0	6.3
1995	2	15	0	0	8.1
1995	2	16	0	0	6.1
1995	2	17	0	0	6.7
1995	2	18	0	0	3.3
1995	2	19	0	0	5.8
1995	2	20	0	0	8.9
1995	2	21	0	0	7.5
1995	2	22	0	0	2.1
1995	2	23	0	0	1.5
1995	2	24	0	0	2.1
1995	2	25	0	0	4.2
1995	2	26	0	0	1.5
1995	2	27	0	0	1.4
1995	2	28	0	0	5.4
1995	3	1	0	0	8.8
1995	3	2	0	0	4.5
1995	3	3	0	0	4.0
1995	3	4	0	0	0.2
1995	3	5	0	0	0.7
1995	3	6	0	0	2.3
1995	3	7	0	0	0.8
1995	3	8	0	0	1.7
1995	3	9	0	0	0.9
1995	3	10	0	0	2.4
1995	3	11	0	0	4.1
1995	3	12	0	0	4.8
1995	3	13	0	0	4.8
1995	3	14	0	0	-0.5
1995	3	15	0	0	0.9
1995	3	16	0	0	2.6
1995	3	17	0	0	6.9
1995	3	18	0	0	7.0
1995	3	19	0	0	3.3
1995	3	20	0	0	1.9
1995	3	21	0	0	1.5
1995	3	22	0	0	2.8
1995	3	23	0	0	4.3
1995	3	24	0	0	6.1
1995	3	25	0	0	6.4
1995	3	26	0	0	7.4
1995	3	27	0	0	1.4
1995	3	28	0	0	-1.1
1995	3	29	0	0	-0.7
1995	3	30	0	0	-1.0
1995	3	31	0	0	0.8
1995	4	1	0	0	6.5
1995	4	2	0	0	12.3
1995	4	3	0	0	10.9
1995	4	4	0	0	10.5
1995	4	5	0	0	10.5
1995	4	6	0	0	10.9
1995	4	7	0	0	11.8
1995	4	8	0	0	5.1
1995	4	9	0	0	2.9
1995	4	10	0	0	4.3
1995	4	11	0	0	7.2
1995	4	12	0	0	5.9
1995	4	13	0	0	7.1
1995	4	14	0	0	6.8
1995	4	15	0	0	7.7
1995	4	16	0	0	4.4
1995	4	17	0	0	6.3
1995	4	18	0	0	8.9
1995	4	19	0	0	9.9
1995	4	20	0	0	4.8
1995	4	21	0	0	11.3
1995	4	22	0	0	11.7
1995	4	23	0	0	14.6
1995	4	24	0	0	18.1
1995	4	25	0	0	14.2
1995	4	26	0	0	12.2
1995	4	27	0	0	9.7
1995	4	28	0	0	8.5
1995	4	29	0	0	11.9
1995	4	30	0	0	12.5
1995	5	1	0	0	12.5
1995	5	2	0	0	12.3
1995	5	3	0	0	13.2
1995	5	4	0	0	14.8
1995	5	5	0	0	14.6
1995	5	6	0	0	17.4
1995	5	7	0	0	16.6
1995	5	8	0	0	15.6
1995	5	9	0	0	10.7
1995	5	10	0	0	8.3
1995	5	11	0	0	10.4
1995	5	12	0	0	10.2
1995	5	13	0	0	7.2
1995	5	14	0	0	4.9
1995	5	15	0	0	8.3
1995	5	16	0	0	10.2
1995	5	17	0	0	11.8
1995	5	18	0	0	8.3
1995	5	19	0	0	6.9
1995	5	20	0	0	8.5
1995	5	21	0	0	9.5
1995	5	22	0	0	11.8
1995	5	23	0	0	15.5
1995	5	24	0	0	18.4
1995	5	25	0	0	19.5
1995	5	26	0	0	15.5
1995	5	27	0	0	14.7
1995	5	28	0	0	18.2
1995	5	29	0	0	17.0
1995	5	30	0	0	14.0
1995	5	31	0	0	12.3
1995	6	1	0	0	10.7
1995	6	2	0	0	12.8
1995	6	3	0	0	13.4
1995	6	4	0	0	13.5
1995	6	5	0	0	13.8
1995	6	6	0	0	12.9
1995	6	7	0	0	14.7
1995	6	8	0	0	10.9
1995	6	9	0	0	11.4
1995	6	10	0	0	13.3
1995	6	11	0	0	11.7
1995	6	12	0	0	12.2
1995	6	13	0	0	13.2
1995	6	14	0	0	10.9
1995	6	15	0	0	12.6
1995	6	16	0	0	11.6
1995	6	17	0	0	15.2
1995	6	18	0	0	13.9
1995	6	19	0	0	17.1
1995	6	20	0	0	21.5
1995	6	21	0	0	19.2
1995	6	22	0	0	13.8
1995	6	23	0	0	10.8
1995	6	24	0	0	11.9
1995	6	25	0	0	15.3
1995	6	26	0	0	19.2
1995	6	27	0	0	21.9
1995	6	28	0	0	19.8
1995	6	29	0	0	19.9
1995	6	30	0	0	21.3
1995	7	1	0	0	22.9
1995	7	2	0	0	21.1
1995	7	3	0	0	16.4
1995	7	4	0	0	14.9
1995	7	5	0	0	15.3
1995	7	6	0	0	17.7
1995	7	7	0	0	20.7
1995	7	8	0	0	22.6
1995	7	9	0	0	24.3
1995	7	10	0	0	25.3
1995	7	11	0	0	21.2
1995	7	12	0	0	21.4
1995	7	13	0	0	23.9
1995	7	14	0	0	21.2
1995	7	15	0	0	20.0
1995	7	16	0	0	18.7
1995	7	17	0	0	18.1
1995	7	18	0	0	19.3
1995	7	19	0	0	21.3
1995	7	20	0	0	23.8
1995	7	21	0	0	26.0
1995	7	22	0	0	23.0
1995	7	23	0	0	16.2
1995	7	24	0	0	18.4
1995	7	25	0	0	20.7
1995	7	26	0	0	22.9
1995	7	27	0	0	19.8
1995	7	28	0	0	18.4
1995	7	29	0	0	19.1
1995	7	30	0	0	21.5
1995	7	31	0	0	22.7
1995	8	1	0	0	22.4
1995	8	2	0	0	21.1
1995	8	3	0	0	19.9
1995	8	4	0	0	21.0
1995	8	5	0	0	21.7
1995	8	6	0	0	23.4
1995	8	7	0	0	19.9
1995	8	8	0	0	17.5
1995	8	9	0	0	17.6
1995	8	10	0	0	18.7
1995	8	11	0	0	20.2
1995	8	12	0	0	22.8
1995	8	13	0	0	18.6
1995	8	14	0	0	16.9
1995	8	15	0	0	16.6
1995	8	16	0	0	16.0
1995	8	17	0	0	17.6
1995	8	18	0	0	20.1
1995	8	19	0	0	20.3
1995	8	20	0	0	18.6
1995	8	21	0	0	18.5
1995	8	22	0	0	20.4
1995	8	23	0	0	19.1
1995	8	24	0	0	17.4
1995	8	25	0	0	17.6
1995	8	26	0	0	15.7
1995	8	27	0	0	14.8
1995	8	28	0	0	11.1
1995	8	29	0	0	10.0
1995	8	30	0	0	9.4
1995	8	31	0	0	10.6
1995	9	1	0	0	12.0
1995	9	2	0	0	11.5
1995	9	3	0	0	11.7
1995	9	4	0	0	11.0
1995	9	5	0	0	12.9
1995	9	6	0	0	13.7
1995	9	7	0	0	15.0
1995	9	8	0	0	14.1
1995	9	9	0	0	12.7
1995	9	10	0	0	13.7
1995	9	11	0	0	14.5
1995	9	12	0	0	15.5
1995	9	13	0	0	13.9
1995	9	14	0	0	12.2
1995	9	15	0	0	11.5
1995	9	16	0	0	11.4
1995	9	17	0	0	13.2
1995	9	18	0	0	14.4
1995	9	19	0	0	13.4
1995	9	20	0	0	10.6
1995	9	21	0	0	9.1
1995	9	22	0	0	10.3
1995	9	23	0	0	12.4
1995	9	24	0	0	11.6
1995	9	25	0	0	10.4
1995	9	26	0	0	12.0
1995	9	27	0	0	12.7
1995	9	28	0	0	7.4
1995	9	29	0	0	7.1
1995	9	30	0	0	8.1
1995	10	1	0	0	10.9
1995	10	2	0	0	12.6
1995	10	3	0	0	12.5
1995	10	4	0	0	16.5
1995	10	5	0	0	15.5
1995	10	6	0	0	15.3
1995	10	7	0	0	13.8
1995	10	8	0	0	14.8
1995	10	9	0	0	14.3
1995	10	10	0	0	13.6
1995	10	11	0	0	14.8
1995	10	12	0	0	14.4
1995	10	13	0	0	13.0
1995	10	14	0	0	12.6
1995	10	15	0	0	11.7
1995	10	16	0	0	12.0
1995	10	17	0	0	10.3
1995	10	18	0	0	11.5
1995	10	19	0	0	12.3
1995	10	20	0	0	10.4
1995	10	21	0	0	6.5
1995	10	22	0	0	6.0
1995	10	23	0	0	8.5
1995	10	24	0	0	8.5
1995	10	25	0	0	8.1
1995	10	26	0	0	11.5
1995	10	27	0	0	13.4
1995	10	28	0	0	13.0
1995	10	29	0	0	12.6
1995	10	30	0	0	11.6
1995	10	31	0	0	8.5
1995	11	1	0	0	6.1
1995	11	2	0	0	4.7
1995	11	3	0	0	3.9
1995	11	4	0	0	0.9
1995	11	5	0	0	-2.6
1995	11	6	0	0	-0.9
1995	11	7	0	0	-0.5
1995	11	8	0	0	3.1
1995	11	9	0	0	5.0
1995	11	10	0	0	5.4
1995	11	11	0	0	5.1
1995	11	12	0	0	5.0
1995	11	13	0	0	3.9
1995	11	14	0	0	6.9
1995	11	15	0	0	7.5
1995	11	16	0	0	9.8
1995	11	17	0	0	4.5
1995	11	18	0	0	-0.5
1995	11	19	0	0	1.0
1995	11	20	0	0	-1.6
1995	11	21	0	0	-2.6
1995	11	22	0	0	0.9
1995	11	23	0	0	4.6
1995	11	24	0	0	4.1
1995	11	25	0	0	1.5
1995	11	26	0	0	-0.1
1995	11	27	0	0	-1.1
1995	11	28	0	0	0.0
1995	11	29	0	0	2.0
1995	11	30	0	0	1.6
1995	12	1	0	0	0.7
1995	12	2	0	0	1.7
1995	12	3	0	0	-0.1
1995	12	4	0	0	-0.9
1995	12	5	0	0	-2.8
1995	12	6	0	0	-3.0
1995	12	7	0	0	-1.4
1995	12	8	0	0	-0.9
1995	12	9	0	0	-1.2
1995	12	10	0	0	-1.7
1995	12	11	0	0	-1.5
1995	12	12	0	0	-0.5
1995	12	13	0	0	-1.3
1995	12	14	0	0	-3.2
1995	12	15	0	0	-1.6
1995	12	16	0	0	-1.3
1995	12	17	0	0	-1.4
1995	12	18	0	0	2.1
1995	12	19	0	0	3.6
1995	12	20	0	0	1.5
1995	12	21	0	0	1.4
1995	12	22	0	0	7.1
1995	12	23	0	0	10.0
1995	12	24	0	0	4.8
1995	12	25	0	0	1.8
1995	12	26	0	0	-1.4
1995	12	27	0	0	-5.4
1995	12	28	0	0	-7.7
1995	12	29	0	0	-7.1
1995	12	30	0	0	-5.3
1995	12	31	0	0	-2.0
1996	1	1	0	0	-0.8
1996	1	2	0	0	-2.4
1996	1	3	0	0	-1.8
1996	1	4	0	0	-3.0
1996	1	5	0	0	-6.0
1996	1	6	0	0	-4.9
1996	1	7	0	0	1.1
1996	1	8	0	0	2.8
1996	1	9	0	0	0.8
1996	1	10	0	0	1.0
1996	1	11	0	0	1.5
1996	1	12	0	0	0.8
1996	1	13	0	0	0.6
1996	1	14	0	0	0.0
1996	1	15	0	0	-0.8
1996	1	16	0	0	-1.5
1996	1	17	0	0	-2.7
1996	1	18	0	0	-3.2
1996	1	19	0	0	-3.7
1996	1	20	0	0	-2.8
1996	1	21	0	0	-3.3
1996	1	22	0	0	-3.4
1996	1	23	0	0	-2.6
1996	1	24	0	0	-3.9
1996	1	25	0	0	-6.3
1996	1	26	0	0	-5.4
1996	1	27	0	0	-2.6
1996	1	28	0	0	-3.6
1996	1	29	0	0	-2.2
1996	1	30	0	0	-1.8
1996	1	31	0	0	-3.3
1996	2	1	0	0	-6.5
1996	2	2	0	0	-2.2
1996	2	3	0	0	-0.5
1996	2	4	0	0	-5.6
1996	2	5	0	0	-5.8
1996	2	6	0	0	-6.6
1996	2	7	0	0	-7.3
1996	2	8	0	0	-6.4
1996	2	9	0	0	-3.7
1996	2	10	0	0	-0.3
1996	2	11	0	0	1.3
1996	2	12	0	0	2.1
1996	2	13	0	0	0.0
1996	2	14	0	0	-1.0
1996	2	15	0	0	-1.7
1996	2	16	0	0	0.4
1996	2	17	0	0	3.0
1996	2	18	0	0	2.3
1996	2	19	0	0	1.1
1996	2	20	0	0	-0.9
1996	2	21	0	0	-4.8
1996	2	22	0	0	-6.5
1996	2	23	0	0	-7.4
1996	2	24	0	0	-3.0
1996	2	25	0	0	2.9
1996	2	26	0	0	3.3
1996	2	27	0	0	2.3
1996	2	28	0	0	1.9
1996	2	29	0	0	2.9
1996	3	1	0	0	-0.8
1996	3	2	0	0	-1.9
1996	3	3	0	0	-2.3
1996	3	4	0	0	-3.9
1996	3	5	0	0	-0.6
1996	3	6	0	0	0.1
1996	3	7	0	0	1.7
1996	3	8	0	0	0.5
1996	3	9	0	0	0.7
1996	3	10	0	0	0.6
1996	3	11	0	0	-4.2
1996	3	12	0	0	-5.7
1996	3	13	0	0	-3.3
1996	3	14	0	0	-0.3
1996	3	15	0	0	2.5
1996	3	16	0	0	3.7
1996	3	17	0	0	4.4
1996	3	18	0	0	5.5
1996	3	19	0	0	6.0
1996	3	20	0	0	3.9
1996	3	21	0	0	7.5
1996	3	22	0	0	7.3
1996	3	23	0	0	8.8
1996	3	24	0	0	8.1
1996	3	25	0	0	9.5
1996	3	26	0	0	7.3
1996	3	27	0	0	0.2
1996	3	28	0	0	1.3
1996	3	29	0	0	0.9
1996	3	30	0	0	0.9
1996	3	31	0	0	0.1
1996	4	1	0	0	1.2
1996	4	2	0	0	0.7
1996	4	3	0	0	0.5
1996	4	4	0	0	0.0
1996	4	5	0	0	3.3
1996	4	6	0	0	7.6
1996	4	7	0	0	9.0
1996	4	8	0	0	10.6
1996	4	9	0	0	6.1
1996	4	10	0	0	8.3
1996	4	11	0	0	8.6
1996	4	12	0	0	1.7
1996	4	13	0	0	2.6
1996	4	14	0	0	5.3
1996	4	15	0	0	5.2
1996	4	16	0	0	8.6
1996	4	17	0	0	9.9
1996	4	18	0	0	10.5
1996	4	19	0	0	13.0
1996	4	20	0	0	15.7
1996	4	21	0	0	15.4
1996	4	22	0	0	16.8
1996	4	23	0	0	15.3
1996	4	24	0	0	11.0
1996	4	25	0	0	11.3
1996	4	26	0	0	10.6
1996	4	27	0	0	14.7
1996	4	28	0	0	12.4
1996	4	29	0	0	11.8
1996	4	30	0	0	8.6
1996	5	1	0	0	12.0
1996	5	2	0	0	13.1
1996	5	3	0	0	9.3
1996	5	4	0	0	7.4
1996	5	5	0	0	9.4
1996	5	6	0	0	13.4
1996	5	7	0	0	12.6
1996	5	8	0	0	9.1
1996	5	9	0	0	5.8
1996	5	10	0	0	7.0
1996	5	11	0	0	9.7
1996	5	12	0	0	11.1
1996	5	13	0	0	10.5
1996	5	14	0	0	12.3
1996	5	15	0	0	10.6
1996	5	16	0	0	10.7
1996	5	17	0	0	14.5
1996	5	18	0	0	14.5
1996	5	19	0	0	11.4
1996	5	20	0	0	11.4
1996	5	21	0	0	10.7
1996	5	22	0	0	10.2
1996	5	23	0	0	12.7
1996	5	24	0	0	16.9
1996	5	25	0	0	12.3
1996	5	26	0	0	12.7
1996	5	27	0	0	12.5
1996	5	28	0	0	7.7
1996	5	29	0	0	13.2
1996	5	30	0	0	17.9
1996	5	31	0	0	21.2
1996	6	1	0	0	17.2
1996	6	2	0	0	13.1
1996	6	3	0	0	12.7
1996	6	4	0	0	15.9
1996	6	5	0	0	18.7
1996	6	6	0	0	21.8
1996	6	7	0	0	23.9
1996	6	8	0	0	23.1
1996	6	9	0	0	19.8
1996	6	10	0	0	20.1
1996	6	11	0	0	22.2
1996	6	12	0	0	22.0
1996	6	13	0	0	15.2
1996	6	14	0	0	14.4
1996	6	15	0	0	16.3
1996	6	16	0	0	16.6
1996	6	17	0	0	18.3
1996	6	18	0	0	19.9
1996	6	19	0	0	14.4
1996	6	20	0	0	13.7
1996	6	21	0	0	12.5
1996	6	22	0	0	9.8
1996	6	23	0	0	12.3
1996	6	24	0	0	11.5
1996	6	25	0	0	12.3
1996	6	26	0	0	15.0
1996	6	27	0	0	16.3
1996	6	28	0	0	18.3
1996	6	29	0	0	15.3
1996	6	30	0	0	12.1
1996	7	1	0	0	14.5
1996	7	2	0	0	14.0
1996	7	3	0	0	16.6
1996	7	4	0	0	17.7
1996	7	5	0	0	18.0
1996	7	6	0	0	13.0
1996	7	7	0	0	13.9
1996	7	8	0	0	10.6
1996	7	9	0	0	12.2
1996	7	10	0	0	13.3
1996	7	11	0	0	15.2
1996	7	12	0	0	18.3
1996	7	13	0	0	19.5
1996	7	14	0	0	20.1
1996	7	15	0	0	20.5
1996	7	16	0	0	14.8
1996	7	17	0	0	16.0
1996	7	18	0	0	15.8
1996	7	19	0	0	15.0
1996	7	20	0	0	15.3
1996	7	21	0	0	15.5
1996	7	22	0	0	17.3
1996	7	23	0	0	19.8
1996	7	24	0	0	17.2
1996	7	25	0	0	14.0
1996	7	26	0	0	16.6
1996	7	27	0	0	18.4
1996	7	28	0	0	19.8
1996	7	29	0	0	19.7
1996	7	30	0	0	17.4
1996	7	31	0	0	18.7
1996	8	1	0	0	20.7
1996	8	2	0	0	19.7
1996	8	3	0	0	16.6
1996	8	4	0	0	15.4
1996	8	5	0	0	16.8
1996	8	6	0	0	17.8
1996	8	7	0	0	17.2
1996	8	8	0	0	17.4
1996	8	9	0	0	19.5
1996	8	10	0	0	21.5
1996	8	11	0	0	15.7
1996	8	12	0	0	14.3
1996	8	13	0	0	15.1
1996	8	14	0	0	15.2
1996	8	15	0	0	15.8
1996	8	16	0	0	16.5
1996	8	17	0	0	16.6
1996	8	18	0	0	18.0
1996	8	19	0	0	19.5
1996	8	20	0	0	19.2
1996	8	21	0	0	19.4
1996	8	22	0	0	18.8
1996	8	23	0	0	19.1
1996	8	24	0	0	15.7
1996	8	25	0	0	15.3
1996	8	26	0	0	15.6
1996	8	27	0	0	17.6
1996	8	28	0	0	13.7
1996	8	29	0	0	14.3
1996	8	30	0	0	13.5
1996	8	31	0	0	12.9
1996	9	1	0	0	12.0
1996	9	2	0	0	13.6
1996	9	3	0	0	15.8
1996	9	4	0	0	15.9
1996	9	5	0	0	14.2
1996	9	6	0	0	10.3
1996	9	7	0	0	8.5
1996	9	8	0	0	9.1
1996	9	9	0	0	7.7
1996	9	10	0	0	11.5
1996	9	11	0	0	11.2
1996	9	12	0	0	9.5
1996	9	13	0	0	8.1
1996	9	14	0	0	10.6
1996	9	15	0	0	10.4
1996	9	16	0	0	8.1
1996	9	17	0	0	6.8
1996	9	18	0	0	8.8
1996	9	19	0	0	11.6
1996	9	20	0	0	8.9
1996	9	21	0	0	11.0
1996	9	22	0	0	10.7
1996	9	23	0	0	10.8
1996	9	24	0	0	9.2
1996	9	25	0	0	11.2
1996	9	26	0	0	10.1
1996	9	27	0	0	10.9
1996	9	28	0	0	9.8
1996	9	29	0	0	11.8
1996	9	30	0	0	12.8
1996	10	1	0	0	13.1
1996	10	2	0	0	7.9
1996	10	3	0	0	6.7
1996	10	4	0	0	10.1
1996	10	5	0	0	8.2
1996	10	6	0	0	8.9
1996	10	7	0	0	10.6
1996	10	8	0	0	11.5
1996	10	9	0	0	11.4
1996	10	10	0	0	10.7
1996	10	11	0	0	10.7
1996	10	12	0	0	10.8
1996	10	13	0	0	10.5
1996	10	14	0	0	9.1
1996	10	15	0	0	10.7
1996	10	16	0	0	9.2
1996	10	17	0	0	6.9
1996	10	18	0	0	6.3
1996	10	19	0	0	8.8
1996	10	20	0	0	9.5
1996	10	21	0	0	10.1
1996	10	22	0	0	5.7
1996	10	23	0	0	5.7
1996	10	24	0	0	6.3
1996	10	25	0	0	7.0
1996	10	26	0	0	9.8
1996	10	27	0	0	10.1
1996	10	28	0	0	13.7
1996	10	29	0	0	8.4
1996	10	30	0	0	6.0
1996	10	31	0	0	6.5
1996	11	1	0	0	10.4
1996	11	2	0	0	11.3
1996	11	3	0	0	10.9
1996	11	4	0	0	8.6
1996	11	5	0	0	9.2
1996	11	6	0	0	9.9
1996	11	7	0	0	8.6
1996	11	8	0	0	6.1
1996	11	9	0	0	5.7
1996	11	10	0	0	6.0
1996	11	11	0	0	9.3
1996	11	12	0	0	7.9
1996	11	13	0	0	6.1
1996	11	14	0	0	2.7
1996	11	15	0	0	2.8
1996	11	16	0	0	3.9
1996	11	17	0	0	2.4
1996	11	18	0	0	1.0
1996	11	19	0	0	2.6
1996	11	20	0	0	5.8
1996	11	21	0	0	1.3
1996	11	22	0	0	-1.3
1996	11	23	0	0	-1.3
1996	11	24	0	0	0.4
1996	11	25	0	0	1.1
1996	11	26	0	0	3.0
1996	11	27	0	0	-0.4
1996	11	28	0	0	-0.3
1996	11	29	0	0	0.0
1996	11	30	0	0	2.8
1996	12	1	0	0	1.8
1996	12	2	0	0	3.5
1996	12	3	0	0	5.0
1996	12	4	0	0	4.8
1996	12	5	0	0	1.6
1996	12	6	0	0	-0.7
1996	12	7	0	0	-1.0
1996	12	8	0	0	-1.5
1996	12	9	0	0	-0.7
1996	12	10	0	0	-0.8
1996	12	11	0	0	-1.1
1996	12	12	0	0	-0.9
1996	12	13	0	0	4.6
1996	12	14	0	0	-0.4
1996	12	15	0	0	0.1
1996	12	16	0	0	1.7
1996	12	17	0	0	1.8
1996	12	18	0	0	3.9
1996	12	19	0	0	4.9
1996	12	20	0	0	1.8
1996	12	21	0	0	-0.2
1996	12	22	0	0	-2.3
1996	12	23	0	0	-4.0
1996	12	24	0	0	-8.2
1996	12	25	0	0	-9.5
1996	12	26	0	0	-11.6
1996	12	27	0	0	-10.5
1996	12	28	0	0	-12.7
1996	12	29	0	0	-12.6
1996	12	30	0	0	-10.3
1996	12	31	0	0	-13.0
1997	1	1	0	0	-11.0
1997	1	2	0	0	-9.1
1997	1	3	0	0	-6.7
1997	1	4	0	0	-4.2
1997	1	5	0	0	-4.9
1997	1	6	0	0	-5.2
1997	1	7	0	0	-6.8
1997	1	8	0	0	-6.3
1997	1	9	0	0	-4.6
1997	1	10	0	0	-3.4
1997	1	11	0	0	-4.0
1997	1	12	0	0	-6.4
1997	1	13	0	0	-8.1
1997	1	14	0	0	-6.8
1997	1	15	0	0	-7.7
1997	1	16	0	0	-7.8
1997	1	17	0	0	-7.3
1997	1	18	0	0	-1.2
1997	1	19	0	0	1.0
1997	1	20	0	0	1.9
1997	1	21	0	0	1.7
1997	1	22	0	0	1.4
1997	1	23	0	0	3.7
1997	1	24	0	0	2.0
1997	1	25	0	0	2.1
1997	1	26	0	0	0.8
1997	1	27	0	0	1.2
1997	1	28	0	0	-0.6
1997	1	29	0	0	1.2
1997	1	30	0	0	-0.9
1997	1	31	0	0	-1.0
1997	2	1	0	0	-1.4
1997	2	2	0	0	-2.7
1997	2	3	0	0	-2.1
1997	2	4	0	0	1.3
1997	2	5	0	0	2.5
1997	2	6	0	0	0.3
1997	2	7	0	0	-0.6
1997	2	8	0	0	2.6
1997	2	9	0	0	2.3
1997	2	10	0	0	8.2
1997	2	11	0	0	3.9
1997	2	12	0	0	9.3
1997	2	13	0	0	5.1
1997	2	14	0	0	2.6
1997	2	15	0	0	2.0
1997	2	16	0	0	1.2
1997	2	17	0	0	1.7
1997	2	18	0	0	5.3
1997	2	19	0	0	3.4
1997	2	20	0	0	7.1
1997	2	21	0	0	7.1
1997	2	22	0	0	6.3
1997	2	23	0	0	6.9
1997	2	24	0	0	10.1
1997	2	25	0	0	8.9
1997	2	26	0	0	7.3
1997	2	27	0	0	4.7
1997	2	28	0	0	5.5
1997	3	1	0	0	7.6
1997	3	2	0	0	10.5
1997	3	3	0	0	6.6
1997	3	4	0	0	7.7
1997	3	5	0	0	8.3
1997	3	6	0	0	7.9
1997	3	7	0	0	6.4
1997	3	8	0	0	4.9
1997	3	9	0	0	6.3
1997	3	10	0	0	7.5
1997	3	11	0	0	7.6
1997	3	12	0	0	7.4
1997	3	13	0	0	5.3
1997	3	14	0	0	5.8
1997	3	15	0	0	7.8
1997	3	16	0	0	9.6
1997	3	17	0	0	9.8
1997	3	18	0	0	9.7
1997	3	19	0	0	4.7
1997	3	20	0	0	1.6
1997	3	21	0	0	3.7
1997	3	22	0	0	1.6
1997	3	23	0	0	3.6
1997	3	24	0	0	5.9
1997	3	25	0	0	5.7
1997	3	26	0	0	8.6
1997	3	27	0	0	10.2
1997	3	28	0	0	6.3
1997	3	29	0	0	4.8
1997	3	30	0	0	5.0
1997	3	31	0	0	6.8
1997	4	1	0	0	8.5
1997	4	2	0	0	10.1
1997	4	3	0	0	10.2
1997	4	4	0	0	3.9
1997	4	5	0	0	5.0
1997	4	6	0	0	4.6
1997	4	7	0	0	2.0
1997	4	8	0	0	5.0
1997	4	9	0	0	8.9
1997	4	10	0	0	9.4
1997	4	11	0	0	6.0
1997	4	12	0	0	3.6
1997	4	13	0	0	4.4
1997	4	14	0	0	7.1
1997	4	15	0	0	5.2
1997	4	16	0	0	3.3
1997	4	17	0	0	3.9
1997	4	18	0	0	7.6
1997	4	19	0	0	4.3
1997	4	20	0	0	2.9
1997	4	21	0	0	3.2
1997	4	22	0	0	5.0
1997	4	23	0	0	5.1
1997	4	24	0	0	8.9
1997	4	25	0	0	12.1
1997	4	26	0	0	10.6
1997	4	27	0	0	10.5
1997	4	28	0	0	11.6
1997	4	29	0	0	9.1
1997	4	30	0	0	9.7
1997	5	1	0	0	9.5
1997	5	2	0	0	12.8
1997	5	3	0	0	15.6
1997	5	4	0	0	15.7
1997	5	5	0	0	14.5
1997	5	6	0	0	10.3
1997	5	7	0	0	5.2
1997	5	8	0	0	4.9
1997	5	9	0	0	6.6
1997	5	10	0	0	10.1
1997	5	11	0	0	15.9
1997	5	12	0	0	12.0
1997	5	13	0	0	15.1
1997	5	14	0	0	19.0
1997	5	15	0	0	20.6
1997	5	16	0	0	18.8
1997	5	17	0	0	20.6
1997	5	18	0	0	15.5
1997	5	19	0	0	17.7
1997	5	20	0	0	14.4
1997	5	21	0	0	12.7
1997	5	22	0	0	10.9
1997	5	23	0	0	12.0
1997	5	24	0	0	12.1
1997	5	25	0	0	11.3
1997	5	26	0	0	13.5
1997	5	27	0	0	12.9
1997	5	28	0	0	8.6
1997	5	29	0	0	13.2
1997	5	30	0	0	12.8
1997	5	31	0	0	11.4
1997	6	1	0	0	12.8
1997	6	2	0	0	15.2
1997	6	3	0	0	12.4
1997	6	4	0	0	15.1
1997	6	5	0	0	18.8
1997	6	6	0	0	18.7
1997	6	7	0	0	20.9
1997	6	8	0	0	18.5
1997	6	9	0	0	19.1
1997	6	10	0	0	21.3
1997	6	11	0	0	21.8
1997	6	12	0	0	19.0
1997	6	13	0	0	17.3
1997	6	14	0	0	17.8
1997	6	15	0	0	15.4
1997	6	16	0	0	16.8
1997	6	17	0	0	14.2
1997	6	18	0	0	11.1
1997	6	19	0	0	13.8
1997	6	20	0	0	13.1
1997	6	21	0	0	12.6
1997	6	22	0	0	11.6
1997	6	23	0	0	12.4
1997	6	24	0	0	12.6
1997	6	25	0	0	13.8
1997	6	26	0	0	13.6
1997	6	27	0	0	13.6
1997	6	28	0	0	17.2
1997	6	29	0	0	17.0
1997	6	30	0	0	13.9
1997	7	1	0	0	14.2
1997	7	2	0	0	17.7
1997	7	3	0	0	15.9
1997	7	4	0	0	15.5
1997	7	5	0	0	14.6
1997	7	6	0	0	13.6
1997	7	7	0	0	16.0
1997	7	8	0	0	16.7
1997	7	9	0	0	16.6
1997	7	10	0	0	18.5
1997	7	11	0	0	19.7
1997	7	12	0	0	19.7
1997	7	13	0	0	20.8
1997	7	14	0	0	17.8
1997	7	15	0	0	17.5
1997	7	16	0	0	18.2
1997	7	17	0	0	19.7
1997	7	18	0	0	14.8
1997	7	19	0	0	14.1
1997	7	20	0	0	13.6
1997	7	21	0	0	14.6
1997	7	22	0	0	17.7
1997	7	23	0	0	18.3
1997	7	24	0	0	19.7
1997	7	25	0	0	16.2
1997	7	26	0	0	16.3
1997	7	27	0	0	18.3
1997	7	28	0	0	16.9
1997	7	29	0	0	18.2
1997	7	30	0	0	19.9
1997	7	31	0	0	14.4
1997	8	1	0	0	13.5
1997	8	2	0	0	15.9
1997	8	3	0	0	18.7
1997	8	4	0	0	22.5
1997	8	5	0	0	22.6
1997	8	6	0	0	21.6
1997	8	7	0	0	20.4
1997	8	8	0	0	18.4
1997	8	9	0	0	18.9
1997	8	10	0	0	21.6
1997	8	11	0	0	21.3
1997	8	12	0	0	20.7
1997	8	13	0	0	20.6
1997	8	14	0	0	22.1
1997	8	15	0	0	19.7
1997	8	16	0	0	19.7
1997	8	17	0	0	19.7
1997	8	18	0	0	18.0
1997	8	19	0	0	18.6
1997	8	20	0	0	19.3
1997	8	21	0	0	20.3
1997	8	22	0	0	20.7
1997	8	23	0	0	21.6
1997	8	24	0	0	21.5
1997	8	25	0	0	22.6
1997	8	26	0	0	19.8
1997	8	27	0	0	21.1
1997	8	28	0	0	15.1
1997	8	29	0	0	13.3
1997	8	30	0	0	15.7
1997	8	31	0	0	18.8
1997	9	1	0	0	19.6
1997	9	2	0	0	18.5
1997	9	3	0	0	18.1
1997	9	4	0	0	18.7
1997	9	5	0	0	19.2
1997	9	6	0	0	16.1
1997	9	7	0	0	14.7
1997	9	8	0	0	16.2
1997	9	9	0	0	15.5
1997	9	10	0	0	11.0
1997	9	11	0	0	13.7
1997	9	12	0	0	18.3
1997	9	13	0	0	11.5
1997	9	14	0	0	8.6
1997	9	15	0	0	10.7
1997	9	16	0	0	13.0
1997	9	17	0	0	14.2
1997	9	18	0	0	15.5
1997	9	19	0	0	13.5
1997	9	20	0	0	9.2
1997	9	21	0	0	9.4
1997	9	22	0	0	10.4
1997	9	23	0	0	11.1
1997	9	24	0	0	11.8
1997	9	25	0	0	12.1
1997	9	26	0	0	12.3
1997	9	27	0	0	12.3
1997	9	28	0	0	12.4
1997	9	29	0	0	12.7
1997	9	30	0	0	14.7
1997	10	1	0	0	16.7
1997	10	2	0	0	14.4
1997	10	3	0	0	7.9
1997	10	4	0	0	8.1
1997	10	5	0	0	8.7
1997	10	6	0	0	13.3
1997	10	7	0	0	16.3
1997	10	8	0	0	16.6
1997	10	9	0	0	19.1
1997	10	10	0	0	13.2
1997	10	11	0	0	10.3
1997	10	12	0	0	8.8
1997	10	13	0	0	6.4
1997	10	14	0	0	5.6
1997	10	15	0	0	5.4
1997	10	16	0	0	6.4
1997	10	17	0	0	6.8
1997	10	18	0	0	7.9
1997	10	19	0	0	6.8
1997	10	20	0	0	7.4
1997	10	21	0	0	3.8
1997	10	22	0	0	2.0
1997	10	23	0	0	1.8
1997	10	24	0	0	2.4
1997	10	25	0	0	5.0
1997	10	26	0	0	5.3
1997	10	27	0	0	1.0
1997	10	28	0	0	0.2
1997	10	29	0	0	-1.4
1997	10	30	0	0	4.1
1997	10	31	0	0	1.2
1997	11	1	0	0	0.5
1997	11	2	0	0	0.5
1997	11	3	0	0	3.5
1997	11	4	0	0	2.6
1997	11	5	0	0	8.2
1997	11	6	0	0	8.8
1997	11	7	0	0	7.3
1997	11	8	0	0	5.9
1997	11	9	0	0	6.8
1997	11	10	0	0	8.9
1997	11	11	0	0	5.8
1997	11	12	0	0	4.9
1997	11	13	0	0	5.1
1997	11	14	0	0	3.9
1997	11	15	0	0	4.4
1997	11	16	0	0	6.4
1997	11	17	0	0	3.1
1997	11	18	0	0	2.3
1997	11	19	0	0	-1.1
1997	11	20	0	0	1.1
1997	11	21	0	0	3.7
1997	11	22	0	0	1.7
1997	11	23	0	0	2.8
1997	11	24	0	0	2.2
1997	11	25	0	0	2.6
1997	11	26	0	0	0.7
1997	11	27	0	0	0.6
1997	11	28	0	0	5.4
1997	11	29	0	0	7.3
1997	11	30	0	0	6.3
1997	12	1	0	0	2.4
1997	12	2	0	0	-0.2
1997	12	3	0	0	-1.4
1997	12	4	0	0	-0.1
1997	12	5	0	0	-1.1
1997	12	6	0	0	-2.3
1997	12	7	0	0	0.3
1997	12	8	0	0	0.5
1997	12	9	0	0	2.3
1997	12	10	0	0	8.3
1997	12	11	0	0	10.3
1997	12	12	0	0	6.1
1997	12	13	0	0	4.5
1997	12	14	0	0	1.6
1997	12	15	0	0	-1.7
1997	12	16	0	0	-4.9
1997	12	17	0	0	-1.5
1997	12	18	0	0	0.7
1997	12	19	0	0	0.6
1997	12	20	0	0	0.7
1997	12	21	0	0	-0.1
1997	12	22	0	0	-0.3
1997	12	23	0	0	1.0
1997	12	24	0	0	4.4
1997	12	25	0	0	12.1
1997	12	26	0	0	7.6
1997	12	27	0	0	4.0
1997	12	28	0	0	3.2
1997	12	29	0	0	1.6
1997	12	30	0	0	1.1
1997	12	31	0	0	6.3
1998	1	1	0	0	5.1
1998	1	2	0	0	7.5
1998	1	3	0	0	7.4
1998	1	4	0	0	7.3
1998	1	5	0	0	7.8
1998	1	6	0	0	4.1
1998	1	7	0	0	8.3
1998	1	8	0	0	7.7
1998	1	9	0	0	8.2
1998	1	10	0	0	1.6
1998	1	11	0	0	2.1
1998	1	12	0	0	-0.8
1998	1	13	0	0	1.1
1998	1	14	0	0	5.2
1998	1	15	0	0	4.5
1998	1	16	0	0	6.3
1998	1	17	0	0	2.3
1998	1	18	0	0	2.8
1998	1	19	0	0	4.0
1998	1	20	0	0	0.7
1998	1	21	0	0	0.2
1998	1	22	0	0	-0.9
1998	1	23	0	0	0.1
1998	1	24	0	0	-1.7
1998	1	25	0	0	-2.9
1998	1	26	0	0	-5.2
1998	1	27	0	0	-7.0
1998	1	28	0	0	-6.5
1998	1	29	0	0	-4.5
1998	1	30	0	0	-5.2
1998	1	31	0	0	-5.3
1998	2	1	0	0	-8.3
1998	2	2	0	0	-9.8
1998	2	3	0	0	-4.9
1998	2	4	0	0	-5.5
1998	2	5	0	0	-4.0
1998	2	6	0	0	-1.3
1998	2	7	0	0	-0.5
1998	2	8	0	0	0.7
1998	2	9	0	0	0.1
1998	2	10	0	0	1.1
1998	2	11	0	0	1.8
1998	2	12	0	0	3.8
1998	2	13	0	0	4.5
1998	2	14	0	0	8.0
1998	2	15	0	0	6.4
1998	2	16	0	0	7.2
1998	2	17	0	0	6.1
1998	2	18	0	0	4.8
1998	2	19	0	0	7.2
1998	2	20	0	0	5.8
1998	2	21	0	0	10.2
1998	2	22	0	0	6.7
1998	2	23	0	0	4.9
1998	2	24	0	0	4.0
1998	2	25	0	0	8.4
1998	2	26	0	0	5.7
1998	2	27	0	0	6.5
1998	2	28	0	0	5.0
1998	3	1	0	0	4.2
1998	3	2	0	0	7.2
1998	3	3	0	0	11.7
1998	3	4	0	0	15.8
1998	3	5	0	0	4.1
1998	3	6	0	0	6.3
1998	3	7	0	0	7.5
1998	3	8	0	0	5.5
1998	3	9	0	0	-0.8
1998	3	10	0	0	-0.1
1998	3	11	0	0	3.2
1998	3	12	0	0	2.0
1998	3	13	0	0	2.5
1998	3	14	0	0	5.3
1998	3	15	0	0	5.3
1998	3	16	0	0	6.9
1998	3	17	0	0	6.0
1998	3	18	0	0	7.7
1998	3	19	0	0	4.4
1998	3	20	0	0	3.4
1998	3	21	0	0	1.3
1998	3	22	0	0	2.6
1998	3	23	0	0	0.6
1998	3	24	0	0	1.5
1998	3	25	0	0	0.5
1998	3	26	0	0	3.1
1998	3	27	0	0	7.3
1998	3	28	0	0	10.8
1998	3	29	0	0	11.6
1998	3	30	0	0	12.4
1998	3	31	0	0	12.9
1998	4	1	0	0	13.2
1998	4	2	0	0	11.3
1998	4	3	0	0	12.8
1998	4	4	0	0	7.8
1998	4	5	0	0	9.1
1998	4	6	0	0	8.3
1998	4	7	0	0	7.6
1998	4	8	0	0	5.6
1998	4	9	0	0	6.3
1998	4	10	0	0	8.1
1998	4	11	0	0	8.0
1998	4	12	0	0	3.4
1998	4	13	0	0	4.0
1998	4	14	0	0	3.7
1998	4	15	0	0	8.5
1998	4	16	0	0	5.5
1998	4	17	0	0	6.5
1998	4	18	0	0	5.5
1998	4	19	0	0	3.2
1998	4	20	0	0	9.4
1998	4	21	0	0	10.7
1998	4	22	0	0	12.4
1998	4	23	0	0	11.8
1998	4	24	0	0	11.5
1998	4	25	0	0	14.3
1998	4	26	0	0	13.8
1998	4	27	0	0	12.1
1998	4	28	0	0	8.8
1998	4	29	0	0	9.7
1998	4	30	0	0	14.0
1998	5	1	0	0	12.3
1998	5	2	0	0	10.3
1998	5	3	0	0	11.2
1998	5	4	0	0	7.8
1998	5	5	0	0	10.2
1998	5	6	0	0	11.2
1998	5	7	0	0	13.1
1998	5	8	0	0	15.6
1998	5	9	0	0	17.9
1998	5	10	0	0	19.5
1998	5	11	0	0	20.0
1998	5	12	0	0	19.9
1998	5	13	0	0	21.3
1998	5	14	0	0	18.1
1998	5	15	0	0	17.1
1998	5	16	0	0	13.9
1998	5	17	0	0	12.7
1998	5	18	0	0	13.7
1998	5	19	0	0	15.4
1998	5	20	0	0	16.5
1998	5	21	0	0	13.8
1998	5	22	0	0	9.4
1998	5	23	0	0	8.2
1998	5	24	0	0	11.2
1998	5	25	0	0	12.4
1998	5	26	0	0	13.9
1998	5	27	0	0	16.2
1998	5	28	0	0	18.5
1998	5	29	0	0	15.4
1998	5	30	0	0	15.1
1998	5	31	0	0	15.5
1998	6	1	0	0	14.4
1998	6	2	0	0	19.7
1998	6	3	0	0	17.0
1998	6	4	0	0	19.9
1998	6	5	0	0	23.9
1998	6	6	0	0	23.4
1998	6	7	0	0	18.4
1998	6	8	0	0	14.5
1998	6	9	0	0	18.7
1998	6	10	0	0	16.7
1998	6	11	0	0	13.4
1998	6	12	0	0	9.8
1998	6	13	0	0	10.8
1998	6	14	0	0	11.7
1998	6	15	0	0	13.7
1998	6	16	0	0	12.5
1998	6	17	0	0	12.7
1998	6	18	0	0	13.7
1998	6	19	0	0	17.7
1998	6	20	0	0	21.1
1998	6	21	0	0	24.0
1998	6	22	0	0	19.2
1998	6	23	0	0	16.9
1998	6	24	0	0	19.1
1998	6	25	0	0	21.7
1998	6	26	0	0	18.4
1998	6	27	0	0	19.1
1998	6	28	0	0	17.0
1998	6	29	0	0	16.9
1998	6	30	0	0	18.5
1998	7	1	0	0	14.4
1998	7	2	0	0	17.0
1998	7	3	0	0	18.1
1998	7	4	0	0	15.0
1998	7	5	0	0	16.6
1998	7	6	0	0	16.6
1998	7	7	0	0	11.9
1998	7	8	0	0	11.5
1998	7	9	0	0	15.3
1998	7	10	0	0	16.7
1998	7	11	0	0	17.1
1998	7	12	0	0	15.6
1998	7	13	0	0	17.5
1998	7	14	0	0	15.7
1998	7	15	0	0	15.3
1998	7	16	0	0	13.3
1998	7	17	0	0	18.0
1998	7	18	0	0	17.2
1998	7	19	0	0	19.6
1998	7	20	0	0	25.4
1998	7	21	0	0	21.6
1998	7	22	0	0	19.8
1998	7	23	0	0	20.4
1998	7	24	0	0	20.1
1998	7	25	0	0	18.6
1998	7	26	0	0	20.8
1998	7	27	0	0	18.4
1998	7	28	0	0	18.0
1998	7	29	0	0	17.3
1998	7	30	0	0	15.6
1998	7	31	0	0	16.1
1998	8	1	0	0	17.4
1998	8	2	0	0	17.2
1998	8	3	0	0	17.3
1998	8	4	0	0	18.9
1998	8	5	0	0	17.7
1998	8	6	0	0	18.7
1998	8	7	0	0	21.0
1998	8	8	0	0	23.1
1998	8	9	0	0	24.3
1998	8	10	0	0	23.5
1998	8	11	0	0	25.3
1998	8	12	0	0	25.6
1998	8	13	0	0	19.1
1998	8	14	0	0	17.3
1998	8	15	0	0	20.9
1998	8	16	0	0	20.9
1998	8	17	0	0	20.7
1998	8	18	0	0	19.9
1998	8	19	0	0	19.1
1998	8	20	0	0	18.7
1998	8	21	0	0	14.7
1998	8	22	0	0	13.7
1998	8	23	0	0	14.7
1998	8	24	0	0	13.9
1998	8	25	0	0	12.0
1998	8	26	0	0	16.0
1998	8	27	0	0	11.1
1998	8	28	0	0	10.2
1998	8	29	0	0	10.9
1998	8	30	0	0	11.7
1998	8	31	0	0	13.0
1998	9	1	0	0	15.3
1998	9	2	0	0	17.2
1998	9	3	0	0	15.8
1998	9	4	0	0	17.1
1998	9	5	0	0	14.7
1998	9	6	0	0	13.8
1998	9	7	0	0	14.9
1998	9	8	0	0	15.4
1998	9	9	0	0	20.1
1998	9	10	0	0	16.8
1998	9	11	0	0	14.7
1998	9	12	0	0	11.2
1998	9	13	0	0	8.7
1998	9	14	0	0	8.6
1998	9	15	0	0	10.9
1998	9	16	0	0	11.3
1998	9	17	0	0	10.3
1998	9	18	0	0	10.3
1998	9	19	0	0	8.7
1998	9	20	0	0	10.2
1998	9	21	0	0	11.7
1998	9	22	0	0	11.5
1998	9	23	0	0	11.6
1998	9	24	0	0	12.2
1998	9	25	0	0	13.2
1998	9	26	0	0	15.3
1998	9	27	0	0	14.9
1998	9	28	0	0	13.6
1998	9	29	0	0	13.2
1998	9	30	0	0	12.9
1998	10	1	0	0	11.8
1998	10	2	0	0	9.7
1998	10	3	0	0	9.1
1998	10	4	0	0	7.7
1998	10	5	0	0	10.4
1998	10	6	0	0	9.1
1998	10	7	0	0	8.8
1998	10	8	0	0	9.9
1998	10	9	0	0	9.4
1998	10	10	0	0	10.7
1998	10	11	0	0	9.4
1998	10	12	0	0	8.6
1998	10	13	0	0	9.1
1998	10	14	0	0	11.8
1998	10	15	0	0	12.8
1998	10	16	0	0	11.2
1998	10	17	0	0	14.1
1998	10	18	0	0	8.2
1998	10	19	0	0	3.4
1998	10	20	0	0	6.3
1998	10	21	0	0	9.4
1998	10	22	0	0	11.2
1998	10	23	0	0	13.1
1998	10	24	0	0	10.1
1998	10	25	0	0	9.3
1998	10	26	0	0	7.0
1998	10	27	0	0	8.8
1998	10	28	0	0	12.7
1998	10	29	0	0	8.3
1998	10	30	0	0	5.0
1998	10	31	0	0	6.0
1998	11	1	0	0	6.4
1998	11	2	0	0	5.9
1998	11	3	0	0	8.6
1998	11	4	0	0	6.8
1998	11	5	0	0	3.2
1998	11	6	0	0	5.5
1998	11	7	0	0	4.5
1998	11	8	0	0	4.3
1998	11	9	0	0	9.6
1998	11	10	0	0	9.4
1998	11	11	0	0	3.7
1998	11	12	0	0	0.7
1998	11	13	0	0	3.4
1998	11	14	0	0	2.5
1998	11	15	0	0	3.1
1998	11	16	0	0	2.5
1998	11	17	0	0	-0.6
1998	11	18	0	0	-1.9
1998	11	19	0	0	-1.1
1998	11	20	0	0	-4.6
1998	11	21	0	0	-5.4
1998	11	22	0	0	-7.5
1998	11	23	0	0	-3.3
1998	11	24	0	0	-1.8
1998	11	25	0	0	-1.9
1998	11	26	0	0	-0.9
1998	11	27	0	0	0.9
1998	11	28	0	0	0.5
1998	11	29	0	0	0.2
1998	11	30	0	0	0.1
1998	12	1	0	0	-1.8
1998	12	2	0	0	-1.9
1998	12	3	0	0	-2.1
1998	12	4	0	0	-2.1
1998	12	5	0	0	-0.4
1998	12	6	0	0	-1.4
1998	12	7	0	0	-2.3
1998	12	8	0	0	-3.9
1998	12	9	0	0	-5.7
1998	12	10	0	0	-1.5
1998	12	11	0	0	0.1
1998	12	12	0	0	1.5
1998	12	13	0	0	7.6
1998	12	14	0	0	7.4
1998	12	15	0	0	3.6
1998	12	16	0	0	3.9
1998	12	17	0	0	-0.3
1998	12	18	0	0	0.6
1998	12	19	0	0	4.5
1998	12	20	0	0	2.2
1998	12	21	0	0	-0.9
1998	12	22	0	0	0.4
1998	12	23	0	0	-1.4
1998	12	24	0	0	0.3
1998	12	25	0	0	1.1
1998	12	26	0	0	5.9
1998	12	27	0	0	9.2
1998	12	28	0	0	5.0
1998	12	29	0	0	4.7
1998	12	30	0	0	-0.3
1998	12	31	0	0	-0.4
1999	1	1	0	0	-1.7
1999	1	2	0	0	0.4
1999	1	3	0	0	6.4
1999	1	4	0	0	8.1
1999	1	5	0	0	9.5
1999	1	6	0	0	1.3
1999	1	7	0	0	6.8
1999	1	8	0	0	3.8
1999	1	9	0	0	2.1
1999	1	10	0	0	1.0
1999	1	11	0	0	0.3
1999	1	12	0	0	-3.0
1999	1	13	0	0	0.7
1999	1	14	0	0	2.3
1999	1	15	0	0	4.0
1999	1	16	0	0	7.5
1999	1	17	0	0	4.5
1999	1	18	0	0	2.9
1999	1	19	0	0	2.3
1999	1	20	0	0	1.5
1999	1	21	0	0	2.3
1999	1	22	0	0	0.7
1999	1	23	0	0	-0.5
1999	1	24	0	0	3.6
1999	1	25	0	0	8.1
1999	1	26	0	0	3.6
1999	1	27	0	0	2.2
1999	1	28	0	0	1.5
1999	1	29	0	0	-3.3
1999	1	30	0	0	-5.1
1999	1	31	0	0	-4.6
1999	2	1	0	0	-3.7
1999	2	2	0	0	-0.1
1999	2	3	0	0	2.3
1999	2	4	0	0	5.5
1999	2	5	0	0	2.4
1999	2	6	0	0	1.6
1999	2	7	0	0	0.6
1999	2	8	0	0	-1.9
1999	2	9	0	0	-5.5
1999	2	10	0	0	-3.1
1999	2	11	0	0	-4.7
1999	2	12	0	0	-8.6
1999	2	13	0	0	-4.3
1999	2	14	0	0	-5.2
1999	2	15	0	0	-5.0
1999	2	16	0	0	0.8
1999	2	17	0	0	0.1
1999	2	18	0	0	-0.3
1999	2	19	0	0	4.7
1999	2	20	0	0	5.8
1999	2	21	0	0	4.8
1999	2	22	0	0	1.0
1999	2	23	0	0	1.1
1999	2	24	0	0	0.2
1999	2	25	0	0	-0.5
1999	2	26	0	0	2.2
1999	2	27	0	0	5.3
1999	2	28	0	0	3.7
1999	3	1	0	0	6.3
1999	3	2	0	0	9.0
1999	3	3	0	0	8.0
1999	3	4	0	0	4.0
1999	3	5	0	0	3.7
1999	3	6	0	0	2.3
1999	3	7	0	0	0.5
1999	3	8	0	0	3.2
1999	3	9	0	0	4.7
1999	3	10	0	0	6.0
1999	3	11	0	0	3.1
1999	3	12	0	0	7.0
1999	3	13	0	0	9.0
1999	3	14	0	0	9.2
1999	3	15	0	0	6.6
1999	3	16	0	0	3.6
1999	3	17	0	0	2.4
1999	3	18	0	0	2.1
1999	3	19	0	0	2.7
1999	3	20	0	0	3.9
1999	3	21	0	0	4.7
1999	3	22	0	0	4.9
1999	3	23	0	0	3.9
1999	3	24	0	0	8.1
1999	3	25	0	0	10.1
1999	3	26	0	0	9.5
1999	3	27	0	0	8.3
1999	3	28	0	0	5.2
1999	3	29	0	0	6.3
1999	3	30	0	0	6.7
1999	3	31	0	0	7.5
1999	4	1	0	0	9.4
1999	4	2	0	0	9.5
1999	4	3	0	0	11.9
1999	4	4	0	0	9.9
1999	4	5	0	0	10.3
1999	4	6	0	0	12.9
1999	4	7	0	0	8.8
1999	4	8	0	0	7.6
1999	4	9	0	0	8.9
1999	4	10	0	0	9.9
1999	4	11	0	0	9.5
1999	4	12	0	0	7.3
1999	4	13	0	0	4.5
1999	4	14	0	0	8.0
1999	4	15	0	0	2.6
1999	4	16	0	0	3.6
1999	4	17	0	0	3.5
1999	4	18	0	0	4.3
1999	4	19	0	0	4.2
1999	4	20	0	0	8.8
1999	4	21	0	0	9.2
1999	4	22	0	0	9.7
1999	4	23	0	0	12.6
1999	4	24	0	0	10.1
1999	4	25	0	0	11.9
1999	4	26	0	0	13.9
1999	4	27	0	0	12.6
1999	4	28	0	0	12.2
1999	4	29	0	0	14.0
1999	4	30	0	0	14.3
1999	5	1	0	0	14.8
1999	5	2	0	0	14.5
1999	5	3	0	0	16.1
1999	5	4	0	0	13.6
1999	5	5	0	0	12.7
1999	5	6	0	0	11.0
1999	5	7	0	0	16.2
1999	5	8	0	0	13.3
1999	5	9	0	0	13.7
1999	5	10	0	0	15.5
1999	5	11	0	0	13.2
1999	5	12	0	0	14.1
1999	5	13	0	0	13.0
1999	5	14	0	0	12.0
1999	5	15	0	0	11.0
1999	5	16	0	0	9.1
1999	5	17	0	0	14.0
1999	5	18	0	0	16.1
1999	5	19	0	0	14.0
1999	5	20	0	0	12.9
1999	5	21	0	0	12.7
1999	5	22	0	0	12.5
1999	5	23	0	0	12.6
1999	5	24	0	0	15.2
1999	5	25	0	0	14.7
1999	5	26	0	0	16.1
1999	5	27	0	0	20.0
1999	5	28	0	0	19.1
1999	5	29	0	0	21.1
1999	5	30	0	0	22.8
1999	5	31	0	0	20.2
1999	6	1	0	0	21.7
1999	6	2	0	0	20.7
1999	6	3	0	0	18.5
1999	6	4	0	0	14.6
1999	6	5	0	0	13.1
1999	6	6	0	0	12.0
1999	6	7	0	0	16.2
1999	6	8	0	0	12.2
1999	6	9	0	0	14.1
1999	6	10	0	0	15.4
1999	6	11	0	0	14.6
1999	6	12	0	0	15.9
1999	6	13	0	0	14.1
1999	6	14	0	0	16.3
1999	6	15	0	0	16.8
1999	6	16	0	0	17.1
1999	6	17	0	0	18.4
1999	6	18	0	0	14.9
1999	6	19	0	0	12.7
1999	6	20	0	0	17.0
1999	6	21	0	0	11.8
1999	6	22	0	0	10.9
1999	6	23	0	0	14.0
1999	6	24	0	0	15.7
1999	6	25	0	0	16.8
1999	6	26	0	0	17.6
1999	6	27	0	0	18.7
1999	6	28	0	0	15.8
1999	6	29	0	0	18.2
1999	6	30	0	0	18.1
1999	7	1	0	0	18.5
1999	7	2	0	0	19.5
1999	7	3	0	0	24.0
1999	7	4	0	0	25.0
1999	7	5	0	0	22.7
1999	7	6	0	0	17.2
1999	7	7	0	0	15.4
1999	7	8	0	0	16.6
1999	7	9	0	0	17.1
1999	7	10	0	0	20.3
1999	7	11	0	0	20.5
1999	7	12	0	0	19.8
1999	7	13	0	0	20.1
1999	7	14	0	0	18.4
1999	7	15	0	0	16.1
1999	7	16	0	0	17.3
1999	7	17	0	0	19.3
1999	7	18	0	0	22.3
1999	7	19	0	0	20.8
1999	7	20	0	0	19.7
1999	7	21	0	0	19.9
1999	7	22	0	0	14.9
1999	7	23	0	0	14.0
1999	7	24	0	0	16.5
1999	7	25	0	0	18.6
1999	7	26	0	0	21.5
1999	7	27	0	0	20.6
1999	7	28	0	0	20.7
1999	7	29	0	0	20.1
1999	7	30	0	0	19.8
1999	7	31	0	0	19.6
1999	8	1	0	0	20.2
1999	8	2	0	0	20.0
1999	8	3	0	0	19.5
1999	8	4	0	0	22.5
1999	8	5	0	0	21.5
1999	8	6	0	0	22.2
1999	8	7	0	0	19.4
1999	8	8	0	0	20.5
1999	8	9	0	0	21.6
1999	8	10	0	0	19.0
1999	8	11	0	0	16.7
1999	8	12	0	0	15.5
1999	8	13	0	0	14.1
1999	8	14	0	0	15.9
1999	8	15	0	0	16.5
1999	8	16	0	0	14.9
1999	8	17	0	0	14.6
1999	8	18	0	0	15.7
1999	8	19	0	0	15.3
1999	8	20	0	0	14.9
1999	8	21	0	0	13.9
1999	8	22	0	0	14.1
1999	8	23	0	0	15.7
1999	8	24	0	0	18.5
1999	8	25	0	0	22.3
1999	8	26	0	0	19.2
1999	8	27	0	0	19.9
1999	8	28	0	0	17.3
1999	8	29	0	0	15.9
1999	8	30	0	0	15.7
1999	8	31	0	0	15.1
1999	9	1	0	0	16.1
1999	9	2	0	0	15.5
1999	9	3	0	0	17.0
1999	9	4	0	0	18.6
1999	9	5	0	0	16.9
1999	9	6	0	0	16.3
1999	9	7	0	0	17.6
1999	9	8	0	0	17.5
1999	9	9	0	0	18.2
1999	9	10	0	0	18.3
1999	9	11	0	0	18.1
1999	9	12	0	0	19.1
1999	9	13	0	0	19.8
1999	9	14	0	0	18.9
1999	9	15	0	0	20.0
1999	9	16	0	0	14.4
1999	9	17	0	0	15.5
1999	9	18	0	0	14.7
1999	9	19	0	0	18.1
1999	9	20	0	0	16.1
1999	9	21	0	0	14.8
1999	9	22	0	0	17.9
1999	9	23	0	0	16.8
1999	9	24	0	0	16.6
1999	9	25	0	0	15.9
1999	9	26	0	0	14.3
1999	9	27	0	0	14.1
1999	9	28	0	0	13.7
1999	9	29	0	0	14.1
1999	9	30	0	0	13.4
1999	10	1	0	0	12.7
1999	10	2	0	0	13.9
1999	10	3	0	0	9.4
1999	10	4	0	0	8.7
1999	10	5	0	0	8.7
1999	10	6	0	0	7.7
1999	10	7	0	0	6.9
1999	10	8	0	0	8.8
1999	10	9	0	0	11.8
1999	10	10	0	0	11.9
1999	10	11	0	0	12.3
1999	10	12	0	0	9.8
1999	10	13	0	0	8.4
1999	10	14	0	0	7.3
1999	10	15	0	0	7.1
1999	10	16	0	0	5.1
1999	10	17	0	0	3.9
1999	10	18	0	0	3.9
1999	10	19	0	0	3.5
1999	10	20	0	0	5.6
1999	10	21	0	0	7.2
1999	10	22	0	0	9.8
1999	10	23	0	0	8.7
1999	10	24	0	0	9.5
1999	10	25	0	0	8.3
1999	10	26	0	0	11.6
1999	10	27	0	0	8.1
1999	10	28	0	0	8.5
1999	10	29	0	0	10.1
1999	10	30	0	0	13.9
1999	10	31	0	0	8.2
1999	11	1	0	0	10.0
1999	11	2	0	0	11.1
1999	11	3	0	0	5.5
1999	11	4	0	0	6.4
1999	11	5	0	0	10.5
1999	11	6	0	0	6.8
1999	11	7	0	0	5.0
1999	11	8	0	0	6.6
1999	11	9	0	0	6.5
1999	11	10	0	0	3.9
1999	11	11	0	0	5.1
1999	11	12	0	0	4.3
1999	11	13	0	0	2.2
1999	11	14	0	0	2.3
1999	11	15	0	0	-0.5
1999	11	16	0	0	-2.0
1999	11	17	0	0	0.8
1999	11	18	0	0	-0.5
1999	11	19	0	0	-1.2
1999	11	20	0	0	-3.3
1999	11	21	0	0	-4.9
1999	11	22	0	0	-2.4
1999	11	23	0	0	0.0
1999	11	24	0	0	1.1
1999	11	25	0	0	2.3
1999	11	26	0	0	0.8
1999	11	27	0	0	4.2
1999	11	28	0	0	4.3
1999	11	29	0	0	0.8
1999	11	30	0	0	-1.1
1999	12	1	0	0	6.8
1999	12	2	0	0	5.2
1999	12	3	0	0	6.9
1999	12	4	0	0	1.3
1999	12	5	0	0	1.2
1999	12	6	0	0	2.0
1999	12	7	0	0	6.0
1999	12	8	0	0	7.2
1999	12	9	0	0	7.2
1999	12	10	0	0	4.8
1999	12	11	0	0	5.9
1999	12	12	0	0	7.4
1999	12	13	0	0	3.6
1999	12	14	0	0	1.6
1999	12	15	0	0	-0.4
1999	12	16	0	0	-2.7
1999	12	17	0	0	-0.7
1999	12	18	0	0	1.1
1999	12	19	0	0	-1.6
1999	12	20	0	0	-2.1
1999	12	21	0	0	-4.3
1999	12	22	0	0	-8.7
1999	12	23	0	0	-4.3
1999	12	24	0	0	2.2
1999	12	25	0	0	3.9
1999	12	26	0	0	3.5
1999	12	27	0	0	2.0
1999	12	28	0	0	1.6
1999	12	29	0	0	0.4
1999	12	30	0	0	0.8
1999	12	31	0	0	0.8
2000	1	1	0	0	3.0
2000	1	2	0	0	2.0
2000	1	3	0	0	0.9
2000	1	4	0	0	5.0
2000	1	5	0	0	3.6
2000	1	6	0	0	1.9
2000	1	7	0	0	4.5
2000	1	8	0	0	2.5
2000	1	9	0	0	3.6
2000	1	10	0	0	2.3
2000	1	11	0	0	2.0
2000	1	12	0	0	-0.5
2000	1	13	0	0	-1.2
2000	1	14	0	0	-2.5
2000	1	15	0	0	-1.8
2000	1	16	0	0	-0.7
2000	1	17	0	0	2.9
2000	1	18	0	0	3.9
2000	1	19	0	0	0.2
2000	1	20	0	0	1.3
2000	1	21	0	0	1.2
2000	1	22	0	0	0.7
2000	1	23	0	0	-2.8
2000	1	24	0	0	-8.5
2000	1	25	0	0	-9.2
2000	1	26	0	0	-7.6
2000	1	27	0	0	-6.2
2000	1	28	0	0	-2.0
2000	1	29	0	0	5.7
2000	1	30	0	0	7.8
2000	1	31	0	0	8.3
2000	2	1	0	0	4.7
2000	2	2	0	0	5.3
2000	2	3	0	0	5.2
2000	2	4	0	0	4.4
2000	2	5	0	0	5.3
2000	2	6	0	0	5.0
2000	2	7	0	0	7.6
2000	2	8	0	0	9.2
2000	2	9	0	0	4.5
2000	2	10	0	0	6.8
2000	2	11	0	0	1.0
2000	2	12	0	0	1.7
2000	2	13	0	0	2.1
2000	2	14	0	0	2.3
2000	2	15	0	0	6.8
2000	2	16	0	0	2.3
2000	2	17	0	0	0.6
2000	2	18	0	0	1.3
2000	2	19	0	0	3.1
2000	2	20	0	0	0.2
2000	2	21	0	0	-0.2
2000	2	22	0	0	2.2
2000	2	23	0	0	2.7
2000	2	24	0	0	5.1
2000	2	25	0	0	4.3
2000	2	26	0	0	1.7
2000	2	27	0	0	4.9
2000	2	28	0	0	9.3
2000	2	29	0	0	6.7
2000	3	1	0	0	4.1
2000	3	2	0	0	2.8
2000	3	3	0	0	5.8
2000	3	4	0	0	0.5
2000	3	5	0	0	0.3
2000	3	6	0	0	1.6
2000	3	7	0	0	5.7
2000	3	8	0	0	8.4
2000	3	9	0	0	10.0
2000	3	10	0	0	8.5
2000	3	11	0	0	7.5
2000	3	12	0	0	5.6
2000	3	13	0	0	5.8
2000	3	14	0	0	7.6
2000	3	15	0	0	3.9
2000	3	16	0	0	5.5
2000	3	17	0	0	6.6
2000	3	18	0	0	5.1
2000	3	19	0	0	4.6
2000	3	20	0	0	4.2
2000	3	21	0	0	5.6
2000	3	22	0	0	6.8
2000	3	23	0	0	9.9
2000	3	24	0	0	11.2
2000	3	25	0	0	8.5
2000	3	26	0	0	5.8
2000	3	27	0	0	5.9
2000	3	28	0	0	4.6
2000	3	29	0	0	7.3
2000	3	30	0	0	2.3
2000	3	31	0	0	4.4
2000	4	1	0	0	2.9
2000	4	2	0	0	7.5
2000	4	3	0	0	11.1
2000	4	4	0	0	9.0
2000	4	5	0	0	6.6
2000	4	6	0	0	3.3
2000	4	7	0	0	4.6
2000	4	8	0	0	7.2
2000	4	9	0	0	8.0
2000	4	10	0	0	7.9
2000	4	11	0	0	8.8
2000	4	12	0	0	5.0
2000	4	13	0	0	7.6
2000	4	14	0	0	8.2
2000	4	15	0	0	7.1
2000	4	16	0	0	10.6
2000	4	17	0	0	9.7
2000	4	18	0	0	10.0
2000	4	19	0	0	9.8
2000	4	20	0	0	12.3
2000	4	21	0	0	15.7
2000	4	22	0	0	17.9
2000	4	23	0	0	16.3
2000	4	24	0	0	9.9
2000	4	25	0	0	11.6
2000	4	26	0	0	17.3
2000	4	27	0	0	15.8
2000	4	28	0	0	16.9
2000	4	29	0	0	13.8
2000	4	30	0	0	14.0
2000	5	1	0	0	15.8
2000	5	2	0	0	15.5
2000	5	3	0	0	17.3
2000	5	4	0	0	16.0
2000	5	5	0	0	16.9
2000	5	6	0	0	16.1
2000	5	7	0	0	17.9
2000	5	8	0	0	18.3
2000	5	9	0	0	18.9
2000	5	10	0	0	21.4
2000	5	11	0	0	21.1
2000	5	12	0	0	15.6
2000	5	13	0	0	15.4
2000	5	14	0	0	16.8
2000	5	15	0	0	18.1
2000	5	16	0	0	19.7
2000	5	17	0	0	16.8
2000	5	18	0	0	12.5
2000	5	19	0	0	9.2
2000	5	20	0	0	9.4
2000	5	21	0	0	11.2
2000	5	22	0	0	10.0
2000	5	23	0	0	12.9
2000	5	24	0	0	15.9
2000	5	25	0	0	15.1
2000	5	26	0	0	17.6
2000	5	27	0	0	10.8
2000	5	28	0	0	11.2
2000	5	29	0	0	11.3
2000	5	30	0	0	11.1
2000	5	31	0	0	10.6
2000	6	1	0	0	16.5
2000	6	2	0	0	20.1
2000	6	3	0	0	23.7
2000	6	4	0	0	21.5
2000	6	5	0	0	20.8
2000	6	6	0	0	13.8
2000	6	7	0	0	15.2
2000	6	8	0	0	17.2
2000	6	9	0	0	22.6
2000	6	10	0	0	23.7
2000	6	11	0	0	20.6
2000	6	12	0	0	19.0
2000	6	13	0	0	21.6
2000	6	14	0	0	22.1
2000	6	15	0	0	16.8
2000	6	16	0	0	14.2
2000	6	17	0	0	14.7
2000	6	18	0	0	19.6
2000	6	19	0	0	23.7
2000	6	20	0	0	24.4
2000	6	21	0	0	24.4
2000	6	22	0	0	19.1
2000	6	23	0	0	17.1
2000	6	24	0	0	12.8
2000	6	25	0	0	11.4
2000	6	26	0	0	11.7
2000	6	27	0	0	13.9
2000	6	28	0	0	15.1
2000	6	29	0	0	14.6
2000	6	30	0	0	16.3
2000	7	1	0	0	19.0
2000	7	2	0	0	22.1
2000	7	3	0	0	20.4
2000	7	4	0	0	16.7
2000	7	5	0	0	16.4
2000	7	6	0	0	18.7
2000	7	7	0	0	17.6
2000	7	8	0	0	12.8
2000	7	9	0	0	12.0
2000	7	10	0	0	13.4
2000	7	11	0	0	13.0
2000	7	12	0	0	12.7
2000	7	13	0	0	12.7
2000	7	14	0	0	11.5
2000	7	15	0	0	10.9
2000	7	16	0	0	12.2
2000	7	17	0	0	12.8
2000	7	18	0	0	14.5
2000	7	19	0	0	14.2
2000	7	20	0	0	15.5
2000	7	21	0	0	14.9
2000	7	22	0	0	16.5
2000	7	23	0	0	18.6
2000	7	24	0	0	18.6
2000	7	25	0	0	18.8
2000	7	26	0	0	16.3
2000	7	27	0	0	17.9
2000	7	28	0	0	15.0
2000	7	29	0	0	15.1
2000	7	30	0	0	15.9
2000	7	31	0	0	17.1
2000	8	1	0	0	20.3
2000	8	2	0	0	16.6
2000	8	3	0	0	15.7
2000	8	4	0	0	16.6
2000	8	5	0	0	15.7
2000	8	6	0	0	16.6
2000	8	7	0	0	15.8
2000	8	8	0	0	16.1
2000	8	9	0	0	18.2
2000	8	10	0	0	20.1
2000	8	11	0	0	19.1
2000	8	12	0	0	20.5
2000	8	13	0	0	20.6
2000	8	14	0	0	21.6
2000	8	15	0	0	21.9
2000	8	16	0	0	20.5
2000	8	17	0	0	21.5
2000	8	18	0	0	20.1
2000	8	19	0	0	21.7
2000	8	20	0	0	23.5
2000	8	21	0	0	18.1
2000	8	22	0	0	16.9
2000	8	23	0	0	17.2
2000	8	24	0	0	17.8
2000	8	25	0	0	17.7
2000	8	26	0	0	19.7
2000	8	27	0	0	17.0
2000	8	28	0	0	16.1
2000	8	29	0	0	15.8
2000	8	30	0	0	18.4
2000	8	31	0	0	16.7
2000	9	1	0	0	16.4
2000	9	2	0	0	12.6
2000	9	3	0	0	12.7
2000	9	4	0	0	11.9
2000	9	5	0	0	11.7
2000	9	6	0	0	12.9
2000	9	7	0	0	11.5
2000	9	8	0	0	13.7
2000	9	9	0	0	16.3
2000	9	10	0	0	17.1
2000	9	11	0	0	18.0
2000	9	12	0	0	17.5
2000	9	13	0	0	16.0
2000	9	14	0	0	15.9
2000	9	15	0	0	18.9
2000	9	16	0	0	14.9
2000	9	17	0	0	12.1
2000	9	18	0	0	13.8
2000	9	19	0	0	12.5
2000	9	20	0	0	13.7
2000	9	21	0	0	10.9
2000	9	22	0	0	11.7
2000	9	23	0	0	10.9
2000	9	24	0	0	11.8
2000	9	25	0	0	11.7
2000	9	26	0	0	15.5
2000	9	27	0	0	15.1
2000	9	28	0	0	17.1
2000	9	29	0	0	16.7
2000	9	30	0	0	14.6
2000	10	1	0	0	13.2
2000	10	2	0	0	10.9
2000	10	3	0	0	11.4
2000	10	4	0	0	12.6
2000	10	5	0	0	12.4
2000	10	6	0	0	8.3
2000	10	7	0	0	6.6
2000	10	8	0	0	7.1
2000	10	9	0	0	7.3
2000	10	10	0	0	8.0
2000	10	11	0	0	9.1
2000	10	12	0	0	11.1
2000	10	13	0	0	10.6
2000	10	14	0	0	10.8
2000	10	15	0	0	13.5
2000	10	16	0	0	11.6
2000	10	17	0	0	9.5
2000	10	18	0	0	9.0
2000	10	19	0	0	10.6
2000	10	20	0	0	10.7
2000	10	21	0	0	9.4
2000	10	22	0	0	9.0
2000	10	23	0	0	9.7
2000	10	24	0	0	11.0
2000	10	25	0	0	13.7
2000	10	26	0	0	9.8
2000	10	27	0	0	9.9
2000	10	28	0	0	10.0
2000	10	29	0	0	9.5
2000	10	30	0	0	11.7
2000	10	31	0	0	7.9
2000	11	1	0	0	8.7
2000	11	2	0	0	12.0
2000	11	3	0	0	8.3
2000	11	4	0	0	6.2
2000	11	5	0	0	5.5
2000	11	6	0	0	7.5
2000	11	7	0	0	6.3
2000	11	8	0	0	8.1
2000	11	9	0	0	7.1
2000	11	10	0	0	4.6
2000	11	11	0	0	3.9
2000	11	12	0	0	7.1
2000	11	13	0	0	7.7
2000	11	14	0	0	7.3
2000	11	15	0	0	5.0
2000	11	16	0	0	3.8
2000	11	17	0	0	3.8
2000	11	18	0	0	4.0
2000	11	19	0	0	4.4
2000	11	20	0	0	4.5
2000	11	21	0	0	2.1
2000	11	22	0	0	7.7
2000	11	23	0	0	6.0
2000	11	24	0	0	5.5
2000	11	25	0	0	1.0
2000	11	26	0	0	5.1
2000	11	27	0	0	3.9
2000	11	28	0	0	6.7
2000	11	29	0	0	6.1
2000	11	30	0	0	6.3
2000	12	1	0	0	3.8
2000	12	2	0	0	5.7
2000	12	3	0	0	5.4
2000	12	4	0	0	5.0
2000	12	5	0	0	5.1
2000	12	6	0	0	4.6
2000	12	7	0	0	6.1
2000	12	8	0	0	7.8
2000	12	9	0	0	5.9
2000	12	10	0	0	6.1
2000	12	11	0	0	6.4
2000	12	12	0	0	10.7
2000	12	13	0	0	11.5
2000	12	14	0	0	7.9
2000	12	15	0	0	4.0
2000	12	16	0	0	1.9
2000	12	17	0	0	1.7
2000	12	18	0	0	1.8
2000	12	19	0	0	3.4
2000	12	20	0	0	1.0
2000	12	21	0	0	-3.8
2000	12	22	0	0	-4.8
2000	12	23	0	0	-6.1
2000	12	24	0	0	-1.9
2000	12	25	0	0	0.4
2000	12	26	0	0	2.5
2000	12	27	0	0	2.7
2000	12	28	0	0	0.3
2000	12	29	0	0	-0.4
2000	12	30	0	0	-0.9
2000	12	31	0	0	-1.3
2001	1	1	0	0	0.6
2001	1	2	0	0	3.0
2001	1	3	0	0	2.3
2001	1	4	0	0	3.5
2001	1	5	0	0	8.3
2001	1	6	0	0	6.8
2001	1	7	0	0	4.2
2001	1	8	0	0	3.1
2001	1	9	0	0	1.0
2001	1	10	0	0	2.3
2001	1	11	0	0	2.8
2001	1	12	0	0	-1.1
2001	1	13	0	0	-2.7
2001	1	14	0	0	-3.1
2001	1	15	0	0	-4.3
2001	1	16	0	0	-4.8
2001	1	17	0	0	-2.6
2001	1	18	0	0	-5.3
2001	1	19	0	0	-2.6
2001	1	20	0	0	1.0
2001	1	21	0	0	-0.7
2001	1	22	0	0	1.8
2001	1	23	0	0	5.9
2001	1	24	0	0	6.8
2001	1	25	0	0	4.8
2001	1	26	0	0	3.4
2001	1	27	0	0	2.5
2001	1	28	0	0	0.9
2001	1	29	0	0	-0.4
2001	1	30	0	0	1.0
2001	1	31	0	0	-0.5
2001	2	1	0	0	-1.5
2001	2	2	0	0	-1.4
2001	2	3	0	0	2.0
2001	2	4	0	0	5.1
2001	2	5	0	0	8.0
2001	2	6	0	0	10.1
2001	2	7	0	0	10.8
2001	2	8	0	0	8.3
2001	2	9	0	0	4.9
2001	2	10	0	0	1.0
2001	2	11	0	0	3.9
2001	2	12	0	0	6.1
2001	2	13	0	0	4.9
2001	2	14	0	0	2.4
2001	2	15	0	0	4.5
2001	2	16	0	0	4.1
2001	2	17	0	0	2.0
2001	2	18	0	0	2.9
2001	2	19	0	0	2.8
2001	2	20	0	0	3.7
2001	2	21	0	0	3.6
2001	2	22	0	0	4.4
2001	2	23	0	0	0.8
2001	2	24	0	0	-1.3
2001	2	25	0	0	-2.9
2001	2	26	0	0	-2.6
2001	2	27	0	0	0.7
2001	2	28	0	0	0.2
2001	3	1	0	0	-0.1
2001	3	2	0	0	2.1
2001	3	3	0	0	1.7
2001	3	4	0	0	6.2
2001	3	5	0	0	2.1
2001	3	6	0	0	2.1
2001	3	7	0	0	4.7
2001	3	8	0	0	9.3
2001	3	9	0	0	9.3
2001	3	10	0	0	8.1
2001	3	11	0	0	10.3
2001	3	12	0	0	9.7
2001	3	13	0	0	6.7
2001	3	14	0	0	4.3
2001	3	15	0	0	7.7
2001	3	16	0	0	9.2
2001	3	17	0	0	8.7
2001	3	18	0	0	9.1
2001	3	19	0	0	3.9
2001	3	20	0	0	0.6
2001	3	21	0	0	5.3
2001	3	22	0	0	8.6
2001	3	23	0	0	7.8
2001	3	24	0	0	9.9
2001	3	25	0	0	9.0
2001	3	26	0	0	1.5
2001	3	27	0	0	1.7
2001	3	28	0	0	6.7
2001	3	29	0	0	8.5
2001	3	30	0	0	5.9
2001	3	31	0	0	7.7
2001	4	1	0	0	9.2
2001	4	2	0	0	12.2
2001	4	3	0	0	9.1
2001	4	4	0	0	9.9
2001	4	5	0	0	7.3
2001	4	6	0	0	10.3
2001	4	7	0	0	7.9
2001	4	8	0	0	7.3
2001	4	9	0	0	7.6
2001	4	10	0	0	8.1
2001	4	11	0	0	7.5
2001	4	12	0	0	5.7
2001	4	13	0	0	1.8
2001	4	14	0	0	1.8
2001	4	15	0	0	3.9
2001	4	16	0	0	5.6
2001	4	17	0	0	4.4
2001	4	18	0	0	3.9
2001	4	19	0	0	2.7
2001	4	20	0	0	2.7
2001	4	21	0	0	2.2
2001	4	22	0	0	4.7
2001	4	23	0	0	6.5
2001	4	24	0	0	10.4
2001	4	25	0	0	7.7
2001	4	26	0	0	8.1
2001	4	27	0	0	9.1
2001	4	28	0	0	10.3
2001	4	29	0	0	12.1
2001	4	30	0	0	15.8
2001	5	1	0	0	17.1
2001	5	2	0	0	19.3
2001	5	3	0	0	15.1
2001	5	4	0	0	15.3
2001	5	5	0	0	10.0
2001	5	6	0	0	7.4
2001	5	7	0	0	9.1
2001	5	8	0	0	12.3
2001	5	9	0	0	15.0
2001	5	10	0	0	16.9
2001	5	11	0	0	15.6
2001	5	12	0	0	14.9
2001	5	13	0	0	16.9
2001	5	14	0	0	15.4
2001	5	15	0	0	13.7
2001	5	16	0	0	13.4
2001	5	17	0	0	14.5
2001	5	18	0	0	9.9
2001	5	19	0	0	11.2
2001	5	20	0	0	13.4
2001	5	21	0	0	16.5
2001	5	22	0	0	14.1
2001	5	23	0	0	16.7
2001	5	24	0	0	17.9
2001	5	25	0	0	17.8
2001	5	26	0	0	18.7
2001	5	27	0	0	20.9
2001	5	28	0	0	21.2
2001	5	29	0	0	21.6
2001	5	30	0	0	18.5
2001	5	31	0	0	16.8
2001	6	1	0	0	12.1
2001	6	2	0	0	11.2
2001	6	3	0	0	8.8
2001	6	4	0	0	10.6
2001	6	5	0	0	14.2
2001	6	6	0	0	13.3
2001	6	7	0	0	15.2
2001	6	8	0	0	12.0
2001	6	9	0	0	11.7
2001	6	10	0	0	12.0
2001	6	11	0	0	10.6
2001	6	12	0	0	13.1
2001	6	13	0	0	15.9
2001	6	14	0	0	16.5
2001	6	15	0	0	18.1
2001	6	16	0	0	14.8
2001	6	17	0	0	14.1
2001	6	18	0	0	12.4
2001	6	19	0	0	12.3
2001	6	20	0	0	14.2
2001	6	21	0	0	18.8
2001	6	22	0	0	13.6
2001	6	23	0	0	15.3
2001	6	24	0	0	17.8
2001	6	25	0	0	19.8
2001	6	26	0	0	21.8
2001	6	27	0	0	21.9
2001	6	28	0	0	16.9
2001	6	29	0	0	19.0
2001	6	30	0	0	19.4
2001	7	1	0	0	16.7
2001	7	2	0	0	17.9
2001	7	3	0	0	17.8
2001	7	4	0	0	20.6
2001	7	5	0	0	22.0
2001	7	6	0	0	24.9
2001	7	7	0	0	17.0
2001	7	8	0	0	16.5
2001	7	9	0	0	17.0
2001	7	10	0	0	20.3
2001	7	11	0	0	17.3
2001	7	12	0	0	16.4
2001	7	13	0	0	15.9
2001	7	14	0	0	19.3
2001	7	15	0	0	12.9
2001	7	16	0	0	12.6
2001	7	17	0	0	15.0
2001	7	18	0	0	16.1
2001	7	19	0	0	16.7
2001	7	20	0	0	14.3
2001	7	21	0	0	16.1
2001	7	22	0	0	21.0
2001	7	23	0	0	21.9
2001	7	24	0	0	23.1
2001	7	25	0	0	22.6
2001	7	26	0	0	22.5
2001	7	27	0	0	23.2
2001	7	28	0	0	23.7
2001	7	29	0	0	22.5
2001	7	30	0	0	22.5
2001	7	31	0	0	25.2
2001	8	1	0	0	22.8
2001	8	2	0	0	25.9
2001	8	3	0	0	20.9
2001	8	4	0	0	17.3
2001	8	5	0	0	17.2
2001	8	6	0	0	17.1
2001	8	7	0	0	16.5
2001	8	8	0	0	18.5
2001	8	9	0	0	17.7
2001	8	10	0	0	13.9
2001	8	11	0	0	13.5
2001	8	12	0	0	16.3
2001	8	13	0	0	19.2
2001	8	14	0	0	23.3
2001	8	15	0	0	27.9
2001	8	16	0	0	23.6
2001	8	17	0	0	20.5
2001	8	18	0	0	20.7
2001	8	19	0	0	20.7
2001	8	20	0	0	17.1
2001	8	21	0	0	18.8
2001	8	22	0	0	19.4
2001	8	23	0	0	21.1
2001	8	24	0	0	21.8
2001	8	25	0	0	22.7
2001	8	26	0	0	22.4
2001	8	27	0	0	19.5
2001	8	28	0	0	15.9
2001	8	29	0	0	15.9
2001	8	30	0	0	16.2
2001	8	31	0	0	15.2
2001	9	1	0	0	14.3
2001	9	2	0	0	15.2
2001	9	3	0	0	17.6
2001	9	4	0	0	13.3
2001	9	5	0	0	12.4
2001	9	6	0	0	12.5
2001	9	7	0	0	12.3
2001	9	8	0	0	12.5
2001	9	9	0	0	9.6
2001	9	10	0	0	10.1
2001	9	11	0	0	10.9
2001	9	12	0	0	12.1
2001	9	13	0	0	12.7
2001	9	14	0	0	10.8
2001	9	15	0	0	11.8
2001	9	16	0	0	9.1
2001	9	17	0	0	9.1
2001	9	18	0	0	9.2
2001	9	19	0	0	11.1
2001	9	20	0	0	11.9
2001	9	21	0	0	10.7
2001	9	22	0	0	9.1
2001	9	23	0	0	10.4
2001	9	24	0	0	11.3
2001	9	25	0	0	11.3
2001	9	26	0	0	10.8
2001	9	27	0	0	12.6
2001	9	28	0	0	11.8
2001	9	29	0	0	13.7
2001	9	30	0	0	13.3
2001	10	1	0	0	16.1
2001	10	2	0	0	18.6
2001	10	3	0	0	17.5
2001	10	4	0	0	11.5
2001	10	5	0	0	11.6
2001	10	6	0	0	14.2
2001	10	7	0	0	13.1
2001	10	8	0	0	11.1
2001	10	9	0	0	12.2
2001	10	10	0	0	11.1
2001	10	11	0	0	10.2
2001	10	12	0	0	11.4
2001	10	13	0	0	13.7
2001	10	14	0	0	13.5
2001	10	15	0	0	13.6
2001	10	16	0	0	12.9
2001	10	17	0	0	12.2
2001	10	18	0	0	10.2
2001	10	19	0	0	11.1
2001	10	20	0	0	10.4
2001	10	21	0	0	11.1
2001	10	22	0	0	10.8
2001	10	23	0	0	10.5
2001	10	24	0	0	12.0
2001	10	25	0	0	10.1
2001	10	26	0	0	9.1
2001	10	27	0	0	11.4
2001	10	28	0	0	11.9
2001	10	29	0	0	12.2
2001	10	30	0	0	11.5
2001	10	31	0	0	10.1
2001	11	1	0	0	5.4
2001	11	2	0	0	4.8
2001	11	3	0	0	6.5
2001	11	4	0	0	4.9
2001	11	5	0	0	5.5
2001	11	6	0	0	5.5
2001	11	7	0	0	8.7
2001	11	8	0	0	5.8
2001	11	9	0	0	0.0
2001	11	10	0	0	-1.9
2001	11	11	0	0	-1.7
2001	11	12	0	0	0.5
2001	11	13	0	0	0.8
2001	11	14	0	0	-0.3
2001	11	15	0	0	-0.9
2001	11	16	0	0	1.4
2001	11	17	0	0	1.1
2001	11	18	0	0	0.1
2001	11	19	0	0	1.3
2001	11	20	0	0	3.7
2001	11	21	0	0	4.2
2001	11	22	0	0	2.4
2001	11	23	0	0	0.7
2001	11	24	0	0	2.0
2001	11	25	0	0	4.4
2001	11	26	0	0	6.7
2001	11	27	0	0	5.5
2001	11	28	0	0	3.0
2001	11	29	0	0	4.3
2001	11	30	0	0	7.1
2001	12	1	0	0	9.0
2001	12	2	0	0	7.9
2001	12	3	0	0	4.2
2001	12	4	0	0	6.6
2001	12	5	0	0	6.7
2001	12	6	0	0	5.9
2001	12	7	0	0	-0.5
2001	12	8	0	0	-0.4
2001	12	9	0	0	-2.1
2001	12	10	0	0	-1.5
2001	12	11	0	0	1.4
2001	12	12	0	0	2.9
2001	12	13	0	0	-6.0
2001	12	14	0	0	-5.9
2001	12	15	0	0	-4.1
2001	12	16	0	0	-2.3
2001	12	17	0	0	-3.2
2001	12	18	0	0	-2.5
2001	12	19	0	0	-0.5
2001	12	20	0	0	-4.8
2001	12	21	0	0	-3.5
2001	12	22	0	0	-1.1
2001	12	23	0	0	-9.1
2001	12	24	0	0	-9.1
2001	12	25	0	0	1.3
2001	12	26	0	0	-0.6
2001	12	27	0	0	-1.6
2001	12	28	0	0	4.1
2001	12	29	0	0	-0.1
2001	12	30	0	0	-1.5
2001	12	31	0	0	-5.3
2002	1	1	0	0	-6.1
2002	1	2	0	0	-5.9
2002	1	3	0	0	-7.0
2002	1	4	0	0	-12.6
2002	1	5	0	0	-13.2
2002	1	6	0	0	-9.6
2002	1	7	0	0	-2.1
2002	1	8	0	0	-2.7
2002	1	9	0	0	-6.9
2002	1	10	0	0	-5.6
2002	1	11	0	0	-5.4
2002	1	12	0	0	-0.1
2002	1	13	0	0	0.9
2002	1	14	0	0	-2.6
2002	1	15	0	0	-3.9
2002	1	16	0	0	-6.9
2002	1	17	0	0	-0.1
2002	1	18	0	0	1.0
2002	1	19	0	0	2.1
2002	1	20	0	0	4.3
2002	1	21	0	0	4.6
2002	1	22	0	0	3.6
2002	1	23	0	0	3.9
2002	1	24	0	0	8.2
2002	1	25	0	0	4.3
2002	1	26	0	0	9.7
2002	1	27	0	0	9.8
2002	1	28	0	0	11.3
2002	1	29	0	0	7.8
2002	1	30	0	0	8.0
2002	1	31	0	0	4.6
2002	2	1	0	0	6.7
2002	2	2	0	0	10.6
2002	2	3	0	0	5.6
2002	2	4	0	0	5.5
2002	2	5	0	0	10.9
2002	2	6	0	0	6.0
2002	2	7	0	0	3.7
2002	2	8	0	0	5.6
2002	2	9	0	0	9.1
2002	2	10	0	0	5.4
2002	2	11	0	0	8.8
2002	2	12	0	0	11.2
2002	2	13	0	0	7.9
2002	2	14	0	0	4.0
2002	2	15	0	0	2.5
2002	2	16	0	0	1.7
2002	2	17	0	0	1.0
2002	2	18	0	0	1.9
2002	2	19	0	0	2.8
2002	2	20	0	0	4.6
2002	2	21	0	0	-0.7
2002	2	22	0	0	2.3
2002	2	23	0	0	2.8
2002	2	24	0	0	1.5
2002	2	25	0	0	6.9
2002	2	26	0	0	9.6
2002	2	27	0	0	7.3
2002	2	28	0	0	3.7
2002	3	1	0	0	5.0
2002	3	2	0	0	2.1
2002	3	3	0	0	0.4
2002	3	4	0	0	1.7
2002	3	5	0	0	2.2
2002	3	6	0	0	5.9
2002	3	7	0	0	8.7
2002	3	8	0	0	4.2
2002	3	9	0	0	7.1
2002	3	10	0	0	4.4
2002	3	11	0	0	7.5
2002	3	12	0	0	10.3
2002	3	13	0	0	9.5
2002	3	14	0	0	5.8
2002	3	15	0	0	6.0
2002	3	16	0	0	8.2
2002	3	17	0	0	9.7
2002	3	18	0	0	12.2
2002	3	19	0	0	7.1
2002	3	20	0	0	10.3
2002	3	21	0	0	10.1
2002	3	22	0	0	6.7
2002	3	23	0	0	4.0
2002	3	24	0	0	2.1
2002	3	25	0	0	2.1
2002	3	26	0	0	0.5
2002	3	27	0	0	1.9
2002	3	28	0	0	4.3
2002	3	29	0	0	7.6
2002	3	30	0	0	5.6
2002	3	31	0	0	8.2
2002	4	1	0	0	9.0
2002	4	2	0	0	9.8
2002	4	3	0	0	13.6
2002	4	4	0	0	11.1
2002	4	5	0	0	7.2
2002	4	6	0	0	3.8
2002	4	7	0	0	4.5
2002	4	8	0	0	4.6
2002	4	9	0	0	6.6
2002	4	10	0	0	7.2
2002	4	11	0	0	8.2
2002	4	12	0	0	10.8
2002	4	13	0	0	7.8
2002	4	14	0	0	4.7
2002	4	15	0	0	4.8
2002	4	16	0	0	5.1
2002	4	17	0	0	6.7
2002	4	18	0	0	9.5
2002	4	19	0	0	8.1
2002	4	20	0	0	7.3
2002	4	21	0	0	11.0
2002	4	22	0	0	10.6
2002	4	23	0	0	12.7
2002	4	24	0	0	10.8
2002	4	25	0	0	14.2
2002	4	26	0	0	10.2
2002	4	27	0	0	7.4
2002	4	28	0	0	10.3
2002	4	29	0	0	10.2
2002	4	30	0	0	13.1
2002	5	1	0	0	10.9
2002	5	2	0	0	10.1
2002	5	3	0	0	9.0
2002	5	4	0	0	8.7
2002	5	5	0	0	7.0
2002	5	6	0	0	6.3
2002	5	7	0	0	13.7
2002	5	8	0	0	16.1
2002	5	9	0	0	19.1
2002	5	10	0	0	16.2
2002	5	11	0	0	14.3
2002	5	12	0	0	12.4
2002	5	13	0	0	14.0
2002	5	14	0	0	13.7
2002	5	15	0	0	15.2
2002	5	16	0	0	18.5
2002	5	17	0	0	19.3
2002	5	18	0	0	16.2
2002	5	19	0	0	13.3
2002	5	20	0	0	14.4
2002	5	21	0	0	16.8
2002	5	22	0	0	19.9
2002	5	23	0	0	12.7
2002	5	24	0	0	15.1
2002	5	25	0	0	10.5
2002	5	26	0	0	12.5
2002	5	27	0	0	11.5
2002	5	28	0	0	12.5
2002	5	29	0	0	13.2
2002	5	30	0	0	14.1
2002	5	31	0	0	15.1
2002	6	1	0	0	15.7
2002	6	2	0	0	15.9
2002	6	3	0	0	18.8
2002	6	4	0	0	20.3
2002	6	5	0	0	17.7
2002	6	6	0	0	15.4
2002	6	7	0	0	15.6
2002	6	8	0	0	15.4
2002	6	9	0	0	16.0
2002	6	10	0	0	12.9
2002	6	11	0	0	13.7
2002	6	12	0	0	17.1
2002	6	13	0	0	18.9
2002	6	14	0	0	20.3
2002	6	15	0	0	21.3
2002	6	16	0	0	20.8
2002	6	17	0	0	25.0
2002	6	18	0	0	27.0
2002	6	19	0	0	25.3
2002	6	20	0	0	22.4
2002	6	21	0	0	21.2
2002	6	22	0	0	22.7
2002	6	23	0	0	21.9
2002	6	24	0	0	18.5
2002	6	25	0	0	18.5
2002	6	26	0	0	18.7
2002	6	27	0	0	19.8
2002	6	28	0	0	14.8
2002	6	29	0	0	14.0
2002	6	30	0	0	17.2
2002	7	1	0	0	18.9
2002	7	2	0	0	14.5
2002	7	3	0	0	17.7
2002	7	4	0	0	14.1
2002	7	5	0	0	17.1
2002	7	6	0	0	16.2
2002	7	7	0	0	17.3
2002	7	8	0	0	21.7
2002	7	9	0	0	22.7
2002	7	10	0	0	15.5
2002	7	11	0	0	16.9
2002	7	12	0	0	20.2
2002	7	13	0	0	16.0
2002	7	14	0	0	16.9
2002	7	15	0	0	19.2
2002	7	16	0	0	17.3
2002	7	17	0	0	15.9
2002	7	18	0	0	13.6
2002	7	19	0	0	15.1
2002	7	20	0	0	18.0
2002	7	21	0	0	18.6
2002	7	22	0	0	15.1
2002	7	23	0	0	17.7
2002	7	24	0	0	16.8
2002	7	25	0	0	15.8
2002	7	26	0	0	15.6
2002	7	27	0	0	20.9
2002	7	28	0	0	21.5
2002	7	29	0	0	23.2
2002	7	30	0	0	20.8
2002	7	31	0	0	22.0
2002	8	1	0	0	17.8
2002	8	2	0	0	17.3
2002	8	3	0	0	18.7
2002	8	4	0	0	18.4
2002	8	5	0	0	17.6
2002	8	6	0	0	15.5
2002	8	7	0	0	16.7
2002	8	8	0	0	16.3
2002	8	9	0	0	17.5
2002	8	10	0	0	16.6
2002	8	11	0	0	17.7
2002	8	12	0	0	16.5
2002	8	13	0	0	16.0
2002	8	14	0	0	18.1
2002	8	15	0	0	19.1
2002	8	16	0	0	19.3
2002	8	17	0	0	20.7
2002	8	18	0	0	21.6
2002	8	19	0	0	21.9
2002	8	20	0	0	21.3
2002	8	21	0	0	16.9
2002	8	22	0	0	16.7
2002	8	23	0	0	18.7
2002	8	24	0	0	19.9
2002	8	25	0	0	18.8
2002	8	26	0	0	21.7
2002	8	27	0	0	18.9
2002	8	28	0	0	17.9
2002	8	29	0	0	18.9
2002	8	30	0	0	18.4
2002	8	31	0	0	18.3
2002	9	1	0	0	16.2
2002	9	2	0	0	16.3
2002	9	3	0	0	14.8
2002	9	4	0	0	16.9
2002	9	5	0	0	16.7
2002	9	6	0	0	15.5
2002	9	7	0	0	17.6
2002	9	8	0	0	18.0
2002	9	9	0	0	19.7
2002	9	10	0	0	13.6
2002	9	11	0	0	14.7
2002	9	12	0	0	15.6
2002	9	13	0	0	12.6
2002	9	14	0	0	14.5
2002	9	15	0	0	12.2
2002	9	16	0	0	10.9
2002	9	17	0	0	11.2
2002	9	18	0	0	12.4
2002	9	19	0	0	14.9
2002	9	20	0	0	15.8
2002	9	21	0	0	13.3
2002	9	22	0	0	10.7
2002	9	23	0	0	9.0
2002	9	24	0	0	8.4
2002	9	25	0	0	7.6
2002	9	26	0	0	9.3
2002	9	27	0	0	8.9
2002	9	28	0	0	6.5
2002	9	29	0	0	8.9
2002	9	30	0	0	9.5
2002	10	1	0	0	9.6
2002	10	2	0	0	10.9
2002	10	3	0	0	12.9
2002	10	4	0	0	10.9
2002	10	5	0	0	10.6
2002	10	6	0	0	10.2
2002	10	7	0	0	6.2
2002	10	8	0	0	5.2
2002	10	9	0	0	7.6
2002	10	10	0	0	7.8
2002	10	11	0	0	7.6
2002	10	12	0	0	6.6
2002	10	13	0	0	7.4
2002	10	14	0	0	11.3
2002	10	15	0	0	11.5
2002	10	16	0	0	13.3
2002	10	17	0	0	10.5
2002	10	18	0	0	7.1
2002	10	19	0	0	4.4
2002	10	20	0	0	5.5
2002	10	21	0	0	8.7
2002	10	22	0	0	12.9
2002	10	23	0	0	10.1
2002	10	24	0	0	7.3
2002	10	25	0	0	12.1
2002	10	26	0	0	10.5
2002	10	27	0	0	11.4
2002	10	28	0	0	5.6
2002	10	29	0	0	7.1
2002	10	30	0	0	9.9
2002	10	31	0	0	10.2
2002	11	1	0	0	10.6
2002	11	2	0	0	11.0
2002	11	3	0	0	9.9
2002	11	4	0	0	7.4
2002	11	5	0	0	4.8
2002	11	6	0	0	3.1
2002	11	7	0	0	3.3
2002	11	8	0	0	5.1
2002	11	9	0	0	5.9
2002	11	10	0	0	4.7
2002	11	11	0	0	9.5
2002	11	12	0	0	6.8
2002	11	13	0	0	5.4
2002	11	14	0	0	5.9
2002	11	15	0	0	8.2
2002	11	16	0	0	8.4
2002	11	17	0	0	6.2
2002	11	18	0	0	4.9
2002	11	19	0	0	6.3
2002	11	20	0	0	6.1
2002	11	21	0	0	4.9
2002	11	22	0	0	5.9
2002	11	23	0	0	7.6
2002	11	24	0	0	7.3
2002	11	25	0	0	6.7
2002	11	26	0	0	7.3
2002	11	27	0	0	8.4
2002	11	28	0	0	7.9
2002	11	29	0	0	7.6
2002	11	30	0	0	6.4
2002	12	1	0	0	5.7
2002	12	2	0	0	5.2
2002	12	3	0	0	2.5
2002	12	4	0	0	3.3
2002	12	5	0	0	3.5
2002	12	6	0	0	1.3
2002	12	7	0	0	0.4
2002	12	8	0	0	-0.9
2002	12	9	0	0	-5.0
2002	12	10	0	0	-5.8
2002	12	11	0	0	-6.2
2002	12	12	0	0	-4.7
2002	12	13	0	0	-1.4
2002	12	14	0	0	0.4
2002	12	15	0	0	0.6
2002	12	16	0	0	4.8
2002	12	17	0	0	3.2
2002	12	18	0	0	-0.4
2002	12	19	0	0	-1.4
2002	12	20	0	0	-0.5
2002	12	21	0	0	5.6
2002	12	22	0	0	8.0
2002	12	23	0	0	7.4
2002	12	24	0	0	7.4
2002	12	25	0	0	4.2
2002	12	26	0	0	5.4
2002	12	27	0	0	5.7
2002	12	28	0	0	4.9
2002	12	29	0	0	6.5
2002	12	30	0	0	10.6
2002	12	31	0	0	1.4
2003	1	1	0	0	5.0
2003	1	2	0	0	10.1
2003	1	3	0	0	7.1
2003	1	4	0	0	2.5
2003	1	5	0	0	-3.6
2003	1	6	0	0	-4.2
2003	1	7	0	0	-7.8
2003	1	8	0	0	-10.6
2003	1	9	0	0	-10.4
2003	1	10	0	0	-9.4
2003	1	11	0	0	-7.9
2003	1	12	0	0	-8.4
2003	1	13	0	0	-2.9
2003	1	14	0	0	1.1
2003	1	15	0	0	1.7
2003	1	16	0	0	1.8
2003	1	17	0	0	-1.0
2003	1	18	0	0	0.6
2003	1	19	0	0	2.5
2003	1	20	0	0	5.2
2003	1	21	0	0	2.4
2003	1	22	0	0	4.8
2003	1	23	0	0	4.1
2003	1	24	0	0	1.7
2003	1	25	0	0	-0.3
2003	1	26	0	0	0.6
2003	1	27	0	0	4.9
2003	1	28	0	0	5.3
2003	1	29	0	0	0.6
2003	1	30	0	0	-0.8
2003	1	31	0	0	-4.6
2003	2	1	0	0	-5.5
2003	2	2	0	0	-0.2
2003	2	3	0	0	2.5
2003	2	4	0	0	-0.6
2003	2	5	0	0	-1.2
2003	2	6	0	0	-1.8
2003	2	7	0	0	-1.3
2003	2	8	0	0	1.1
2003	2	9	0	0	-0.1
2003	2	10	0	0	-3.8
2003	2	11	0	0	-4.9
2003	2	12	0	0	-3.9
2003	2	13	0	0	-4.6
2003	2	14	0	0	-4.4
2003	2	15	0	0	-4.8
2003	2	16	0	0	-3.0
2003	2	17	0	0	-4.1
2003	2	18	0	0	-5.3
2003	2	19	0	0	-2.9
2003	2	20	0	0	-1.4
2003	2	21	0	0	-1.0
2003	2	22	0	0	-1.2
2003	2	23	0	0	-0.3
2003	2	24	0	0	-1.2
2003	2	25	0	0	1.6
2003	2	26	0	0	2.8
2003	2	27	0	0	3.1
2003	2	28	0	0	4.2
2003	3	1	0	0	6.7
2003	3	2	0	0	5.4
2003	3	3	0	0	3.6
2003	3	4	0	0	3.9
2003	3	5	0	0	7.6
2003	3	6	0	0	6.2
2003	3	7	0	0	4.9
2003	3	8	0	0	5.8
2003	3	9	0	0	8.2
2003	3	10	0	0	9.0
2003	3	11	0	0	13.3
2003	3	12	0	0	6.9
2003	3	13	0	0	4.1
2003	3	14	0	0	1.0
2003	3	15	0	0	0.9
2003	3	16	0	0	2.5
2003	3	17	0	0	3.6
2003	3	18	0	0	3.1
2003	3	19	0	0	5.1
2003	3	20	0	0	3.0
2003	3	21	0	0	3.0
2003	3	22	0	0	3.4
2003	3	23	0	0	6.5
2003	3	24	0	0	8.9
2003	3	25	0	0	11.1
2003	3	26	0	0	11.0
2003	3	27	0	0	10.4
2003	3	28	0	0	12.6
2003	3	29	0	0	13.1
2003	3	30	0	0	12.7
2003	3	31	0	0	7.9
2003	4	1	0	0	12.5
2003	4	2	0	0	4.6
2003	4	3	0	0	3.5
2003	4	4	0	0	3.3
2003	4	5	0	0	6.1
2003	4	6	0	0	2.0
2003	4	7	0	0	-1.0
2003	4	8	0	0	0.2
2003	4	9	0	0	1.4
2003	4	10	0	0	1.5
2003	4	11	0	0	2.3
2003	4	12	0	0	6.9
2003	4	13	0	0	8.6
2003	4	14	0	0	12.3
2003	4	15	0	0	15.5
2003	4	16	0	0	15.2
2003	4	17	0	0	13.3
2003	4	18	0	0	8.8
2003	4	19	0	0	4.9
2003	4	20	0	0	11.5
2003	4	21	0	0	13.7
2003	4	22	0	0	11.9
2003	4	23	0	0	11.9
2003	4	24	0	0	13.6
2003	4	25	0	0	16.4
2003	4	26	0	0	14.1
2003	4	27	0	0	11.1
2003	4	28	0	0	15.8
2003	4	29	0	0	14.7
2003	4	30	0	0	13.1
2003	5	1	0	0	13.0
2003	5	2	0	0	13.2
2003	5	3	0	0	12.0
2003	5	4	0	0	18.4
2003	5	5	0	0	20.7
2003	5	6	0	0	19.2
2003	5	7	0	0	16.9
2003	5	8	0	0	17.8
2003	5	9	0	0	15.0
2003	5	10	0	0	13.7
2003	5	11	0	0	14.7
2003	5	12	0	0	15.3
2003	5	13	0	0	9.8
2003	5	14	0	0	8.0
2003	5	15	0	0	8.0
2003	5	16	0	0	11.0
2003	5	17	0	0	11.8
2003	5	18	0	0	13.9
2003	5	19	0	0	14.0
2003	5	20	0	0	11.7
2003	5	21	0	0	10.1
2003	5	22	0	0	12.8
2003	5	23	0	0	16.6
2003	5	24	0	0	19.9
2003	5	25	0	0	13.6
2003	5	26	0	0	13.4
2003	5	27	0	0	16.8
2003	5	28	0	0	16.9
2003	5	29	0	0	18.3
2003	5	30	0	0	21.1
2003	5	31	0	0	18.3
2003	6	1	0	0	19.7
2003	6	2	0	0	21.4
2003	6	3	0	0	21.8
2003	6	4	0	0	23.5
2003	6	5	0	0	22.9
2003	6	6	0	0	21.2
2003	6	7	0	0	21.7
2003	6	8	0	0	21.3
2003	6	9	0	0	19.8
2003	6	10	0	0	23.3
2003	6	11	0	0	23.2
2003	6	12	0	0	24.9
2003	6	13	0	0	22.5
2003	6	14	0	0	20.8
2003	6	15	0	0	20.7
2003	6	16	0	0	20.1
2003	6	17	0	0	21.3
2003	6	18	0	0	18.1
2003	6	19	0	0	17.8
2003	6	20	0	0	19.3
2003	6	21	0	0	16.3
2003	6	22	0	0	21.8
2003	6	23	0	0	24.4
2003	6	24	0	0	21.8
2003	6	25	0	0	20.0
2003	6	26	0	0	21.4
2003	6	27	0	0	20.1
2003	6	28	0	0	21.0
2003	6	29	0	0	21.8
2003	6	30	0	0	23.9
2003	7	1	0	0	16.0
2003	7	2	0	0	16.2
2003	7	3	0	0	15.0
2003	7	4	0	0	14.1
2003	7	5	0	0	15.8
2003	7	6	0	0	17.2
2003	7	7	0	0	18.6
2003	7	8	0	0	19.4
2003	7	9	0	0	19.0
2003	7	10	0	0	19.2
2003	7	11	0	0	22.1
2003	7	12	0	0	19.6
2003	7	13	0	0	19.2
2003	7	14	0	0	20.7
2003	7	15	0	0	23.5
2003	7	16	0	0	24.0
2003	7	17	0	0	19.4
2003	7	18	0	0	20.0
2003	7	19	0	0	22.7
2003	7	20	0	0	26.9
2003	7	21	0	0	21.7
2003	7	22	0	0	22.8
2003	7	23	0	0	23.3
2003	7	24	0	0	21.0
2003	7	25	0	0	20.1
2003	7	26	0	0	20.5
2003	7	27	0	0	22.4
2003	7	28	0	0	18.0
2003	7	29	0	0	17.4
2003	7	30	0	0	19.1
2003	7	31	0	0	19.2
2003	8	1	0	0	22.3
2003	8	2	0	0	25.0
2003	8	3	0	0	26.8
2003	8	4	0	0	27.8
2003	8	5	0	0	28.2
2003	8	6	0	0	26.8
2003	8	7	0	0	26.2
2003	8	8	0	0	27.9
2003	8	9	0	0	27.7
2003	8	10	0	0	26.4
2003	8	11	0	0	25.2
2003	8	12	0	0	27.3
2003	8	13	0	0	28.7
2003	8	14	0	0	23.4
2003	8	15	0	0	19.5
2003	8	16	0	0	20.1
2003	8	17	0	0	23.5
2003	8	18	0	0	22.5
2003	8	19	0	0	20.4
2003	8	20	0	0	21.3
2003	8	21	0	0	21.1
2003	8	22	0	0	21.0
2003	8	23	0	0	19.7
2003	8	24	0	0	20.8
2003	8	25	0	0	19.3
2003	8	26	0	0	19.4
2003	8	27	0	0	16.6
2003	8	28	0	0	18.4
2003	8	29	0	0	18.4
2003	8	30	0	0	14.5
2003	8	31	0	0	13.6
2003	9	1	0	0	11.5
2003	9	2	0	0	11.3
2003	9	3	0	0	12.5
2003	9	4	0	0	14.8
2003	9	5	0	0	16.9
2003	9	6	0	0	17.0
2003	9	7	0	0	16.0
2003	9	8	0	0	14.2
2003	9	9	0	0	14.8
2003	9	10	0	0	13.5
2003	9	11	0	0	13.6
2003	9	12	0	0	12.7
2003	9	13	0	0	12.6
2003	9	14	0	0	13.5
2003	9	15	0	0	15.0
2003	9	16	0	0	15.4
2003	9	17	0	0	16.2
2003	9	18	0	0	17.0
2003	9	19	0	0	17.9
2003	9	20	0	0	19.0
2003	9	21	0	0	18.4
2003	9	22	0	0	19.8
2003	9	23	0	0	13.8
2003	9	24	0	0	9.5
2003	9	25	0	0	11.8
2003	9	26	0	0	14.1
2003	9	27	0	0	12.6
2003	9	28	0	0	13.8
2003	9	29	0	0	10.9
2003	9	30	0	0	10.2
2003	10	1	0	0	11.5
2003	10	2	0	0	15.5
2003	10	3	0	0	16.1
2003	10	4	0	0	12.1
2003	10	5	0	0	7.9
2003	10	6	0	0	7.7
2003	10	7	0	0	6.3
2003	10	8	0	0	6.3
2003	10	9	0	0	10.0
2003	10	10	0	0	12.1
2003	10	11	0	0	12.1
2003	10	12	0	0	9.1
2003	10	13	0	0	7.5
2003	10	14	0	0	6.5
2003	10	15	0	0	5.8
2003	10	16	0	0	5.7
2003	10	17	0	0	5.3
2003	10	18	0	0	3.6
2003	10	19	0	0	4.5
2003	10	20	0	0	4.7
2003	10	21	0	0	2.5
2003	10	22	0	0	3.0
2003	10	23	0	0	1.5
2003	10	24	0	0	-0.7
2003	10	25	0	0	2.0
2003	10	26	0	0	3.4
2003	10	27	0	0	2.4
2003	10	28	0	0	2.2
2003	10	29	0	0	7.3
2003	10	30	0	0	3.8
2003	10	31	0	0	7.1
2003	11	1	0	0	7.8
2003	11	2	0	0	8.5
2003	11	3	0	0	10.6
2003	11	4	0	0	8.5
2003	11	5	0	0	6.9
2003	11	6	0	0	5.3
2003	11	7	0	0	5.1
2003	11	8	0	0	5.6
2003	11	9	0	0	5.8
2003	11	10	0	0	3.6
2003	11	11	0	0	3.3
2003	11	12	0	0	1.7
2003	11	13	0	0	4.2
2003	11	14	0	0	4.8
2003	11	15	0	0	6.3
2003	11	16	0	0	5.9
2003	11	17	0	0	4.7
2003	11	18	0	0	6.0
2003	11	19	0	0	8.9
2003	11	20	0	0	6.7
2003	11	21	0	0	5.7
2003	11	22	0	0	6.6
2003	11	23	0	0	6.4
2003	11	24	0	0	7.9
2003	11	25	0	0	8.4
2003	11	26	0	0	7.0
2003	11	27	0	0	4.5
2003	11	28	0	0	5.3
2003	11	29	0	0	3.7
2003	11	30	0	0	4.3
2003	12	1	0	0	4.5
2003	12	2	0	0	5.4
2003	12	3	0	0	4.0
2003	12	4	0	0	4.0
2003	12	5	0	0	2.9
2003	12	6	0	0	0.9
2003	12	7	0	0	-1.5
2003	12	8	0	0	-2.1
2003	12	9	0	0	-1.8
2003	12	10	0	0	-1.0
2003	12	11	0	0	-0.5
2003	12	12	0	0	3.8
2003	12	13	0	0	7.9
2003	12	14	0	0	6.2
2003	12	15	0	0	1.1
2003	12	16	0	0	1.1
2003	12	17	0	0	1.4
2003	12	18	0	0	-1.2
2003	12	19	0	0	0.5
2003	12	20	0	0	7.0
2003	12	21	0	0	5.6
2003	12	22	0	0	-0.3
2003	12	23	0	0	-3.5
2003	12	24	0	0	-3.5
2003	12	25	0	0	-1.9
2003	12	26	0	0	2.2
2003	12	27	0	0	4.1
2003	12	28	0	0	5.0
2003	12	29	0	0	0.6
2003	12	30	0	0	-1.4
2003	12	31	0	0	-0.1
2004	1	1	0	0	-1.1
2004	1	2	0	0	-3.5
2004	1	3	0	0	-6.0
2004	1	4	0	0	-5.5
2004	1	5	0	0	-1.1
2004	1	6	0	0	1.7
2004	1	7	0	0	2.9
2004	1	8	0	0	1.4
2004	1	9	0	0	4.3
2004	1	10	0	0	2.8
2004	1	11	0	0	6.9
2004	1	12	0	0	5.8
2004	1	13	0	0	6.1
2004	1	14	0	0	4.6
2004	1	15	0	0	2.2
2004	1	16	0	0	3.7
2004	1	17	0	0	3.0
2004	1	18	0	0	-0.8
2004	1	19	0	0	-1.9
2004	1	20	0	0	0.7
2004	1	21	0	0	-1.9
2004	1	22	0	0	-3.7
2004	1	23	0	0	-4.0
2004	1	24	0	0	-3.8
2004	1	25	0	0	0.0
2004	1	26	0	0	-1.2
2004	1	27	0	0	-2.2
2004	1	28	0	0	-2.1
2004	1	29	0	0	-1.5
2004	1	30	0	0	-1.3
2004	1	31	0	0	5.6
2004	2	1	0	0	8.6
2004	2	2	0	0	9.5
2004	2	3	0	0	9.7
2004	2	4	0	0	9.6
2004	2	5	0	0	10.8
2004	2	6	0	0	12.2
2004	2	7	0	0	8.0
2004	2	8	0	0	2.6
2004	2	9	0	0	0.7
2004	2	10	0	0	1.3
2004	2	11	0	0	0.5
2004	2	12	0	0	-0.9
2004	2	13	0	0	1.3
2004	2	14	0	0	4.5
2004	2	15	0	0	3.7
2004	2	16	0	0	2.4
2004	2	17	0	0	1.2
2004	2	18	0	0	0.7
2004	2	19	0	0	-0.4
2004	2	20	0	0	0.6
2004	2	21	0	0	0.8
2004	2	22	0	0	1.0
2004	2	23	0	0	-0.8
2004	2	24	0	0	-1.9
2004	2	25	0	0	-1.5
2004	2	26	0	0	-2.1
2004	2	27	0	0	-2.6
2004	2	28	0	0	-1.9
2004	2	29	0	0	-1.3
2004	3	1	0	0	-2.4
2004	3	2	0	0	0.2
2004	3	3	0	0	0.4
2004	3	4	0	0	0.3
2004	3	5	0	0	-0.1
2004	3	6	0	0	-0.1
2004	3	7	0	0	1.2
2004	3	8	0	0	0.2
2004	3	9	0	0	-1.2
2004	3	10	0	0	-1.2
2004	3	11	0	0	-0.4
2004	3	12	0	0	4.0
2004	3	13	0	0	7.2
2004	3	14	0	0	7.2
2004	3	15	0	0	9.0
2004	3	16	0	0	8.4
2004	3	17	0	0	12.7
2004	3	18	0	0	13.8
2004	3	19	0	0	12.5
2004	3	20	0	0	11.8
2004	3	21	0	0	8.7
2004	3	22	0	0	5.6
2004	3	23	0	0	3.3
2004	3	24	0	0	3.8
2004	3	25	0	0	2.0
2004	3	26	0	0	0.5
2004	3	27	0	0	0.0
2004	3	28	0	0	2.1
2004	3	29	0	0	5.5
2004	3	30	0	0	8.6
2004	3	31	0	0	8.6
2004	4	1	0	0	10.3
2004	4	2	0	0	12.2
2004	4	3	0	0	10.8
2004	4	4	0	0	7.9
2004	4	5	0	0	6.8
2004	4	6	0	0	4.3
2004	4	7	0	0	3.8
2004	4	8	0	0	3.7
2004	4	9	0	0	3.7
2004	4	10	0	0	5.6
2004	4	11	0	0	5.3
2004	4	12	0	0	6.5
2004	4	13	0	0	7.0
2004	4	14	0	0	8.4
2004	4	15	0	0	9.5
2004	4	16	0	0	12.0
2004	4	17	0	0	14.0
2004	4	18	0	0	11.9
2004	4	19	0	0	7.8
2004	4	20	0	0	9.9
2004	4	21	0	0	14.1
2004	4	22	0	0	16.3
2004	4	23	0	0	11.4
2004	4	24	0	0	9.0
2004	4	25	0	0	8.8
2004	4	26	0	0	11.1
2004	4	27	0	0	13.2
2004	4	28	0	0	13.8
2004	4	29	0	0	14.7
2004	4	30	0	0	17.5
2004	5	1	0	0	11.9
2004	5	2	0	0	12.6
2004	5	3	0	0	13.0
2004	5	4	0	0	13.9
2004	5	5	0	0	8.5
2004	5	6	0	0	7.3
2004	5	7	0	0	7.4
2004	5	8	0	0	7.5
2004	5	9	0	0	7.1
2004	5	10	0	0	9.0
2004	5	11	0	0	11.4
2004	5	12	0	0	10.6
2004	5	13	0	0	9.2
2004	5	14	0	0	11.4
2004	5	15	0	0	13.7
2004	5	16	0	0	14.1
2004	5	17	0	0	14.2
2004	5	18	0	0	16.6
2004	5	19	0	0	17.3
2004	5	20	0	0	17.2
2004	5	21	0	0	13.4
2004	5	22	0	0	8.3
2004	5	23	0	0	7.5
2004	5	24	0	0	9.7
2004	5	25	0	0	11.4
2004	5	26	0	0	12.6
2004	5	27	0	0	11.6
2004	5	28	0	0	11.4
2004	5	29	0	0	13.9
2004	5	30	0	0	16.6
2004	5	31	0	0	14.9
2004	6	1	0	0	12.9
2004	6	2	0	0	12.6
2004	6	3	0	0	14.1
2004	6	4	0	0	12.7
2004	6	5	0	0	12.1
2004	6	6	0	0	14.5
2004	6	7	0	0	17.6
2004	6	8	0	0	20.9
2004	6	9	0	0	23.1
2004	6	10	0	0	21.3
2004	6	11	0	0	18.3
2004	6	12	0	0	14.5
2004	6	13	0	0	12.2
2004	6	14	0	0	15.7
2004	6	15	0	0	17.6
2004	6	16	0	0	15.0
2004	6	17	0	0	16.5
2004	6	18	0	0	14.4
2004	6	19	0	0	11.2
2004	6	20	0	0	11.6
2004	6	21	0	0	13.2
2004	6	22	0	0	15.5
2004	6	23	0	0	18.5
2004	6	24	0	0	16.2
2004	6	25	0	0	15.2
2004	6	26	0	0	16.0
2004	6	27	0	0	20.9
2004	6	28	0	0	19.0
2004	6	29	0	0	16.4
2004	6	30	0	0	18.4
2004	7	1	0	0	17.3
2004	7	2	0	0	13.5
2004	7	3	0	0	13.5
2004	7	4	0	0	17.3
2004	7	5	0	0	17.4
2004	7	6	0	0	17.4
2004	7	7	0	0	19.1
2004	7	8	0	0	16.6
2004	7	9	0	0	14.3
2004	7	10	0	0	12.9
2004	7	11	0	0	12.5
2004	7	12	0	0	12.4
2004	7	13	0	0	13.1
2004	7	14	0	0	15.8
2004	7	15	0	0	16.7
2004	7	16	0	0	19.9
2004	7	17	0	0	21.9
2004	7	18	0	0	21.6
2004	7	19	0	0	21.2
2004	7	20	0	0	20.4
2004	7	21	0	0	22.4
2004	7	22	0	0	22.5
2004	7	23	0	0	23.8
2004	7	24	0	0	19.1
2004	7	25	0	0	18.6
2004	7	26	0	0	14.4
2004	7	27	0	0	15.5
2004	7	28	0	0	17.1
2004	7	29	0	0	19.2
2004	7	30	0	0	21.4
2004	7	31	0	0	22.2
2004	8	1	0	0	21.9
2004	8	2	0	0	21.7
2004	8	3	0	0	21.7
2004	8	4	0	0	23.3
2004	8	5	0	0	23.6
2004	8	6	0	0	22.9
2004	8	7	0	0	20.4
2004	8	8	0	0	22.8
2004	8	9	0	0	23.4
2004	8	10	0	0	23.2
2004	8	11	0	0	21.3
2004	8	12	0	0	20.4
2004	8	13	0	0	16.5
2004	8	14	0	0	15.0
2004	8	15	0	0	18.1
2004	8	16	0	0	18.8
2004	8	17	0	0	18.1
2004	8	18	0	0	22.1
2004	8	19	0	0	19.1
2004	8	20	0	0	17.4
2004	8	21	0	0	14.0
2004	8	22	0	0	14.1
2004	8	23	0	0	17.4
2004	8	24	0	0	16.9
2004	8	25	0	0	14.7
2004	8	26	0	0	13.9
2004	8	27	0	0	15.5
2004	8	28	0	0	17.2
2004	8	29	0	0	17.6
2004	8	30	0	0	14.8
2004	8	31	0	0	13.0
2004	9	1	0	0	13.6
2004	9	2	0	0	17.9
2004	9	3	0	0	19.0
2004	9	4	0	0	19.9
2004	9	5	0	0	20.0
2004	9	6	0	0	19.0
2004	9	7	0	0	18.7
2004	9	8	0	0	17.0
2004	9	9	0	0	16.4
2004	9	10	0	0	17.7
2004	9	11	0	0	19.4
2004	9	12	0	0	15.6
2004	9	13	0	0	14.6
2004	9	14	0	0	16.3
2004	9	15	0	0	13.4
2004	9	16	0	0	10.6
2004	9	17	0	0	13.5
2004	9	18	0	0	14.3
2004	9	19	0	0	13.1
2004	9	20	0	0	14.1
2004	9	21	0	0	13.8
2004	9	22	0	0	10.9
2004	9	23	0	0	12.0
2004	9	24	0	0	9.3
2004	9	25	0	0	9.3
2004	9	26	0	0	8.7
2004	9	27	0	0	11.3
2004	9	28	0	0	13.8
2004	9	29	0	0	13.2
2004	9	30	0	0	12.5
2004	10	1	0	0	12.1
2004	10	2	0	0	12.6
2004	10	3	0	0	12.5
2004	10	4	0	0	15.7
2004	10	5	0	0	18.9
2004	10	6	0	0	14.7
2004	10	7	0	0	11.5
2004	10	8	0	0	9.5
2004	10	9	0	0	9.3
2004	10	10	0	0	8.5
2004	10	11	0	0	7.1
2004	10	12	0	0	4.3
2004	10	13	0	0	6.2
2004	10	14	0	0	8.4
2004	10	15	0	0	8.7
2004	10	16	0	0	6.7
2004	10	17	0	0	6.5
2004	10	18	0	0	7.6
2004	10	19	0	0	8.6
2004	10	20	0	0	13.5
2004	10	21	0	0	13.5
2004	10	22	0	0	11.5
2004	10	23	0	0	14.1
2004	10	24	0	0	15.6
2004	10	25	0	0	13.8
2004	10	26	0	0	9.7
2004	10	27	0	0	9.6
2004	10	28	0	0	11.2
2004	10	29	0	0	10.7
2004	10	30	0	0	10.1
2004	10	31	0	0	8.6
2004	11	1	0	0	9.4
2004	11	2	0	0	10.3
2004	11	3	0	0	11.1
2004	11	4	0	0	10.3
2004	11	5	0	0	8.7
2004	11	6	0	0	5.5
2004	11	7	0	0	4.6
2004	11	8	0	0	2.9
2004	11	9	0	0	0.1
2004	11	10	0	0	0.2
2004	11	11	0	0	1.3
2004	11	12	0	0	2.3
2004	11	13	0	0	2.6
2004	11	14	0	0	0.5
2004	11	15	0	0	-1.3
2004	11	16	0	0	1.7
2004	11	17	0	0	6.4
2004	11	18	0	0	7.3
2004	11	19	0	0	2.6
2004	11	20	0	0	0.2
2004	11	21	0	0	0.4
2004	11	22	0	0	6.7
2004	11	23	0	0	6.9
2004	11	24	0	0	-0.6
2004	11	25	0	0	-0.4
2004	11	26	0	0	1.9
2004	11	27	0	0	5.8
2004	11	28	0	0	5.0
2004	11	29	0	0	4.1
2004	11	30	0	0	2.9
2004	12	1	0	0	3.2
2004	12	2	0	0	3.4
2004	12	3	0	0	4.4
2004	12	4	0	0	2.8
2004	12	5	0	0	1.5
2004	12	6	0	0	2.4
2004	12	7	0	0	0.4
2004	12	8	0	0	0.5
2004	12	9	0	0	0.2
2004	12	10	0	0	-2.6
2004	12	11	0	0	-3.0
2004	12	12	0	0	-3.2
2004	12	13	0	0	-3.2
2004	12	14	0	0	-4.0
2004	12	15	0	0	-3.1
2004	12	16	0	0	0.3
2004	12	17	0	0	4.6
2004	12	18	0	0	1.4
2004	12	19	0	0	-0.4
2004	12	20	0	0	-4.3
2004	12	21	0	0	-4.5
2004	12	22	0	0	-3.6
2004	12	23	0	0	3.1
2004	12	24	0	0	6.5
2004	12	25	0	0	4.9
2004	12	26	0	0	1.8
2004	12	27	0	0	0.8
2004	12	28	0	0	-0.1
2004	12	29	0	0	0.8
2004	12	30	0	0	0.5
2004	12	31	0	0	2.3
2005	1	1	0	0	5.5
2005	1	2	0	0	4.4
2005	1	3	0	0	2.7
2005	1	4	0	0	4.2
2005	1	5	0	0	3.6
2005	1	6	0	0	6.1
2005	1	7	0	0	6.9
2005	1	8	0	0	7.1
2005	1	9	0	0	6.2
2005	1	10	0	0	6.9
2005	1	11	0	0	5.6
2005	1	12	0	0	6.8
2005	1	13	0	0	3.2
2005	1	14	0	0	0.3
2005	1	15	0	0	-0.9
2005	1	16	0	0	-2.1
2005	1	17	0	0	-1.1
2005	1	18	0	0	4.2
2005	1	19	0	0	1.4
2005	1	20	0	0	5.4
2005	1	21	0	0	4.1
2005	1	22	0	0	1.4
2005	1	23	0	0	-0.1
2005	1	24	0	0	-2.1
2005	1	25	0	0	-3.7
2005	1	26	0	0	-5.0
2005	1	27	0	0	-5.4
2005	1	28	0	0	-6.5
2005	1	29	0	0	-8.7
2005	1	30	0	0	-6.0
2005	1	31	0	0	-1.7
2005	2	1	0	0	0.6
2005	2	2	0	0	0.8
2005	2	3	0	0	1.9
2005	2	4	0	0	0.3
2005	2	5	0	0	-1.8
2005	2	6	0	0	-4.9
2005	2	7	0	0	-3.1
2005	2	8	0	0	-0.8
2005	2	9	0	0	1.6
2005	2	10	0	0	3.6
2005	2	11	0	0	4.8
2005	2	12	0	0	7.4
2005	2	13	0	0	1.5
2005	2	14	0	0	0.1
2005	2	15	0	0	-1.9
2005	2	16	0	0	-2.5
2005	2	17	0	0	-2.2
2005	2	18	0	0	-2.7
2005	2	19	0	0	-2.3
2005	2	20	0	0	-1.7
2005	2	21	0	0	-3.2
2005	2	22	0	0	-3.5
2005	2	23	0	0	-5.2
2005	2	24	0	0	-7.3
2005	2	25	0	0	-6.3
2005	2	26	0	0	-2.7
2005	2	27	0	0	-5.8
2005	2	28	0	0	-10.2
2005	3	1	0	0	-10.8
2005	3	2	0	0	-8.4
2005	3	3	0	0	-5.1
2005	3	4	0	0	-5.1
2005	3	5	0	0	-2.9
2005	3	6	0	0	-5.3
2005	3	7	0	0	-5.5
2005	3	8	0	0	0.4
2005	3	9	0	0	1.2
2005	3	10	0	0	-0.1
2005	3	11	0	0	-0.2
2005	3	12	0	0	0.8
2005	3	13	0	0	0.7
2005	3	14	0	0	1.9
2005	3	15	0	0	5.7
2005	3	16	0	0	10.0
2005	3	17	0	0	12.7
2005	3	18	0	0	13.1
2005	3	19	0	0	10.0
2005	3	20	0	0	4.8
2005	3	21	0	0	6.4
2005	3	22	0	0	9.6
2005	3	23	0	0	11.0
2005	3	24	0	0	8.6
2005	3	25	0	0	9.1
2005	3	26	0	0	8.7
2005	3	27	0	0	10.8
2005	3	28	0	0	10.6
2005	3	29	0	0	10.8
2005	3	30	0	0	9.9
2005	3	31	0	0	9.6
2005	4	1	0	0	7.0
2005	4	2	0	0	8.6
2005	4	3	0	0	9.6
2005	4	4	0	0	10.8
2005	4	5	0	0	9.7
2005	4	6	0	0	10.9
2005	4	7	0	0	10.5
2005	4	8	0	0	6.6
2005	4	9	0	0	3.5
2005	4	10	0	0	4.0
2005	4	11	0	0	7.6
2005	4	12	0	0	7.7
2005	4	13	0	0	10.6
2005	4	14	0	0	11.8
2005	4	15	0	0	13.5
2005	4	16	0	0	14.0
2005	4	17	0	0	12.2
2005	4	18	0	0	10.3
2005	4	19	0	0	8.6
2005	4	20	0	0	6.0
2005	4	21	0	0	5.4
2005	4	22	0	0	6.9
2005	4	23	0	0	10.7
2005	4	24	0	0	11.8
2005	4	25	0	0	10.0
2005	4	26	0	0	10.9
2005	4	27	0	0	10.8
2005	4	28	0	0	11.7
2005	4	29	0	0	14.4
2005	4	30	0	0	17.5
2005	5	1	0	0	19.6
2005	5	2	0	0	20.6
2005	5	3	0	0	15.1
2005	5	4	0	0	12.0
2005	5	5	0	0	11.1
2005	5	6	0	0	7.5
2005	5	7	0	0	6.8
2005	5	8	0	0	6.1
2005	5	9	0	0	7.3
2005	5	10	0	0	6.1
2005	5	11	0	0	6.7
2005	5	12	0	0	9.5
2005	5	13	0	0	12.7
2005	5	14	0	0	12.9
2005	5	15	0	0	10.7
2005	5	16	0	0	10.5
2005	5	17	0	0	10.8
2005	5	18	0	0	8.9
2005	5	19	0	0	11.6
2005	5	20	0	0	15.8
2005	5	21	0	0	16.6
2005	5	22	0	0	15.5
2005	5	23	0	0	12.1
2005	5	24	0	0	13.6
2005	5	25	0	0	17.1
2005	5	26	0	0	20.7
2005	5	27	0	0	22.3
2005	5	28	0	0	23.3
2005	5	29	0	0	23.5
2005	5	30	0	0	17.1
2005	5	31	0	0	12.4
2005	6	1	0	0	12.9
2005	6	2	0	0	15.7
2005	6	3	0	0	19.9
2005	6	4	0	0	16.4
2005	6	5	0	0	13.7
2005	6	6	0	0	13.1
2005	6	7	0	0	9.4
2005	6	8	0	0	11.3
2005	6	9	0	0	11.4
2005	6	10	0	0	11.7
2005	6	11	0	0	10.7
2005	6	12	0	0	12.9
2005	6	13	0	0	15.4
2005	6	14	0	0	16.3
2005	6	15	0	0	17.3
2005	6	16	0	0	17.8
2005	6	17	0	0	19.0
2005	6	18	0	0	20.2
2005	6	19	0	0	20.3
2005	6	20	0	0	22.5
2005	6	21	0	0	23.8
2005	6	22	0	0	22.0
2005	6	23	0	0	22.9
2005	6	24	0	0	25.9
2005	6	25	0	0	22.3
2005	6	26	0	0	21.7
2005	6	27	0	0	22.8
2005	6	28	0	0	24.1
2005	6	29	0	0	20.6
2005	6	30	0	0	19.5
2005	7	1	0	0	15.5
2005	7	2	0	0	16.0
2005	7	3	0	0	20.2
2005	7	4	0	0	19.0
2005	7	5	0	0	14.5
2005	7	6	0	0	13.8
2005	7	7	0	0	13.0
2005	7	8	0	0	13.1
2005	7	9	0	0	15.8
2005	7	10	0	0	17.1
2005	7	11	0	0	18.9
2005	7	12	0	0	19.6
2005	7	13	0	0	21.3
2005	7	14	0	0	21.9
2005	7	15	0	0	22.5
2005	7	16	0	0	21.7
2005	7	17	0	0	20.9
2005	7	18	0	0	21.4
2005	7	19	0	0	18.0
2005	7	20	0	0	16.6
2005	7	21	0	0	16.0
2005	7	22	0	0	14.7
2005	7	23	0	0	15.7
2005	7	24	0	0	17.7
2005	7	25	0	0	17.6
2005	7	26	0	0	18.8
2005	7	27	0	0	23.4
2005	7	28	0	0	26.0
2005	7	29	0	0	22.9
2005	7	30	0	0	18.6
2005	7	31	0	0	17.7
2005	8	1	0	0	17.9
2005	8	2	0	0	15.6
2005	8	3	0	0	16.4
2005	8	4	0	0	15.5
2005	8	5	0	0	16.0
2005	8	6	0	0	15.3
2005	8	7	0	0	11.5
2005	8	8	0	0	11.6
2005	8	9	0	0	13.2
2005	8	10	0	0	13.4
2005	8	11	0	0	13.8
2005	8	12	0	0	16.9
2005	8	13	0	0	15.4
2005	8	14	0	0	14.1
2005	8	15	0	0	13.6
2005	8	16	0	0	15.6
2005	8	17	0	0	17.6
2005	8	18	0	0	19.7
2005	8	19	0	0	19.2
2005	8	20	0	0	16.9
2005	8	21	0	0	16.8
2005	8	22	0	0	18.1
2005	8	23	0	0	16.5
2005	8	24	0	0	17.2
2005	8	25	0	0	16.0
2005	8	26	0	0	14.0
2005	8	27	0	0	14.7
2005	8	28	0	0	16.1
2005	8	29	0	0	18.8
2005	8	30	0	0	21.0
2005	8	31	0	0	21.1
2005	9	1	0	0	22.3
2005	9	2	0	0	20.6
2005	9	3	0	0	19.9
2005	9	4	0	0	18.5
2005	9	5	0	0	18.8
2005	9	6	0	0	20.2
2005	9	7	0	0	19.7
2005	9	8	0	0	21.2
2005	9	9	0	0	20.2
2005	9	10	0	0	17.4
2005	9	11	0	0	16.5
2005	9	12	0	0	16.4
2005	9	13	0	0	16.2
2005	9	14	0	0	15.3
2005	9	15	0	0	16.9
2005	9	16	0	0	13.8
2005	9	17	0	0	9.6
2005	9	18	0	0	10.2
2005	9	19	0	0	10.2
2005	9	20	0	0	10.1
2005	9	21	0	0	11.7
2005	9	22	0	0	12.5
2005	9	23	0	0	14.3
2005	9	24	0	0	14.9
2005	9	25	0	0	15.3
2005	9	26	0	0	14.8
2005	9	27	0	0	14.6
2005	9	28	0	0	13.4
2005	9	29	0	0	10.6
2005	9	30	0	0	9.8
2005	10	1	0	0	11.0
2005	10	2	0	0	9.6
2005	10	3	0	0	9.9
2005	10	4	0	0	13.9
2005	10	5	0	0	15.9
2005	10	6	0	0	14.4
2005	10	7	0	0	12.6
2005	10	8	0	0	11.5
2005	10	9	0	0	11.4
2005	10	10	0	0	11.6
2005	10	11	0	0	10.5
2005	10	12	0	0	11.1
2005	10	13	0	0	10.2
2005	10	14	0	0	9.3
2005	10	15	0	0	10.0
2005	10	16	0	0	9.1
2005	10	17	0	0	6.8
2005	10	18	0	0	6.1
2005	10	19	0	0	6.3
2005	10	20	0	0	10.1
2005	10	21	0	0	13.4
2005	10	22	0	0	14.9
2005	10	23	0	0	12.3
2005	10	24	0	0	10.7
2005	10	25	0	0	14.8
2005	10	26	0	0	13.9
2005	10	27	0	0	13.0
2005	10	28	0	0	10.6
2005	10	29	0	0	10.5
2005	10	30	0	0	8.7
2005	10	31	0	0	8.5
2005	11	1	0	0	9.6
2005	11	2	0	0	10.2
2005	11	3	0	0	13.7
2005	11	4	0	0	12.0
2005	11	5	0	0	9.1
2005	11	6	0	0	7.6
2005	11	7	0	0	6.0
2005	11	8	0	0	7.1
2005	11	9	0	0	6.5
2005	11	10	0	0	5.8
2005	11	11	0	0	6.6
2005	11	12	0	0	6.8
2005	11	13	0	0	4.2
2005	11	14	0	0	3.7
2005	11	15	0	0	2.7
2005	11	16	0	0	3.8
2005	11	17	0	0	1.7
2005	11	18	0	0	1.6
2005	11	19	0	0	-1.2
2005	11	20	0	0	-1.5
2005	11	21	0	0	0.3
2005	11	22	0	0	-0.6
2005	11	23	0	0	0.3
2005	11	24	0	0	-1.9
2005	11	25	0	0	-1.4
2005	11	26	0	0	-1.2
2005	11	27	0	0	-1.1
2005	11	28	0	0	0.4
2005	11	29	0	0	0.9
2005	11	30	0	0	-1.5
2005	12	1	0	0	-1.0
2005	12	2	0	0	-2.6
2005	12	3	0	0	2.8
2005	12	4	0	0	6.3
2005	12	5	0	0	4.9
2005	12	6	0	0	3.4
2005	12	7	0	0	2.4
2005	12	8	0	0	2.5
2005	12	9	0	0	1.2
2005	12	10	0	0	-1.3
2005	12	11	0	0	-2.5
2005	12	12	0	0	-0.6
2005	12	13	0	0	1.3
2005	12	14	0	0	1.2
2005	12	15	0	0	2.3
2005	12	16	0	0	3.5
2005	12	17	0	0	-0.3
2005	12	18	0	0	-1.9
2005	12	19	0	0	-0.8
2005	12	20	0	0	0.2
2005	12	21	0	0	0.1
2005	12	22	0	0	-0.5
2005	12	23	0	0	1.1
2005	12	24	0	0	2.6
2005	12	25	0	0	2.2
2005	12	26	0	0	-1.2
2005	12	27	0	0	-2.4
2005	12	28	0	0	-3.8
2005	12	29	0	0	-5.1
2005	12	30	0	0	-5.0
2005	12	31	0	0	2.0
