YYYY	MM	DD	hh	mm	RS
2016	1	1	0	0	28.6219377208732
2016	1	2	0	0	40.2388290736705
2016	1	3	0	0	20.3966218209215
2016	1	4	0	0	25.7730847213964
2016	1	5	0	0	40.6564277365
2016	1	6	0	0	20.4888821580658
2016	1	7	0	0	22.564922867862
2016	1	8	0	0	45.9823717364128
2016	1	9	0	0	34.2402038620488
2016	1	10	0	0	36.3835625925387
2016	1	11	0	0	20.2865473165255
2016	1	12	0	0	46.1625455929383
2016	1	13	0	0	32.295152219200205
2016	1	14	0	0	21.5187965241894
2016	1	15	0	0	27.8023454156846
2016	1	16	0	0	37.8671748205887
2016	1	17	0	0	21.834054620961695
2016	1	18	0	0	42.8077411453752
2016	1	19	0	0	24.3914735717178
2016	1	20	0	0	30.3669239760013
2016	1	21	0	0	45.1157112828977
2016	1	22	0	0	32.279708415966304
2016	1	23	0	0	40.7958316492809
2016	1	24	0	0	36.4628173314125
2016	1	25	0	0	49.50431642080629
2016	1	26	0	0	65.0501264774603
2016	1	27	0	0	61.70420587603071
2016	1	28	0	0	71.2577146531474
2016	1	29	0	0	57.5966984174427
2016	1	30	0	0	69.7192697530761
2016	1	31	0	0	51.2216036519235
2016	2	1	0	0	23.791631274711104
2016	2	2	0	0	27.941978536187506
2016	2	3	0	0	57.8560285575424
2016	2	4	0	0	22.105091563223095
2016	2	5	0	0	36.789398140543206
2016	2	6	0	0	32.7060260727021
2016	2	7	0	0	39.145568441985205
2016	2	8	0	0	27.1228190142631
2016	2	9	0	0	21.699136716542203
2016	2	10	0	0	46.47564291893371
2016	2	11	0	0	46.4691870931016
2016	2	12	0	0	106.673322719113
2016	2	13	0	0	50.8425177697758
2016	2	14	0	0	112.348281621996
2016	2	15	0	0	119.996399777636
2016	2	16	0	0	103.670043910924
2016	2	17	0	0	36.9714786458768
2016	2	18	0	0	63.697816067393
2016	2	19	0	0	103.090652481993
2016	2	20	0	0	108.389713679367
2016	2	21	0	0	108.073897885635
2016	2	22	0	0	69.46259207016439
2016	2	23	0	0	79.53945089866421
2016	2	24	0	0	51.9650858085998
2016	2	25	0	0	40.5831224017381
2016	2	26	0	0	46.570082256960895
2016	2	27	0	0	106.980252238159
2016	2	28	0	0	75.31888108757029
2016	2	29	0	0	88.75976601236664
2016	3	1	0	0	102.200650937163
2016	3	2	0	0	96.2458971571912
2016	3	3	0	0	46.3691962962691
2016	3	4	0	0	72.3308909381342
2016	3	5	0	0	134.601704175989
2016	3	6	0	0	152.566875361365
2016	3	7	0	0	95.251523647594
2016	3	8	0	0	42.012967095429296
2016	3	9	0	0	34.235386095169204
2016	3	10	0	0	87.29644472731961
2016	3	11	0	0	100.416769527551
2016	3	12	0	0	84.0992491057776
2016	3	13	0	0	70.0462369354315
2016	3	14	0	0	196.08231229314
2016	3	15	0	0	121.195975510006
2016	3	16	0	0	87.0915305566784
2016	3	17	0	0	115.909656161857
2016	3	18	0	0	128.836284715257
2016	3	19	0	0	101.726091664937
2016	3	20	0	0	74.3939145528356
2016	3	21	0	0	94.8029656057663
2016	3	22	0	0	139.058941936118
2016	3	23	0	0	153.670571559794
2016	3	24	0	0	214.14425202073895
2016	3	25	0	0	182.69708790263303
2016	3	26	0	0	177.398269679362
2016	3	27	0	0	165.25207437827
2016	3	28	0	0	165.854768217834
2016	3	29	0	0	79.0384334337873
2016	3	30	0	0	78.8079159892759
2016	3	31	0	0	159.865657664274
2016	4	1	0	0	71.69178769605809
2016	4	2	0	0	62.44492443109261
2016	4	3	0	0	149.91373662498
2016	4	4	0	0	66.8291403480537
2016	4	5	0	0	75.02236686842771
2016	4	6	0	0	226.983468143273
2016	4	7	0	0	60.7898102380863
2016	4	8	0	0	80.0395534746645
2016	4	9	0	0	151.692791608159
2016	4	10	0	0	80.7920090893611
2016	4	11	0	0	179.29701714929402
2016	4	12	0	0	151.122151926397
2016	4	13	0	0	151.162496104629
2016	4	14	0	0	98.04287775213172
2016	4	15	0	0	129.38492025495898
2016	4	16	0	0	153.31104409483402
2016	4	17	0	0	72.71303336084429
2016	4	18	0	0	270.30791109522204
2016	4	19	0	0	281.216248647683
2016	4	20	0	0	282.11005816073896
2016	4	21	0	0	233.01897193202305
2016	4	22	0	0	268.602810792165
2016	4	23	0	0	188.40094913355705
2016	4	24	0	0	261.182140113744
2016	4	25	0	0	168.185331473165
2016	4	26	0	0	246.85891943615505
2016	4	27	0	0	185.595539051041
2016	4	28	0	0	194.551645902548
2016	4	29	0	0	161.71839865042
2016	4	30	0	0	149.826742076332
2016	5	1	0	0	150.62747544463198
2016	5	2	0	0	140.935123717516
2016	5	3	0	0	268.247343538666
2016	5	4	0	0	195.334070370092
2016	5	5	0	0	144.509820388967
2016	5	6	0	0	183.98323276661
2016	5	7	0	0	147.8179637063
2016	5	8	0	0	257.480332618296
2016	5	9	0	0	140.262697518021
2016	5	10	0	0	240.730722533562
2016	5	11	0	0	237.892588312912
2016	5	12	0	0	183.315554026922
2016	5	13	0	0	184.94863644743305
2016	5	14	0	0	168.222962245396
2016	5	15	0	0	96.3807323528879
2016	5	16	0	0	179.978485886828
2016	5	17	0	0	165.222015926748
2016	5	18	0	0	308.633064846901
2016	5	19	0	0	301.404969138276
2016	5	20	0	0	194.999839615423
2016	5	21	0	0	177.316273010869
2016	5	22	0	0	107.12225775312
2016	5	23	0	0	267.06907431276
2016	5	24	0	0	285.086764141547
2016	5	25	0	0	268.605096794678
2016	5	26	0	0	283.825131553769
2016	5	27	0	0	249.084452314002
2016	5	28	0	0	319.056074945089
2016	5	29	0	0	267.086920279022
2016	5	30	0	0	83.8957067699154
2016	5	31	0	0	240.532825720624
2016	6	1	0	0	192.692723497204
2016	6	2	0	0	196.298852934245
2016	6	3	0	0	163.71429866057
2016	6	4	0	0	200.373384140802
2016	6	5	0	0	131.029338303845
2016	6	6	0	0	167.07680972804198
2016	6	7	0	0	166.278430686016
2016	6	8	0	0	121.377301001645
2016	6	9	0	0	303.568218532086
2016	6	10	0	0	319.274780977215
2016	6	11	0	0	361.352596962412
2016	6	12	0	0	353.01648865782204
2016	6	13	0	0	303.499730967228
2016	6	14	0	0	334.19020895856096
2016	6	15	0	0	336.601029646643
2016	6	16	0	0	339.88216950809897
2016	6	17	0	0	334.256343677922
2016	6	18	0	0	317.382714238537
2016	6	19	0	0	123.254360124999
2016	6	20	0	0	149.233084441767
2016	6	21	0	0	245.76700314259497
2016	6	22	0	0	309.029907083786
2016	6	23	0	0	334.438347084438
2016	6	24	0	0	339.255870754094
2016	6	25	0	0	290.89631722261004
2016	6	26	0	0	272.866844903479
2016	6	27	0	0	292.706822664604
2016	6	28	0	0	164.847427483361
2016	6	29	0	0	158.681173413398
2016	6	30	0	0	115.074062525628
2016	7	1	0	0	186.798880560798
2016	7	2	0	0	159.515799597563
2016	7	3	0	0	282.451895770244
2016	7	4	0	0	157.804088614565
2016	7	5	0	0	97.6459077306065
2016	7	6	0	0	182.678160529255
2016	7	7	0	0	141.605037026606
2016	7	8	0	0	178.326809825859
2016	7	9	0	0	188.81615102540695
2016	7	10	0	0	142.728743361828
2016	7	11	0	0	197.110981840452
2016	7	12	0	0	179.103406335082
2016	7	13	0	0	292.952588545853
2016	7	14	0	0	221.425383515835
2016	7	15	0	0	133.82431969349702
2016	7	16	0	0	178.44451834368698
2016	7	17	0	0	172.772745033638
2016	7	18	0	0	234.412394413517
2016	7	19	0	0	250.662407344259
2016	7	20	0	0	227.163709167944
2016	7	21	0	0	296.724296702966
2016	7	22	0	0	255.03147162865
2016	7	23	0	0	223.987665481263
2016	7	24	0	0	161.940416807719
2016	7	25	0	0	259.9878054691
2016	7	26	0	0	261.770399708503
2016	7	27	0	0	358.305194025781
2016	7	28	0	0	138.533067740015
2016	7	29	0	0	174.02605241806
2016	7	30	0	0	266.392089248119
2016	7	31	0	0	183.09269406757
2016	8	1	0	0	186.295049395218
2016	8	2	0	0	90.3552000380501
2016	8	3	0	0	127.639384000572
2016	8	4	0	0	91.88592092839409
2016	8	5	0	0	204.882268259768
2016	8	6	0	0	258.218760761973
2016	8	7	0	0	267.25931134849
2016	8	8	0	0	236.985162618138
2016	8	9	0	0	129.74809139847
2016	8	10	0	0	170.0617906191
2016	8	11	0	0	112.844602018172
2016	8	12	0	0	243.76223099461495
2016	8	13	0	0	236.69469518976
2016	8	14	0	0	124.892579586114
2016	8	15	0	0	150.276243753925
2016	8	16	0	0	135.43550606965
2016	8	17	0	0	68.4206155322904
2016	8	18	0	0	212.51242930543097
2016	8	19	0	0	153.278043208367
2016	8	20	0	0	131.628444794785
2016	8	21	0	0	91.2992193854108
2016	8	22	0	0	172.034428255567
2016	8	23	0	0	95.4314758535514
2016	8	24	0	0	88.7772709418947
2016	8	25	0	0	111.181769328685
2016	8	26	0	0	105.512183799051
2016	8	27	0	0	144.883008009234
2016	8	28	0	0	226.65094748283695
2016	8	29	0	0	228.803527237575
2016	8	30	0	0	102.195574976368
2016	8	31	0	0	103.10509192233
2016	9	1	0	0	156.445598204475
2016	9	2	0	0	232.2292352413
2016	9	3	0	0	233.58204568331905
2016	9	4	0	0	234.530099733424
2016	9	5	0	0	220.217750753107
2016	9	6	0	0	217.391884053413
2016	9	7	0	0	217.323039938332
2016	9	8	0	0	214.85862474658
2016	9	9	0	0	171.231277744886
2016	9	10	0	0	156.144296627912
2016	9	11	0	0	112.340688404537
2016	9	12	0	0	92.6269647203192
2016	9	13	0	0	86.88323652961901
2016	9	14	0	0	124.13749796344
2016	9	15	0	0	121.162629291661
2016	9	16	0	0	110.547065151673
2016	9	17	0	0	176.87487989106398
2016	9	18	0	0	104.496385038328
2016	9	19	0	0	93.2682620602369
2016	9	20	0	0	180.050314881526
2016	9	21	0	0	177.008263521477
2016	9	22	0	0	175.038897485568
2016	9	23	0	0	160.545241390278
2016	9	24	0	0	155.334364309605
2016	9	25	0	0	137.17515168111998
2016	9	26	0	0	144.766974992847
2016	9	27	0	0	95.7846602217944
2016	9	28	0	0	158.754179954748
2016	9	29	0	0	148.608270445612
2016	9	30	0	0	143.630986086591
2016	10	1	0	0	110.559595020205
2016	10	2	0	0	70.74886080233499
2016	10	3	0	0	129.21358022771798
2016	10	4	0	0	106.701119142695
2016	10	5	0	0	99.706074661926
2016	10	6	0	0	123.347193744507
2016	10	7	0	0	44.4327744986436
2016	10	8	0	0	41.0810720490108
2016	10	9	0	0	113.606322876137
2016	10	10	0	0	68.5377068998653
2016	10	11	0	0	129.705762158101
2016	10	12	0	0	93.656340650633
2016	10	13	0	0	102.411109521593
2016	10	14	0	0	90.7816214748
2016	10	15	0	0	88.47314614370359
2016	10	16	0	0	112.303538172853
2016	10	17	0	0	91.6517134814145
2016	10	18	0	0	32.170770440849
2016	10	19	0	0	86.3832933723102
2016	10	20	0	0	100.588968480441
2016	10	21	0	0	92.2323273207238
2016	10	22	0	0	83.8299847679757
2016	10	23	0	0	88.3950538482163
2016	10	24	0	0	90.8370985516678
2016	10	25	0	0	86.69432340691799
2016	10	26	0	0	54.8226187088957
2016	10	27	0	0	95.0922152189006
2016	10	28	0	0	87.4498432740296
2016	10	29	0	0	87.01076360912701
2016	10	30	0	0	86.9226700386966
2016	10	31	0	0	83.4428002399163
2016	11	1	0	0	86.654789763591
2016	11	2	0	0	85.03514260178041
2016	11	3	0	0	80.3337091327786
2016	11	4	0	0	76.5837809816597
2016	11	5	0	0	55.5107160008936
2016	11	6	0	0	63.3429407126604
2016	11	7	0	0	62.847576429354106
2016	11	8	0	0	34.2982868206038
2016	11	9	0	0	59.467539726735104
2016	11	10	0	0	21.836015480243898
2016	11	11	0	0	28.328194054082104
2016	11	12	0	0	25.656965131881105
2016	11	13	0	0	38.6735590708101
2016	11	14	0	0	32.287777157872
2016	11	15	0	0	40.0684308104776
2016	11	16	0	0	47.90074332950629
2016	11	17	0	0	28.3683617290288
2016	11	18	0	0	21.3142125667359
2016	11	19	0	0	57.2513975240165
2016	11	20	0	0	41.79388198018111
2016	11	21	0	0	45.1152234580239
2016	11	22	0	0	50.2978208980268
2016	11	23	0	0	53.70457707398371
2016	11	24	0	0	53.1172059168954
2016	11	25	0	0	50.162264991934606
2016	11	26	0	0	32.420751431223806
2016	11	27	0	0	37.1568422840698
2016	11	28	0	0	48.557142612295294
2016	11	29	0	0	46.1517326426898
2016	11	30	0	0	47.75226234246311
2016	12	1	0	0	18.811830901005603
2016	12	2	0	0	43.578831269269294
2016	12	3	0	0	23.9342892617844
2016	12	4	0	0	26.948008409496303
2016	12	5	0	0	19.7993913889702
2016	12	6	0	0	37.6448520311476
2016	12	7	0	0	45.4550424837035
2016	12	8	0	0	45.62222018581021
2016	12	9	0	0	22.9827654941101
2016	12	10	0	0	22.9681550191332
2016	12	11	0	0	43.0433600631663
2016	12	12	0	0	42.944263848941205
2016	12	13	0	0	42.6618987657732
2016	12	14	0	0	42.4255021025657
2016	12	15	0	0	20.4667694253591
2016	12	16	0	0	21.7592359999223
2016	12	17	0	0	27.7397898388582
2016	12	18	0	0	25.1984878654514
2016	12	19	0	0	19.6777527524779
2016	12	20	0	0	21.7797850773967
2016	12	21	0	0	28.1402089938877
2016	12	22	0	0	35.91941279213779
2016	12	23	0	0	40.2239226373042
2016	12	24	0	0	19.701128550545302
2016	12	25	0	0	21.7492679393849
2016	12	26	0	0	28.129890849582
2016	12	27	0	0	23.8405189758015
2016	12	28	0	0	26.249188367952105
2016	12	29	0	0	18.859649763942603
2016	12	30	0	0	35.807035887007
2016	12	31	0	0	20.496574606295106
2017	1	1	0	0	29.880800161427302
2017	1	2	0	0	43.1933262569166
2017	1	3	0	0	32.2603122793346
2017	1	4	0	0	14.1546536059155
2017	1	5	0	0	20.5089605919072
2017	1	6	0	0	22.897017275693003
2017	1	7	0	0	37.3882982487178
2017	1	8	0	0	20.4972226985595
2017	1	9	0	0	29.8748943317241
2017	1	10	0	0	34.268796500715
2017	1	11	0	0	46.75437916438021
2017	1	12	0	0	32.2601006355455
2017	1	13	0	0	27.8184325688484
2017	1	14	0	0	49.1145048705008
2017	1	15	0	0	49.28721094288589
2017	1	16	0	0	27.785232700423
2017	1	17	0	0	22.880069364941395
2017	1	18	0	0	28.4038712325874
2017	1	19	0	0	26.8505776863543
2017	1	20	0	0	47.6539108945498
2017	1	21	0	0	26.8663056493645
2017	1	22	0	0	59.80079657244461
2017	1	23	0	0	70.5887604933593
2017	1	24	0	0	68.615120528876
2017	1	25	0	0	57.2407852602135
2017	1	26	0	0	73.4038491370069
2017	1	27	0	0	80.8539365510575
2017	1	28	0	0	40.8646656752723
2017	1	29	0	0	58.563994933523
2017	1	30	0	0	33.6161217668923
2017	1	31	0	0	28.605995403821694
2017	2	1	0	0	44.1049617347713
2017	2	2	0	0	50.8378830396939
2017	2	3	0	0	24.8776044389816
2017	2	4	0	0	52.2275688854334
2017	2	5	0	0	52.95960608072311
2017	2	6	0	0	48.3981195355024
2017	2	7	0	0	77.5225654628008
2017	2	8	0	0	41.5099141901368
2017	2	9	0	0	51.6446090054696
2017	2	10	0	0	51.5810595523985
2017	2	11	0	0	19.1470861008883
2017	2	12	0	0	71.57465847058941
2017	2	13	0	0	69.9270143270857
2017	2	14	0	0	59.984940188097895
2017	2	15	0	0	55.8640906264629
2017	2	16	0	0	114.395070341938
2017	2	17	0	0	58.3161988952479
2017	2	18	0	0	58.5008303871788
2017	2	19	0	0	53.7125650389777
2017	2	20	0	0	126.191245251917
2017	2	21	0	0	134.736318406522
2017	2	22	0	0	137.43182209715
2017	2	23	0	0	137.338319219294
2017	2	24	0	0	137.820501216104
2017	2	25	0	0	151.832958027506
2017	2	26	0	0	139.884901587868
2017	2	27	0	0	144.398002269242
2017	2	28	0	0	148.833330927521
2017	3	1	0	0	149.000517969153
2017	3	2	0	0	100.317549393299
2017	3	3	0	0	110.409603863468
2017	3	4	0	0	125.97861129158998
2017	3	5	0	0	89.7408254959305
2017	3	6	0	0	71.2901794413563
2017	3	7	0	0	147.884170634036
2017	3	8	0	0	149.91577630024798
2017	3	9	0	0	126.223454491896
2017	3	10	0	0	67.4487938871238
2017	3	11	0	0	125.918276693494
2017	3	12	0	0	136.371540114781
2017	3	13	0	0	164.11229441067
2017	3	14	0	0	166.805155856866
2017	3	15	0	0	169.68125332706998
2017	3	16	0	0	102.834266882066
2017	3	17	0	0	95.2207525502818
2017	3	18	0	0	108.186894885012
2017	3	19	0	0	104.719176588684
2017	3	20	0	0	70.717988068523
2017	3	21	0	0	137.357450776118
2017	3	22	0	0	99.6161721106297
2017	3	23	0	0	167.952017183614
2017	3	24	0	0	161.60762595243298
2017	3	25	0	0	68.06177635934871
2017	3	26	0	0	82.4778925521838
2017	3	27	0	0	69.2879671772761
2017	3	28	0	0	136.709774387392
2017	3	29	0	0	144.546071999095
2017	3	30	0	0	95.4576269981673
2017	3	31	0	0	50.024978205777394
2017	4	1	0	0	212.241426925118
2017	4	2	0	0	80.5836288277252
2017	4	3	0	0	88.60065580489929
2017	4	4	0	0	118.486460338565
2017	4	5	0	0	239.15208005069096
2017	4	6	0	0	226.155027248212
2017	4	7	0	0	65.944343088912
2017	4	8	0	0	78.68740608850659
2017	4	9	0	0	238.534305115933
2017	4	10	0	0	255.311862256137
2017	4	11	0	0	241.771175972191
2017	4	12	0	0	252.51982179314095
2017	4	13	0	0	223.535914147431
2017	4	14	0	0	254.033445792329
2017	4	15	0	0	244.887001690127
2017	4	16	0	0	215.06005066208
2017	4	17	0	0	268.368874781747
2017	4	18	0	0	271.86523259245604
2017	4	19	0	0	256.313274741168
2017	4	20	0	0	246.796759810654
2017	4	21	0	0	221.471790382514
2017	4	22	0	0	229.233488339554
2017	4	23	0	0	250.181314352253
2017	4	24	0	0	177.50504816634498
2017	4	25	0	0	283.793845488722
2017	4	26	0	0	264.03415142538
2017	4	27	0	0	274.302735572498
2017	4	28	0	0	273.98033532098
2017	4	29	0	0	252.669814555256
2017	4	30	0	0	82.9888007122077
2017	5	1	0	0	288.525687979656
2017	5	2	0	0	302.540363994217
2017	5	3	0	0	298.700630431054
2017	5	4	0	0	140.959996205663
2017	5	5	0	0	95.734353171019
2017	5	6	0	0	94.8554769098181
2017	5	7	0	0	173.11142158903098
2017	5	8	0	0	240.325701296747
2017	5	9	0	0	303.618139943826
2017	5	10	0	0	273.73181475364
2017	5	11	0	0	109.220369445648
2017	5	12	0	0	244.083677301398
2017	5	13	0	0	111.820408526385
2017	5	14	0	0	108.55427294066
2017	5	15	0	0	158.289197011865
2017	5	16	0	0	109.527384446699
2017	5	17	0	0	140.611796668042
2017	5	18	0	0	221.393016929635
2017	5	19	0	0	289.891210156729
2017	5	20	0	0	304.888567545547
2017	5	21	0	0	306.642104904976
2017	5	22	0	0	171.583452861065
2017	5	23	0	0	113.12674682236
2017	5	24	0	0	254.87461901831296
2017	5	25	0	0	311.169840509438
2017	5	26	0	0	151.031442311607
2017	5	27	0	0	318.914597354106
2017	5	28	0	0	171.078716660363
2017	5	29	0	0	316.528690032979
2017	5	30	0	0	238.16753566915
2017	5	31	0	0	217.010011377716
2017	6	1	0	0	321.145089218324
2017	6	2	0	0	316.469213263494
2017	6	3	0	0	214.635408112185
2017	6	4	0	0	249.315020350624
2017	6	5	0	0	175.38960624008598
2017	6	6	0	0	171.50569543727198
2017	6	7	0	0	133.015820215539
2017	6	8	0	0	180.61370442068
2017	6	9	0	0	294.426616407785
2017	6	10	0	0	328.63051995674704
2017	6	11	0	0	337.909139673839
2017	6	12	0	0	334.046701294773
2017	6	13	0	0	344.296403969739
2017	6	14	0	0	356.021700133584
2017	6	15	0	0	310.061559757706
2017	6	16	0	0	313.886843966882
2017	6	17	0	0	315.136276372835
2017	6	18	0	0	205.16568697713905
2017	6	19	0	0	111.782247572213
2017	6	20	0	0	114.800555177702
2017	6	21	0	0	165.00904082672702
2017	6	22	0	0	283.124288542897
2017	6	23	0	0	239.812022353397
2017	6	24	0	0	282.631757398756
2017	6	25	0	0	191.57526870584095
2017	6	26	0	0	127.862708801568
2017	6	27	0	0	277.064628182041
2017	6	28	0	0	136.428962562285
2017	6	29	0	0	292.727053098376
2017	6	30	0	0	327.046724737056
2017	7	1	0	0	269.154101795063
2017	7	2	0	0	141.68864428761998
2017	7	3	0	0	221.245059189729
2017	7	4	0	0	226.137369378263
2017	7	5	0	0	166.700983648131
2017	7	6	0	0	222.706443900185
2017	7	7	0	0	334.614671600934
2017	7	8	0	0	337.890903938668
2017	7	9	0	0	337.42512950000497
2017	7	10	0	0	309.10379730192403
2017	7	11	0	0	331.186041217153
2017	7	12	0	0	320.387927159389
2017	7	13	0	0	238.236460733
2017	7	14	0	0	321.256996309505
2017	7	15	0	0	300.107385095961
2017	7	16	0	0	315.77736186780896
2017	7	17	0	0	330.405305039857
2017	7	18	0	0	300.671959239027
2017	7	19	0	0	252.07462005147
2017	7	20	0	0	138.01555226300502
2017	7	21	0	0	232.666155765832
2017	7	22	0	0	96.92840696833532
2017	7	23	0	0	205.946085276169
2017	7	24	0	0	217.87186322480704
2017	7	25	0	0	304.319443632973
2017	7	26	0	0	310.630700557869
2017	7	27	0	0	299.012159329028
2017	7	28	0	0	286.340670006281
2017	7	29	0	0	276.061325497408
2017	7	30	0	0	96.9045580402046
2017	7	31	0	0	89.25680620535842
2017	8	1	0	0	123.641928444886
2017	8	2	0	0	293.984639963357
2017	8	3	0	0	302.302716145779
2017	8	4	0	0	273.88215602070403
2017	8	5	0	0	230.921531612088
2017	8	6	0	0	96.8965732000116
2017	8	7	0	0	120.068988456712
2017	8	8	0	0	240.239413896081
2017	8	9	0	0	132.493394391089
2017	8	10	0	0	173.11181309924197
2017	8	11	0	0	169.247042780919
2017	8	12	0	0	273.428484937995
2017	8	13	0	0	212.20466183847304
2017	8	14	0	0	211.32370623291695
2017	8	15	0	0	240.43869254713505
2017	8	16	0	0	270.379087463038
2017	8	17	0	0	261.468001501224
2017	8	18	0	0	239.538942965644
2017	8	19	0	0	231.38687786572004
2017	8	20	0	0	228.705871982357
2017	8	21	0	0	230.85337051398
2017	8	22	0	0	184.71717398543203
2017	8	23	0	0	91.7850259968032
2017	8	24	0	0	162.330991914928
2017	8	25	0	0	119.974891450287
2017	8	26	0	0	158.348831851079
2017	8	27	0	0	230.590300793834
2017	8	28	0	0	140.568122711104
2017	8	29	0	0	100.42252575989
2017	8	30	0	0	114.768655252244
2017	8	31	0	0	175.39685344484798
2017	9	1	0	0	237.859344212272
2017	9	2	0	0	226.425159894842
2017	9	3	0	0	169.349085278301
2017	9	4	0	0	183.870586458
2017	9	5	0	0	220.61079979792703
2017	9	6	0	0	197.834940435128
2017	9	7	0	0	179.086707254339
2017	9	8	0	0	87.86786755171042
2017	9	9	0	0	161.12696774613002
2017	9	10	0	0	136.30435691053302
2017	9	11	0	0	113.139907069007
2017	9	12	0	0	43.460888364453496
2017	9	13	0	0	61.4385309698052
2017	9	14	0	0	187.067782158818
2017	9	15	0	0	92.21198630425567
2017	9	16	0	0	43.403619743902205
2017	9	17	0	0	71.23835998263479
2017	9	18	0	0	94.4885326736436
2017	9	19	0	0	163.838194576488
2017	9	20	0	0	177.40829184796902
2017	9	21	0	0	179.136570232753
2017	9	22	0	0	178.95922949336497
2017	9	23	0	0	165.847942158393
2017	9	24	0	0	71.7846726528351
2017	9	25	0	0	139.31440000759702
2017	9	26	0	0	165.333898311568
2017	9	27	0	0	59.1098915946986
2017	9	28	0	0	64.1055589839257
2017	9	29	0	0	153.112606737265
2017	9	30	0	0	119.593396788723
2017	10	1	0	0	44.807221989851
2017	10	2	0	0	138.15014101104902
2017	10	3	0	0	103.922490702175
2017	10	4	0	0	108.410304717011
2017	10	5	0	0	104.449576479881
2017	10	6	0	0	51.2145052665609
2017	10	7	0	0	125.142573130912
2017	10	8	0	0	108.52951418765
2017	10	9	0	0	69.0787895319598
2017	10	10	0	0	89.08820907781158
2017	10	11	0	0	79.7863409900928
2017	10	12	0	0	35.3914942924929
2017	10	13	0	0	113.627624787809
2017	10	14	0	0	114.007943265755
2017	10	15	0	0	93.4294719824326
2017	10	16	0	0	49.11289067323071
2017	10	17	0	0	63.189333883727706
2017	10	18	0	0	34.6332017277706
2017	10	19	0	0	102.980626886174
2017	10	20	0	0	103.776555454167
2017	10	21	0	0	77.0938593260154
2017	10	22	0	0	102.073744865143
2017	10	23	0	0	99.11472238163392
2017	10	24	0	0	94.7306772146628
2017	10	25	0	0	65.16239427935571
2017	10	26	0	0	77.4093163541074
2017	10	27	0	0	61.6794497529821
2017	10	28	0	0	30.879871706444604
2017	10	29	0	0	67.5530738267271
2017	10	30	0	0	64.2863650565711
2017	10	31	0	0	72.69977541937091
2017	11	1	0	0	53.789924323367394
2017	11	2	0	0	24.7266734922775
2017	11	3	0	0	63.3376513988959
2017	11	4	0	0	28.222400401539897
2017	11	5	0	0	25.192202624851895
2017	11	6	0	0	22.9758301489586
2017	11	7	0	0	50.5121009905451
2017	11	8	0	0	24.880787424742497
2017	11	9	0	0	19.5288330994396
2017	11	10	0	0	19.5549735491395
2017	11	11	0	0	19.5036395128419
2017	11	12	0	0	18.482483267163698
2017	11	13	0	0	56.463295611918106
2017	11	14	0	0	63.519096171197006
2017	11	15	0	0	20.4213392602125
2017	11	16	0	0	57.87652234386479
2017	11	17	0	0	30.3576391750068
2017	11	18	0	0	34.4827849454282
2017	11	19	0	0	29.911369262111695
2017	11	20	0	0	36.843280456967896
2017	11	21	0	0	20.6392858767881
2017	11	22	0	0	24.2029762170364
2017	11	23	0	0	27.060527495512098
2017	11	24	0	0	38.64331125195661
2017	11	25	0	0	52.588609948413705
2017	11	26	0	0	21.7165015009901
2017	11	27	0	0	19.6959817396998
2017	11	28	0	0	27.251276017586303
2017	11	29	0	0	30.356897665037497
2017	11	30	0	0	26.4660280481916
2017	12	1	0	0	21.4316920428454
2017	12	2	0	0	48.606311447980005
2017	12	3	0	0	38.4296182332684
2017	12	4	0	0	28.118551045160302
2017	12	5	0	0	42.976862482860206
2017	12	6	0	0	46.6991491604086
2017	12	7	0	0	23.8664582431033
2017	12	8	0	0	19.6735094757616
2017	12	9	0	0	20.531002436477102
2017	12	10	0	0	25.085997004766305
2017	12	11	0	0	38.1255351165593
2017	12	12	0	0	17.9300607253589
2017	12	13	0	0	25.2172200052139
2017	12	14	0	0	31.8407334822159
2017	12	15	0	0	24.0246048937574
2017	12	16	0	0	34.8154397564503
2017	12	17	0	0	13.271921750373302
2017	12	18	0	0	25.6912799638444
2017	12	19	0	0	19.3936016338155
2017	12	20	0	0	38.185014789377
2017	12	21	0	0	28.1644676151154
2017	12	22	0	0	21.4906585090283
2017	12	23	0	0	19.0133444538619
2017	12	24	0	0	33.0017316189695
2017	12	25	0	0	25.0352705550552
2017	12	26	0	0	28.136026114129702
2017	12	27	0	0	21.7043498675193
2017	12	28	0	0	19.7708807379715
2017	12	29	0	0	14.2031203336891
2017	12	30	0	0	24.992950804415603
2017	12	31	0	0	28.9529595891378
2018	1	1	0	0	34.6558079146093
2018	1	2	0	0	31.255548186879803
2018	1	3	0	0	22.830224118889102
2018	1	4	0	0	40.858635896365
2018	1	5	0	0	25.7767758603189
2018	1	6	0	0	43.2339085132959
2018	1	7	0	0	44.0024749356351
2018	1	8	0	0	49.0891085953413
2018	1	9	0	0	18.1805401030384
2018	1	10	0	0	32.264449533125
2018	1	11	0	0	15.433989233316698
2018	1	12	0	0	20.4414489688983
2018	1	13	0	0	19.494411181774
2018	1	14	0	0	49.16215580848871
2018	1	15	0	0	26.9373969163092
2018	1	16	0	0	47.6923002008673
2018	1	17	0	0	21.6288852552005
2018	1	18	0	0	42.8067251838615
2018	1	19	0	0	18.936566085370004
2018	1	20	0	0	59.64590716786861
2018	1	21	0	0	57.2174302118795
2018	1	22	0	0	23.724124221890897
2018	1	23	0	0	40.725894108439
2018	1	24	0	0	52.8893979678401
2018	1	25	0	0	25.392167760672105
2018	1	26	0	0	70.5379690124229
2018	1	27	0	0	51.1531590489415
2018	1	28	0	0	24.7436234271595
2018	1	29	0	0	17.8366216169585
2018	1	30	0	0	24.8400416552826
2018	1	31	0	0	49.328932362691
2018	2	1	0	0	60.6794453762636
2018	2	2	0	0	33.437568344973
2018	2	3	0	0	41.4735490401359
2018	2	4	0	0	44.71611229984771
2018	2	5	0	0	38.9057530470792
2018	2	6	0	0	60.68792912999989
2018	2	7	0	0	90.0353422962914
2018	2	8	0	0	85.73157333899191
2018	2	9	0	0	48.10862809002211
2018	2	10	0	0	81.89492012565779
2018	2	11	0	0	75.5169932218308
2018	2	12	0	0	50.7613747670964
2018	2	13	0	0	43.52622914484471
2018	2	14	0	0	35.580103383586504
2018	2	15	0	0	103.70615230109
2018	2	16	0	0	111.559765984556
2018	2	17	0	0	115.975712494498
2018	2	18	0	0	111.952594459948
2018	2	19	0	0	88.84908798353631
2018	2	20	0	0	98.9136043542042
2018	2	21	0	0	110.589005457438
2018	2	22	0	0	112.218736490592
2018	2	23	0	0	119.684511641408
2018	2	24	0	0	117.619584163501
2018	2	25	0	0	62.4747809677637
2018	2	26	0	0	69.9686403684039
2018	2	27	0	0	57.6844330574096
2018	2	28	0	0	50.9062370259994
2018	3	1	0	0	104.137885885769
2018	3	2	0	0	30.0391197816324
2018	3	3	0	0	78.3798083716508
2018	3	4	0	0	63.6609216137761
2018	3	5	0	0	63.0747323326034
2018	3	6	0	0	74.800464470327
2018	3	7	0	0	168.943169634244
2018	3	8	0	0	166.71786473807
2018	3	9	0	0	123.410544764154
2018	3	10	0	0	177.455383997894
2018	3	11	0	0	86.7604453480825
2018	3	12	0	0	69.2396240363127
2018	3	13	0	0	182.148480854044
2018	3	14	0	0	138.926358692966
2018	3	15	0	0	89.62416635620691
2018	3	16	0	0	76.1220189873963
2018	3	17	0	0	101.615335360854
2018	3	18	0	0	176.363889991748
2018	3	19	0	0	115.566367149744
2018	3	20	0	0	82.7763392404776
2018	3	21	0	0	96.845462646515
2018	3	22	0	0	118.532023735094
2018	3	23	0	0	124.258559195836
2018	3	24	0	0	183.924918195298
2018	3	25	0	0	88.66783648057431
2018	3	26	0	0	211.12712023580104
2018	3	27	0	0	62.915541833765005
2018	3	28	0	0	78.59885476884651
2018	3	29	0	0	45.156053226716296
2018	3	30	0	0	109.370355906349
2018	3	31	0	0	206.764631333276
2018	4	1	0	0	175.436674163222
2018	4	2	0	0	94.79149313912993
2018	4	3	0	0	175.964944284231
2018	4	4	0	0	124.043853148412
2018	4	5	0	0	183.439519518325
2018	4	6	0	0	157.896239571034
2018	4	7	0	0	90.9494090819615
2018	4	8	0	0	120.689354717978
2018	4	9	0	0	246.50467553102
2018	4	10	0	0	182.663010222496
2018	4	11	0	0	157.41075043405502
2018	4	12	0	0	214.015792901682
2018	4	13	0	0	85.7104264063224
2018	4	14	0	0	100.110350215713
2018	4	15	0	0	193.573855822712
2018	4	16	0	0	139.45167360343902
2018	4	17	0	0	80.8727818654743
2018	4	18	0	0	91.334520490448
2018	4	19	0	0	117.683008235933
2018	4	20	0	0	162.153213472241
2018	4	21	0	0	94.1317257661204
2018	4	22	0	0	214.85637098943695
2018	4	23	0	0	108.913352939762
2018	4	24	0	0	221.466898768232
2018	4	25	0	0	206.246342018026
2018	4	26	0	0	261.618244986618
2018	4	27	0	0	175.388793204705
2018	4	28	0	0	183.607472598528
2018	4	29	0	0	230.581869159476
2018	4	30	0	0	251.56873677089
2018	5	1	0	0	92.7590124416939
2018	5	2	0	0	222.445451207831
2018	5	3	0	0	129.506023179022
2018	5	4	0	0	296.32430216176897
2018	5	5	0	0	299.900855118145
2018	5	6	0	0	307.271013596123
2018	5	7	0	0	294.39787810674403
2018	5	8	0	0	91.8008783314582
2018	5	9	0	0	171.506476046166
2018	5	10	0	0	130.419899825377
2018	5	11	0	0	140.446582970903
2018	5	12	0	0	106.261479791143
2018	5	13	0	0	101.546735635599
2018	5	14	0	0	196.091478851738
2018	5	15	0	0	135.529132857775
2018	5	16	0	0	230.848129240201
2018	5	17	0	0	166.17911768859
2018	5	18	0	0	200.175295411106
2018	5	19	0	0	210.185113830016
2018	5	20	0	0	222.161610724833
2018	5	21	0	0	284.626101506615
2018	5	22	0	0	121.475479206808
2018	5	23	0	0	112.978824210183
2018	5	24	0	0	114.657468997925
2018	5	25	0	0	195.269078982568
2018	5	26	0	0	141.179545460117
2018	5	27	0	0	118.481186158388
2018	5	28	0	0	131.167291788232
2018	5	29	0	0	193.135801269407
2018	5	30	0	0	223.933855880862
2018	5	31	0	0	136.037133597678
2018	6	1	0	0	134.51893734933
2018	6	2	0	0	163.663491046892
2018	6	3	0	0	110.308040182101
2018	6	4	0	0	117.544988196148
2018	6	5	0	0	136.930812244111
2018	6	6	0	0	174.281478005113
2018	6	7	0	0	288.855621171433
2018	6	8	0	0	241.96802013149104
2018	6	9	0	0	175.933086548815
2018	6	10	0	0	229.35814061745097
2018	6	11	0	0	276.779326636372
2018	6	12	0	0	259.969873072134
2018	6	13	0	0	140.504661638835
2018	6	14	0	0	168.432253619569
2018	6	15	0	0	215.12265721415
2018	6	16	0	0	258.660863907193
2018	6	17	0	0	129.366938532621
2018	6	18	0	0	277.40988613610904
2018	6	19	0	0	337.100801905178
2018	6	20	0	0	310.366301451702
2018	6	21	0	0	332.57284560820096
2018	6	22	0	0	284.832953884225
2018	6	23	0	0	222.009196296158
2018	6	24	0	0	182.044194869189
2018	6	25	0	0	165.300310449531
2018	6	26	0	0	144.921239821877
2018	6	27	0	0	154.102804642253
2018	6	28	0	0	233.399912560921
2018	6	29	0	0	173.203565051828
2018	6	30	0	0	252.384335346646
2018	7	1	0	0	228.148697295092
2018	7	2	0	0	277.367252390705
2018	7	3	0	0	296.926732331161
2018	7	4	0	0	196.860693214428
2018	7	5	0	0	146.440316727968
2018	7	6	0	0	215.159735235334
2018	7	7	0	0	106.825379657125
2018	7	8	0	0	99.588993553882
2018	7	9	0	0	118.98870144031
2018	7	10	0	0	124.814373862799
2018	7	11	0	0	216.307515346647
2018	7	12	0	0	214.22130979615
2018	7	13	0	0	225.691366748131
2018	7	14	0	0	222.000230089221
2018	7	15	0	0	232.171647759449
2018	7	16	0	0	268.219145353826
2018	7	17	0	0	174.692575994239
2018	7	18	0	0	102.876881881401
2018	7	19	0	0	169.964458936656
2018	7	20	0	0	180.644642315635
2018	7	21	0	0	228.006422246111
2018	7	22	0	0	178.494963825238
2018	7	23	0	0	187.192058604396
2018	7	24	0	0	234.180481535117
2018	7	25	0	0	133.771967179648
2018	7	26	0	0	235.677562781381
2018	7	27	0	0	216.14725146766003
2018	7	28	0	0	216.640460931928
2018	7	29	0	0	195.98038614482
2018	7	30	0	0	190.373340257867
2018	7	31	0	0	222.75477708138305
2018	8	1	0	0	260.07569874346297
2018	8	2	0	0	267.339693239276
2018	8	3	0	0	245.329443240863
2018	8	4	0	0	166.965616505621
2018	8	5	0	0	80.4758034716627
2018	8	6	0	0	112.122905490782
2018	8	7	0	0	81.6197367299804
2018	8	8	0	0	193.688161155503
2018	8	9	0	0	243.284909640568
2018	8	10	0	0	247.955099105051
2018	8	11	0	0	178.54639230227198
2018	8	12	0	0	181.402274222959
2018	8	13	0	0	271.826801272726
2018	8	14	0	0	108.490499162868
2018	8	15	0	0	64.3716446871148
2018	8	16	0	0	252.564376022364
2018	8	17	0	0	247.918182214654
2018	8	18	0	0	251.390476596967
2018	8	19	0	0	243.75144919892003
2018	8	20	0	0	169.246078535388
2018	8	21	0	0	195.886560094826
2018	8	22	0	0	236.659334452091
2018	8	23	0	0	97.3260310177676
2018	8	24	0	0	124.536762401412
2018	8	25	0	0	226.582811229758
2018	8	26	0	0	184.876630789329
2018	8	27	0	0	108.265423650804
2018	8	28	0	0	143.78543367672398
2018	8	29	0	0	192.286419923474
2018	8	30	0	0	188.206730271097
2018	8	31	0	0	220.895503383917
2018	9	1	0	0	218.313775706837
2018	9	2	0	0	223.577584278528
2018	9	3	0	0	230.440882266278
2018	9	4	0	0	222.589332118182
2018	9	5	0	0	225.97868966916096
2018	9	6	0	0	222.274452793734
2018	9	7	0	0	156.363821168564
2018	9	8	0	0	97.1859404825757
2018	9	9	0	0	92.4874995181839
2018	9	10	0	0	150.033248587628
2018	9	11	0	0	99.998454012561
2018	9	12	0	0	185.21666009423697
2018	9	13	0	0	108.808622396435
2018	9	14	0	0	63.6819825237514
2018	9	15	0	0	64.9041641074605
2018	9	16	0	0	200.29122722488
2018	9	17	0	0	184.21268856739
2018	9	18	0	0	59.1855523038923
2018	9	19	0	0	183.817906859112
2018	9	20	0	0	122.410739848254
2018	9	21	0	0	47.9864274542704
2018	9	22	0	0	110.040736953676
2018	9	23	0	0	34.6887319631959
2018	9	24	0	0	62.1647934362271
2018	9	25	0	0	86.3608980065671
2018	9	26	0	0	70.4320553723777
2018	9	27	0	0	85.9073216165237
2018	9	28	0	0	73.39618694442692
2018	9	29	0	0	142.421550299612
2018	9	30	0	0	44.5897541172882
2018	10	1	0	0	141.308483620766
2018	10	2	0	0	118.008088422955
2018	10	3	0	0	87.94693651039542
2018	10	4	0	0	91.8636950807968
2018	10	5	0	0	33.6533270007118
2018	10	6	0	0	120.778320676923
2018	10	7	0	0	115.829175172346
2018	10	8	0	0	128.894833596418
2018	10	9	0	0	124.840145587629
2018	10	10	0	0	98.730748787731
2018	10	11	0	0	36.38419488461079
2018	10	12	0	0	92.6988689071621
2018	10	13	0	0	74.679591182362
2018	10	14	0	0	111.088896979622
2018	10	15	0	0	107.339562028442
2018	10	16	0	0	87.0436737497927
2018	10	17	0	0	87.1573014612903
2018	10	18	0	0	59.6340012090374
2018	10	19	0	0	80.2296228012078
2018	10	20	0	0	46.5328165380264
2018	10	21	0	0	48.79515187903029
2018	10	22	0	0	105.016508723027
2018	10	23	0	0	7.75076158659974
2018	10	24	0	0	27.300056659371
2018	10	25	0	0	98.2958765269854
2018	10	26	0	0	79.09297846409441
2018	10	27	0	0	22.632110457146503
2018	10	28	0	0	40.1785230933791
2018	10	29	0	0	96.3714793269801
2018	10	30	0	0	49.22771413483971
2018	10	31	0	0	78.15238776019609
2018	11	1	0	0	33.916943281149
2018	11	2	0	0	70.1869481788181
2018	11	3	0	0	82.9262366369486
2018	11	4	0	0	77.24427147141621
2018	11	5	0	0	77.6632834077207
2018	11	6	0	0	74.8543691139946
2018	11	7	0	0	75.7326698578057
2018	11	8	0	0	71.05218204011692
2018	11	9	0	0	69.7970624260428
2018	11	10	0	0	58.5456869934436
2018	11	11	0	0	36.5771959173077
2018	11	12	0	0	31.423101014696694
2018	11	13	0	0	25.8967715770836
2018	11	14	0	0	46.1197300663451
2018	11	15	0	0	62.686718681922
2018	11	16	0	0	61.5306670762328
2018	11	17	0	0	59.34613695863671
2018	11	18	0	0	58.684681025653
2018	11	19	0	0	37.90075037559961
2018	11	20	0	0	48.53033481704829
2018	11	21	0	0	53.2047140278809
2018	11	22	0	0	43.814772863270505
2018	11	23	0	0	39.6014909614931
2018	11	24	0	0	49.2908295979045
2018	11	25	0	0	20.591180095909
2018	11	26	0	0	21.7619163611732
2018	11	27	0	0	44.7495142548762
2018	11	28	0	0	43.3717747429673
2018	11	29	0	0	26.2010774958816
2018	11	30	0	0	24.175535756483804
2018	12	1	0	0	46.6628353479436
2018	12	2	0	0	21.6323387535731
2018	12	3	0	0	19.6767387255841
2018	12	4	0	0	20.4916475171109
2018	12	5	0	0	20.326026760127
2018	12	6	0	0	23.8734009773563
2018	12	7	0	0	33.0015463602052
2018	12	8	0	0	20.5031956838442
2018	12	9	0	0	43.7892781014308
2018	12	10	0	0	26.6394559840776
2018	12	11	0	0	19.625786852056898
2018	12	12	0	0	16.7876807819019
2018	12	13	0	0	42.87836336928729
2018	12	14	0	0	19.705586403082695
2018	12	15	0	0	20.441623786608695
2018	12	16	0	0	31.9048420974262
2018	12	17	0	0	32.0322691433213
2018	12	18	0	0	31.857300447589303
2018	12	19	0	0	27.1875392958943
2018	12	20	0	0	20.1557517086968
2018	12	21	0	0	31.8859032025237
2018	12	22	0	0	21.7831880379747
2018	12	23	0	0	23.7829475327733
2018	12	24	0	0	20.476888816054498
2018	12	25	0	0	23.8530758930605
2018	12	26	0	0	22.975309802446
2018	12	27	0	0	21.908675388538104
2018	12	28	0	0	41.34267501098
2018	12	29	0	0	18.637227779999
2018	12	30	0	0	18.5523579339316
2018	12	31	0	0	21.509738091065003
2019	1	1	0	0	34.277513204214
2019	1	2	0	0	20.1450412066222
2019	1	3	0	0	28.2735045577751
2019	1	4	0	0	35.3733773230205
2019	1	5	0	0	26.795393293393804
2019	1	6	0	0	29.043960554888702
2019	1	7	0	0	18.3937075315935
2019	1	8	0	0	42.7036267712685
2019	1	9	0	0	37.1013949106745
2019	1	10	0	0	39.2131796752904
2019	1	11	0	0	41.648171721953
2019	1	12	0	0	25.650263819543294
2019	1	13	0	0	17.7556440524668
2019	1	14	0	0	19.2459854709513
2019	1	15	0	0	51.806953079662506
2019	1	16	0	0	21.6336621438975
2019	1	17	0	0	32.31633066271839
2019	1	18	0	0	23.7014008473582
2019	1	19	0	0	25.8053596821757
2019	1	20	0	0	29.4791260335812
2019	1	21	0	0	25.6219878308349
2019	1	22	0	0	44.1257451502087
2019	1	23	0	0	26.9214228339674
2019	1	24	0	0	34.1177434760732
2019	1	25	0	0	26.808078711964697
2019	1	26	0	0	51.045337804121296
2019	1	27	0	0	31.149029343095304
2019	1	28	0	0	44.9774300708274
2019	1	29	0	0	15.7911358494788
2019	1	30	0	0	29.579594837124706
2019	1	31	0	0	49.2320905091275
2019	2	1	0	0	32.5193597024009
2019	2	2	0	0	32.0545351806877
2019	2	3	0	0	23.754504477480697
2019	2	4	0	0	62.3737338347525
2019	2	5	0	0	34.949879602075704
2019	2	6	0	0	69.4708206897823
2019	2	7	0	0	51.8297838054755
2019	2	8	0	0	29.1502198214883
2019	2	9	0	0	34.7556160475942
2019	2	10	0	0	35.1656928105591
2019	2	11	0	0	52.855935701029104
2019	2	12	0	0	46.6908429801688
2019	2	13	0	0	66.6721283896902
2019	2	14	0	0	42.5057556598111
2019	2	15	0	0	90.8664622711659
2019	2	16	0	0	42.3934727252081
2019	2	17	0	0	49.31326732731029
2019	2	18	0	0	26.6493434136691
2019	2	19	0	0	79.7190540254475
2019	2	20	0	0	64.86621482661161
2019	2	21	0	0	51.2397260476569
2019	2	22	0	0	45.3916624079259
2019	2	23	0	0	67.63668340682689
2019	2	24	0	0	68.2579103927415
2019	2	25	0	0	126.037766110471
2019	2	26	0	0	100.151265481856
2019	2	27	0	0	56.2507074407325
2019	2	28	0	0	49.081130526406405
2019	3	1	0	0	96.542355025768
2019	3	2	0	0	116.739746225287
2019	3	3	0	0	95.6318647497887
2019	3	4	0	0	18.0629152607261
2019	3	5	0	0	93.38220192941807
2019	3	6	0	0	167.990018741143
2019	3	7	0	0	160.270236411169
2019	3	8	0	0	132.11296834163798
2019	3	9	0	0	115.126330628503
2019	3	10	0	0	53.3280951621544
2019	3	11	0	0	75.4862895298135
2019	3	12	0	0	81.0787155608316
2019	3	13	0	0	37.9137941838597
2019	3	14	0	0	53.8747575446723
2019	3	15	0	0	186.918499064631
2019	3	16	0	0	102.704550368759
2019	3	17	0	0	96.4454594091021
2019	3	18	0	0	80.18265396433709
2019	3	19	0	0	90.584380545621
2019	3	20	0	0	95.8787557123474
2019	3	21	0	0	83.6378721887715
2019	3	22	0	0	75.6595210148124
2019	3	23	0	0	73.96842957966899
2019	3	24	0	0	91.976292810206
2019	3	25	0	0	85.5274038192796
2019	3	26	0	0	121.99987903208
2019	3	27	0	0	198.69388842497895
2019	3	28	0	0	105.673501813907
2019	3	29	0	0	143.074716127979
2019	3	30	0	0	95.80190252129351
2019	3	31	0	0	50.166123529825896
2019	4	1	0	0	212.220283249127
2019	4	2	0	0	221.265248934852
2019	4	3	0	0	235.51565791513
2019	4	4	0	0	237.343204492268
2019	4	5	0	0	225.331750735872
2019	4	6	0	0	226.819507525905
2019	4	7	0	0	192.73134001293
2019	4	8	0	0	116.342404847745
2019	4	9	0	0	204.896211951409
2019	4	10	0	0	230.476828400802
2019	4	11	0	0	104.529909339776
2019	4	12	0	0	120.283445953954
2019	4	13	0	0	102.236323969303
2019	4	14	0	0	250.653334186252
2019	4	15	0	0	164.877229128788
2019	4	16	0	0	232.598819978278
2019	4	17	0	0	133.91295781785
2019	4	18	0	0	170.738933615254
2019	4	19	0	0	173.803433249016
2019	4	20	0	0	206.189651274608
2019	4	21	0	0	281.443556596894
2019	4	22	0	0	289.42039620907
2019	4	23	0	0	288.034301133886
2019	4	24	0	0	294.451822785051
2019	4	25	0	0	277.513925956276
2019	4	26	0	0	296.972947298999
2019	4	27	0	0	251.17051890695
2019	4	28	0	0	276.744108157256
2019	4	29	0	0	242.73465817346096
2019	4	30	0	0	295.441994702747
2019	5	1	0	0	276.59152332343604
2019	5	2	0	0	273.063464833862
2019	5	3	0	0	285.538294653535
2019	5	4	0	0	210.52410943879
2019	5	5	0	0	295.53647016337004
2019	5	6	0	0	289.37962276081697
2019	5	7	0	0	180.886562544241
2019	5	8	0	0	105.178913887312
2019	5	9	0	0	112.041454675744
2019	5	10	0	0	295.734076196736
2019	5	11	0	0	218.860956956266
2019	5	12	0	0	172.011988260288
2019	5	13	0	0	122.583294828167
2019	5	14	0	0	114.636881063824
2019	5	15	0	0	114.174262834305
2019	5	16	0	0	175.17014220220003
2019	5	17	0	0	202.799417006157
2019	5	18	0	0	194.645508395953
2019	5	19	0	0	181.477396529597
2019	5	20	0	0	161.166275807902
2019	5	21	0	0	152.852259732647
2019	5	22	0	0	167.518438812962
2019	5	23	0	0	116.594350865161
2019	5	24	0	0	136.252459145904
2019	5	25	0	0	122.079161625119
2019	5	26	0	0	277.73213843737005
2019	5	27	0	0	123.274668343491
2019	5	28	0	0	212.891766459154
2019	5	29	0	0	319.17709820742
2019	5	30	0	0	292.08257867189496
2019	5	31	0	0	126.106690515209
2019	6	1	0	0	170.40599457562598
2019	6	2	0	0	297.152508581786
2019	6	3	0	0	143.444347981488
2019	6	4	0	0	172.606533377141
2019	6	5	0	0	233.1049256919
2019	6	6	0	0	315.214560268279
2019	6	7	0	0	326.906593556053
2019	6	8	0	0	329.625093628738
2019	6	9	0	0	315.90485064369096
2019	6	10	0	0	328.347260993978
2019	6	11	0	0	142.560819003555
2019	6	12	0	0	124.307628869369
2019	6	13	0	0	267.478267374019
2019	6	14	0	0	165.932981441404
2019	6	15	0	0	169.64627444322
2019	6	16	0	0	197.52235893866
2019	6	17	0	0	108.593248497449
2019	6	18	0	0	235.09306272197605
2019	6	19	0	0	258.72325748809203
2019	6	20	0	0	129.937843290664
2019	6	21	0	0	295.233821526245
2019	6	22	0	0	249.534606800987
2019	6	23	0	0	282.75086879286704
2019	6	24	0	0	222.588558307512
2019	6	25	0	0	147.76377347763798
2019	6	26	0	0	136.51178855752198
2019	6	27	0	0	87.6869501725027
2019	6	28	0	0	242.835242137206
2019	6	29	0	0	314.710433755492
2019	6	30	0	0	334.943133162412
2019	7	1	0	0	293.169582888735
2019	7	2	0	0	99.773773182618
2019	7	3	0	0	101.036754231391
2019	7	4	0	0	102.025084573433
2019	7	5	0	0	95.8992976913038
2019	7	6	0	0	108.512395885321
2019	7	7	0	0	136.86320898169902
2019	7	8	0	0	97.0742560617236
2019	7	9	0	0	291.419450360437
2019	7	10	0	0	210.263975828784
2019	7	11	0	0	229.382400984183
2019	7	12	0	0	262.885364172252
2019	7	13	0	0	229.63398323718
2019	7	14	0	0	185.891956070887
2019	7	15	0	0	231.21091486407505
2019	7	16	0	0	259.546239361195
2019	7	17	0	0	303.475691805197
2019	7	18	0	0	190.800578578083
2019	7	19	0	0	123.424150559046
2019	7	20	0	0	171.330078982558
2019	7	21	0	0	200.903272745511
2019	7	22	0	0	199.53571002716
2019	7	23	0	0	181.087149584505
2019	7	24	0	0	196.284605276796
2019	7	25	0	0	214.864610944202
2019	7	26	0	0	315.674372247109
2019	7	27	0	0	91.985358599853
2019	7	28	0	0	197.65010371724
2019	7	29	0	0	195.90140629436695
2019	7	30	0	0	250.293440274869
2019	7	31	0	0	106.799358548711
2019	8	1	0	0	258.256179330739
2019	8	2	0	0	144.020758482131
2019	8	3	0	0	170.804964372348
2019	8	4	0	0	116.119744305104
2019	8	5	0	0	224.80925015308895
2019	8	6	0	0	230.03773285622
2019	8	7	0	0	215.247064462082
2019	8	8	0	0	163.472911648144
2019	8	9	0	0	118.516134867642
2019	8	10	0	0	233.355658431502
2019	8	11	0	0	225.27971612079105
2019	8	12	0	0	124.320432624992
2019	8	13	0	0	92.4707121814095
2019	8	14	0	0	96.8463096001288
2019	8	15	0	0	107.899290486624
2019	8	16	0	0	141.497405639954
2019	8	17	0	0	139.624661689794
2019	8	18	0	0	245.400699842757
2019	8	19	0	0	131.788254640248
2019	8	20	0	0	201.846942877056
2019	8	21	0	0	189.329507088969
2019	8	22	0	0	170.871579945886
2019	8	23	0	0	190.704805423213
2019	8	24	0	0	107.953069249098
2019	8	25	0	0	109.083364187971
2019	8	26	0	0	109.695675095171
2019	8	27	0	0	131.406227886441
2019	8	28	0	0	95.622260008636
2019	8	29	0	0	89.11122082206529
2019	8	30	0	0	92.7766994929587
2019	8	31	0	0	104.092402457822
2019	9	1	0	0	122.558772958082
2019	9	2	0	0	92.7073856254824
2019	9	3	0	0	93.4305950361248
2019	9	4	0	0	54.2451121875505
2019	9	5	0	0	35.9723050190897
2019	9	6	0	0	165.790261656203
2019	9	7	0	0	51.8317107654309
2019	9	8	0	0	63.72526453817721
2019	9	9	0	0	162.227649746051
2019	9	10	0	0	216.558618471686
2019	9	11	0	0	210.51735604411095
2019	9	12	0	0	83.5419712538165
2019	9	13	0	0	182.49652541664
2019	9	14	0	0	72.8468907888596
2019	9	15	0	0	178.063464554599
2019	9	16	0	0	182.806883580565
2019	9	17	0	0	109.708957557043
2019	9	18	0	0	63.5284912377493
2019	9	19	0	0	47.7782037706021
2019	9	20	0	0	77.9552767914836
2019	9	21	0	0	71.80381339070141
2019	9	22	0	0	121.396078036979
2019	9	23	0	0	166.38325159226298
2019	9	24	0	0	128.523337805996
2019	9	25	0	0	61.460285781280405
2019	9	26	0	0	84.9005867680824
2019	9	27	0	0	52.9924053869008
2019	9	28	0	0	62.596610873531
2019	9	29	0	0	109.684697052355
2019	9	30	0	0	148.83593856865
2019	10	1	0	0	146.254425374695
2019	10	2	0	0	136.283298121545
2019	10	3	0	0	102.978468810054
2019	10	4	0	0	81.9122759202387
2019	10	5	0	0	74.887036907525
2019	10	6	0	0	90.79131105000393
2019	10	7	0	0	99.05598268876209
2019	10	8	0	0	112.071526034757
2019	10	9	0	0	94.9012273501402
2019	10	10	0	0	88.4371282351314
2019	10	11	0	0	91.02363346971268
2019	10	12	0	0	101.284797986606
2019	10	13	0	0	98.9759446305288
2019	10	14	0	0	113.683463438661
2019	10	15	0	0	111.214172728798
2019	10	16	0	0	112.325523074911
2019	10	17	0	0	112.928119617803
2019	10	18	0	0	113.712649668205
2019	10	19	0	0	106.851343376927
2019	10	20	0	0	102.435759639553
2019	10	21	0	0	92.7979317338114
2019	10	22	0	0	44.9225198757894
2019	10	23	0	0	70.9913899852303
2019	10	24	0	0	102.294895069231
2019	10	25	0	0	61.4091746501653
2019	10	26	0	0	43.9576953795932
2019	10	27	0	0	83.2461471243568
2019	10	28	0	0	90.8206011973326
2019	10	29	0	0	95.7000684149556
2019	10	30	0	0	92.997656967596
2019	10	31	0	0	70.7105183165385
2019	11	1	0	0	50.6013848025817
2019	11	2	0	0	33.9815962655095
2019	11	3	0	0	57.6404026891444
2019	11	4	0	0	74.3349389211716
2019	11	5	0	0	24.1861203711902
2019	11	6	0	0	85.46307183891359
2019	11	7	0	0	75.4154144428603
2019	11	8	0	0	58.54803093565421
2019	11	9	0	0	28.2630468448381
2019	11	10	0	0	14.5885364469134
2019	11	11	0	0	42.712382467576205
2019	11	12	0	0	26.1709709007509
2019	11	13	0	0	62.488616169398405
2019	11	14	0	0	61.7378667981907
2019	11	15	0	0	55.5496986801348
2019	11	16	0	0	20.5805628276391
2019	11	17	0	0	60.72724660645471
2019	11	18	0	0	56.4407714965205
2019	11	19	0	0	53.97218919341989
2019	11	20	0	0	50.7135885282841
2019	11	21	0	0	21.798645231057
2019	11	22	0	0	24.1954520610738
2019	11	23	0	0	38.7569792212065
2019	11	24	0	0	25.0945763714075
2019	11	25	0	0	41.7727983939489
2019	11	26	0	0	32.0742441554182
2019	11	27	0	0	42.54647579009821
2019	11	28	0	0	19.788072972814
2019	11	29	0	0	34.3959194882114
2019	11	30	0	0	31.6237326509865
2019	12	1	0	0	22.9642908404378
2019	12	2	0	0	18.681270754293
2019	12	3	0	0	23.935720186487305
2019	12	4	0	0	20.3769957638513
2019	12	5	0	0	46.3598289471502
2019	12	6	0	0	44.477344639737794
2019	12	7	0	0	44.9606094521496
2019	12	8	0	0	43.6793249871955
2019	12	9	0	0	44.364872383305794
2019	12	10	0	0	43.064483798394
2019	12	11	0	0	42.5164719130982
2019	12	12	0	0	20.361015736173695
2019	12	13	0	0	37.173895004637
2019	12	14	0	0	27.2241080788267
2019	12	15	0	0	40.198475101437104
2019	12	16	0	0	35.473708862462104
2019	12	17	0	0	24.5525956162144
2019	12	18	0	0	27.1517820008164
2019	12	19	0	0	36.075344336514
2019	12	20	0	0	37.5241794653604
2019	12	21	0	0	35.945504133693
2019	12	22	0	0	35.948509909250795
2019	12	23	0	0	25.521302410017
2019	12	24	0	0	32.698238577351
2019	12	25	0	0	38.141099840639896
2019	12	26	0	0	34.2013390110106
2019	12	27	0	0	28.9613332387418
2019	12	28	0	0	36.2183372763164
2019	12	29	0	0	19.6778621278294
2019	12	30	0	0	21.7656020426725
2019	12	31	0	0	33.3824221291681
2020	1	1	0	0	40.116798347455
2020	1	2	0	0	14.978981569573698
2020	1	3	0	0	18.7457707634538
2020	1	4	0	0	40.555282947575
2020	1	5	0	0	35.6764911354663
2020	1	6	0	0	37.233877523075705
2020	1	7	0	0	21.1660983417557
2020	1	8	0	0	23.483134364904497
2020	1	9	0	0	21.2208951909916
2020	1	10	0	0	21.1563367826694
2020	1	11	0	0	18.919350083424
2020	1	12	0	0	18.8790867678616
2020	1	13	0	0	35.610014187301104
2020	1	14	0	0	23.4568424573888
2020	1	15	0	0	50.9903032665625
2020	1	16	0	0	47.5125648256629
2020	1	17	0	0	24.277105159060103
2020	1	18	0	0	19.0920090742844
2020	1	19	0	0	26.3482692492866
2020	1	20	0	0	47.7397060719718
2020	1	21	0	0	54.342527322776
2020	1	22	0	0	57.0314007855999
2020	1	23	0	0	60.54577691748221
2020	1	24	0	0	67.7519717435085
2020	1	25	0	0	67.4332111834333
2020	1	26	0	0	52.5271846232076
2020	1	27	0	0	56.132008773057606
2020	1	28	0	0	57.3582700881738
2020	1	29	0	0	31.8312587106918
2020	1	30	0	0	36.3200144603325
2020	1	31	0	0	32.4880811313012
2020	2	1	0	0	78.36891555817951
2020	2	2	0	0	33.93164404232
2020	2	3	0	0	33.342958075987504
2020	2	4	0	0	43.34814492467829
2020	2	5	0	0	46.02287579629071
2020	2	6	0	0	18.4480894943564
2020	2	7	0	0	74.0707533705375
2020	2	8	0	0	75.1503381003993
2020	2	9	0	0	33.9630980199644
2020	2	10	0	0	101.058424297274
2020	2	11	0	0	94.63876258872558
2020	2	12	0	0	98.591454061181
2020	2	13	0	0	86.3020683912646
2020	2	14	0	0	78.5507413005997
2020	2	15	0	0	76.38122316392071
2020	2	16	0	0	67.77416885783421
2020	2	17	0	0	101.63035569621
2020	2	18	0	0	41.2637079872944
2020	2	19	0	0	59.7393833777993
2020	2	20	0	0	128.096249983785
2020	2	21	0	0	44.4350856933894
2020	2	22	0	0	122.856635907032
2020	2	23	0	0	119.909692647873
2020	2	24	0	0	59.6086763735902
2020	2	25	0	0	123.290964978287
2020	2	26	0	0	126.605825029571
2020	2	27	0	0	137.61709526706002
2020	2	28	0	0	121.464582059914
2020	2	29	0	0	103.77341053897845
2020	3	1	0	0	86.08223901804291
2020	3	2	0	0	56.4479492317334
2020	3	3	0	0	132.478368073532
2020	3	4	0	0	65.932828641806
2020	3	5	0	0	73.08945688911429
2020	3	6	0	0	54.7286910307879
2020	3	7	0	0	53.8061828016086
2020	3	8	0	0	55.37810013236779
2020	3	9	0	0	75.7160207325839
2020	3	10	0	0	116.324193130053
2020	3	11	0	0	69.9638669588015
2020	3	12	0	0	98.8296675122088
2020	3	13	0	0	101.884031021763
2020	3	14	0	0	92.4626830675078
2020	3	15	0	0	85.91864956014558
2020	3	16	0	0	105.417099841782
2020	3	17	0	0	84.5777437298842
2020	3	18	0	0	98.9931461745204
2020	3	19	0	0	199.832546930923
2020	3	20	0	0	197.12563672252105
2020	3	21	0	0	204.57717088792305
2020	3	22	0	0	92.31086767167558
2020	3	23	0	0	102.869983753993
2020	3	24	0	0	109.625548140219
2020	3	25	0	0	56.4493183112685
2020	3	26	0	0	128.817808710318
2020	3	27	0	0	185.570928070699
2020	3	28	0	0	120.965891145276
2020	3	29	0	0	115.53039354298
2020	3	30	0	0	104.217513549712
2020	3	31	0	0	51.6945627307215
2020	4	1	0	0	93.0585784743667
2020	4	2	0	0	93.3245193473675
2020	4	3	0	0	122.721960042969
2020	4	4	0	0	105.272378693666
2020	4	5	0	0	155.071053460032
2020	4	6	0	0	164.150399571617
2020	4	7	0	0	132.137870667955
2020	4	8	0	0	62.4650617371875
2020	4	9	0	0	194.09215033545505
2020	4	10	0	0	245.56252242896
2020	4	11	0	0	148.605026593786
2020	4	12	0	0	77.3982282494507
2020	4	13	0	0	77.7641130028588
2020	4	14	0	0	68.6880450640696
2020	4	15	0	0	80.42878558271629
2020	4	16	0	0	84.06072859074351
2020	4	17	0	0	144.53149755266
2020	4	18	0	0	234.58994636984
2020	4	19	0	0	246.99785997759105
2020	4	20	0	0	186.905379185605
2020	4	21	0	0	84.1294990069432
2020	4	22	0	0	172.68723798654202
2020	4	23	0	0	224.481638205838
2020	4	24	0	0	107.050597904037
2020	4	25	0	0	89.71519701593951
2020	4	26	0	0	211.28506385138303
2020	4	27	0	0	233.950502990934
2020	4	28	0	0	91.6120259949065
2020	4	29	0	0	103.996111948666
2020	4	30	0	0	271.858015694136
2020	5	1	0	0	289.56471481976104
2020	5	2	0	0	188.88568384151296
2020	5	3	0	0	237.297900917475
2020	5	4	0	0	210.53710192822
2020	5	5	0	0	249.75973588874697
2020	5	6	0	0	259.41383279973
2020	5	7	0	0	217.15051678733897
2020	5	8	0	0	149.093626149169
2020	5	9	0	0	86.3300689510031
2020	5	10	0	0	142.95779193035102
2020	5	11	0	0	291.73754129505903
2020	5	12	0	0	283.705687636247
2020	5	13	0	0	257.332554060652
2020	5	14	0	0	216.653436872056
2020	5	15	0	0	115.797099616781
2020	5	16	0	0	267.108051874108
2020	5	17	0	0	213.16170889481097
2020	5	18	0	0	234.868636671177
2020	5	19	0	0	213.844428523755
2020	5	20	0	0	307.448504147569
2020	5	21	0	0	269.631005670594
2020	5	22	0	0	150.042827593254
2020	5	23	0	0	134.98755359735398
2020	5	24	0	0	114.7327192009
2020	5	25	0	0	152.476148361507
2020	5	26	0	0	235.144972382436
2020	5	27	0	0	224.63985527920897
2020	5	28	0	0	187.784450885786
2020	5	29	0	0	321.197280021767
2020	5	30	0	0	299.93830529888
2020	5	31	0	0	155.062909324538
2020	6	1	0	0	167.95665606629402
2020	6	2	0	0	318.85346267010505
2020	6	3	0	0	234.760917258488
2020	6	4	0	0	186.19038098795104
2020	6	5	0	0	266.414794645377
2020	6	6	0	0	287.906453394597
2020	6	7	0	0	287.490245153535
2020	6	8	0	0	185.601692786926
2020	6	9	0	0	165.669166365852
2020	6	10	0	0	201.16505043201695
2020	6	11	0	0	307.815786742318
2020	6	12	0	0	315.454966915806
2020	6	13	0	0	236.032051732828
2020	6	14	0	0	140.61814549969
2020	6	15	0	0	130.633439096108
2020	6	16	0	0	215.742016750349
2020	6	17	0	0	237.589328008055
2020	6	18	0	0	192.433045245992
2020	6	19	0	0	215.549869380712
2020	6	20	0	0	244.72517777226005
2020	6	21	0	0	219.006531557487
2020	6	22	0	0	332.542822094387
2020	6	23	0	0	315.518911196089
2020	6	24	0	0	334.813420289095
2020	6	25	0	0	334.605805735083
2020	6	26	0	0	334.353784265962
2020	6	27	0	0	331.74818755923
2020	6	28	0	0	327.238921087692
2020	6	29	0	0	286.656401229125
2020	6	30	0	0	310.80243368568904
2020	7	1	0	0	311.895560868313
2020	7	2	0	0	333.448766892089
2020	7	3	0	0	222.571041119524
2020	7	4	0	0	178.701386833313
2020	7	5	0	0	173.979082556824
2020	7	6	0	0	125.876607822475
2020	7	7	0	0	126.249817347734
2020	7	8	0	0	181.466903293483
2020	7	9	0	0	101.90929554888
2020	7	10	0	0	220.507886232593
2020	7	11	0	0	296.61359669422296
2020	7	12	0	0	292.115953932184
2020	7	13	0	0	237.759000475868
2020	7	14	0	0	149.945795454453
2020	7	15	0	0	250.689949995631
2020	7	16	0	0	101.420377847169
2020	7	17	0	0	126.52417673738
2020	7	18	0	0	163.365327634613
2020	7	19	0	0	154.096102613008
2020	7	20	0	0	220.54536376867
2020	7	21	0	0	221.63862866228803
2020	7	22	0	0	313.36795324699904
2020	7	23	0	0	311.689990667803
2020	7	24	0	0	295.771773704966
2020	7	25	0	0	298.972371740645
2020	7	26	0	0	299.910815398917
2020	7	27	0	0	222.447948040967
2020	7	28	0	0	133.591646054009
2020	7	29	0	0	305.514216784183
2020	7	30	0	0	220.815291548196
2020	7	31	0	0	237.537702784228
2020	8	1	0	0	291.238439012831
2020	8	2	0	0	293.84303843741696
2020	8	3	0	0	292.721288333625
2020	8	4	0	0	302.095716407939
2020	8	5	0	0	287.447536844938
2020	8	6	0	0	285.491212369251
2020	8	7	0	0	277.178807483203
2020	8	8	0	0	277.184315242881
2020	8	9	0	0	136.092403039005
2020	8	10	0	0	65.33850871564
2020	8	11	0	0	91.8942866559853
2020	8	12	0	0	255.425688743734
2020	8	13	0	0	251.441797446963
2020	8	14	0	0	272.737802287347
2020	8	15	0	0	267.56614667995603
2020	8	16	0	0	270.74941532256
2020	8	17	0	0	274.172849830792
2020	8	18	0	0	276.067514002142
2020	8	19	0	0	222.662391732301
2020	8	20	0	0	267.284822179467
2020	8	21	0	0	199.317028766567
2020	8	22	0	0	163.724102426523
2020	8	23	0	0	68.987976184377
2020	8	24	0	0	250.438596495674
2020	8	25	0	0	259.813710251761
2020	8	26	0	0	262.02869459361403
2020	8	27	0	0	255.958422277285
2020	8	28	0	0	243.213639052861
2020	8	29	0	0	122.638592793286
2020	8	30	0	0	125.69735791903
2020	8	31	0	0	230.40534978897003
2020	9	1	0	0	211.980206208036
2020	9	2	0	0	232.889730927846
2020	9	3	0	0	221.060741925533
2020	9	4	0	0	219.069050269553
2020	9	5	0	0	201.339884272508
2020	9	6	0	0	181.636152917978
2020	9	7	0	0	212.101518503612
2020	9	8	0	0	225.124206560046
2020	9	9	0	0	224.713800042696
2020	9	10	0	0	221.62701116894695
2020	9	11	0	0	182.328237108783
2020	9	12	0	0	137.592612780426
2020	9	13	0	0	133.596647035681
2020	9	14	0	0	160.198435947833
2020	9	15	0	0	75.0737312059733
2020	9	16	0	0	105.884742276962
2020	9	17	0	0	120.594627226821
2020	9	18	0	0	143.28139969332702
2020	9	19	0	0	108.191313783671
2020	9	20	0	0	165.939541500681
2020	9	21	0	0	133.130901167094
2020	9	22	0	0	164.603958383279
2020	9	23	0	0	152.22485542763002
2020	9	24	0	0	66.73313093537679
2020	9	25	0	0	163.241118164949
2020	9	26	0	0	160.573132990648
2020	9	27	0	0	155.699179739247
2020	9	28	0	0	153.13486310332502
2020	9	29	0	0	155.687180874559
2020	9	30	0	0	154.64804931108
2020	10	1	0	0	141.50010550663902
2020	10	2	0	0	137.88370639764202
2020	10	3	0	0	136.87030364127898
2020	10	4	0	0	135.34602886359698
2020	10	5	0	0	136.924113654041
2020	10	6	0	0	137.49896852156
2020	10	7	0	0	128.356625429381
2020	10	8	0	0	122.991894694992
2020	10	9	0	0	74.689328883499
2020	10	10	0	0	127.833382464283
2020	10	11	0	0	125.627148611327
2020	10	12	0	0	79.7784095750819
2020	10	13	0	0	118.424858950672
2020	10	14	0	0	103.124378830371
2020	10	15	0	0	87.0086765505011
2020	10	16	0	0	108.857010527977
2020	10	17	0	0	97.4044320813415
2020	10	18	0	0	109.552648382923
2020	10	19	0	0	38.2197090100962
2020	10	20	0	0	64.30344378188771
2020	10	21	0	0	88.6980008960775
2020	10	22	0	0	67.390140785798
2020	10	23	0	0	59.2074717854154
2020	10	24	0	0	70.1771833432237
2020	10	25	0	0	22.7456643977485
2020	10	26	0	0	44.508896882194605
2020	10	27	0	0	48.985001969579706
2020	10	28	0	0	91.6142040356904
2020	10	29	0	0	55.0593537932838
2020	10	30	0	0	39.6302484138029
2020	10	31	0	0	54.7703134160739
2020	11	1	0	0	32.9744086366579
2020	11	2	0	0	74.30175701975429
2020	11	3	0	0	28.444415932894696
2020	11	4	0	0	61.612497795710496
2020	11	5	0	0	66.2428241229465
2020	11	6	0	0	42.265261095134704
2020	11	7	0	0	27.4155156657587
2020	11	8	0	0	28.375780257111
2020	11	9	0	0	37.2228112278701
2020	11	10	0	0	69.5205952967906
2020	11	11	0	0	51.32767735175611
2020	11	12	0	0	34.7825012029274
2020	11	13	0	0	66.4246923170984
2020	11	14	0	0	37.373849326635
2020	11	15	0	0	57.7952777568053
2020	11	16	0	0	52.7820031224322
2020	11	17	0	0	36.328251799845205
2020	11	18	0	0	51.3228016310488
2020	11	19	0	0	39.750039007926
2020	11	20	0	0	42.28552943232889
2020	11	21	0	0	50.9329733054478
2020	11	22	0	0	20.9865956470856
2020	11	23	0	0	54.9751847895128
2020	11	24	0	0	42.2693125653215
2020	11	25	0	0	22.6066372376534
2020	11	26	0	0	29.7914555002525
2020	11	27	0	0	50.3992916897225
2020	11	28	0	0	33.6885187669769
2020	11	29	0	0	37.23310271990071
2020	11	30	0	0	38.2838374717056
2020	12	1	0	0	21.3783554767868
2020	12	2	0	0	42.115961673783495
2020	12	3	0	0	48.0826091040275
2020	12	4	0	0	43.295738364266704
2020	12	5	0	0	43.7164503041994
2020	12	6	0	0	41.44075364970529
2020	12	7	0	0	29.4229179894553
2020	12	8	0	0	15.0372406270809
2020	12	9	0	0	42.8498094725857
2020	12	10	0	0	37.462586178991
2020	12	11	0	0	26.8982339743668
2020	12	12	0	0	24.980651025153303
2020	12	13	0	0	20.9463757213194
2020	12	14	0	0	32.7860843442283
2020	12	15	0	0	22.3733382408345
2020	12	16	0	0	24.7660387286236
2020	12	17	0	0	24.7774434187082
2020	12	18	0	0	27.8898935408705
2020	12	19	0	0	25.0280716476104
2020	12	20	0	0	20.4470690913781
2020	12	21	0	0	35.893639880304704
2020	12	22	0	0	21.3283295474391
2020	12	23	0	0	20.2445269100187
2020	12	24	0	0	33.734670044070704
2020	12	25	0	0	24.749671741599
2020	12	26	0	0	26.9391514152082
2020	12	27	0	0	25.594041244289304
2020	12	28	0	0	30.889442285678395
2020	12	29	0	0	23.8094269093007
2020	12	30	0	0	26.0468629925847
2020	12	31	0	0	26.9048222274376
2021	1	1	0	0	19.874073478983604
2021	1	2	0	0	18.7768915836369
2021	1	3	0	0	18.055877175896896
2021	1	4	0	0	26.1517163366318
2021	1	5	0	0	36.1529859512939
2021	1	6	0	0	33.6096501943619
2021	1	7	0	0	32.4044025624838
2021	1	8	0	0	46.5190432705954
2021	1	9	0	0	31.64632594024
2021	1	10	0	0	22.464719910015504
2021	1	11	0	0	49.2935818055596
2021	1	12	0	0	48.6874955882294
2021	1	13	0	0	47.6834811354653
2021	1	14	0	0	47.690191230726604
2021	1	15	0	0	13.6670078328525
2021	1	16	0	0	18.472007731664696
2021	1	17	0	0	23.4657106289948
2021	1	18	0	0	17.7258097414201
2021	1	19	0	0	34.6661213088549
2021	1	20	0	0	35.6197181653691
2021	1	21	0	0	39.8345312299485
2021	1	22	0	0	46.3955857514565
2021	1	23	0	0	23.4985094805628
2021	1	24	0	0	62.409889285829294
2021	1	25	0	0	26.196055661458804
2021	1	26	0	0	39.470211157667
2021	1	27	0	0	20.738255542308
2021	1	28	0	0	25.3082209674243
2021	1	29	0	0	33.0268327581987
2021	1	30	0	0	47.5118158108472
2021	1	31	0	0	66.7732200719646
2021	2	1	0	0	64.3174149981817
2021	2	2	0	0	38.9200108691042
2021	2	3	0	0	46.735883125047
2021	2	4	0	0	61.2224909393948
2021	2	5	0	0	55.9342889657738
2021	2	6	0	0	93.3623315733206
2021	2	7	0	0	74.88564982911191
2021	2	8	0	0	41.2723744561182
2021	2	9	0	0	98.6548951387665
2021	2	10	0	0	27.978175754889303
2021	2	11	0	0	31.421880866048895
2021	2	12	0	0	46.79009348614
2021	2	13	0	0	44.3866134297816
2021	2	14	0	0	81.05931203278149
2021	2	15	0	0	42.978208446911005
2021	2	16	0	0	23.181642294228897
2021	2	17	0	0	32.9272354010329
2021	2	18	0	0	45.4379957206154
2021	2	19	0	0	58.63339480147761
2021	2	20	0	0	46.7676863040453
2021	2	21	0	0	71.7808858991873
2021	2	22	0	0	33.4015806328033
2021	2	23	0	0	86.9728231175971
2021	2	24	0	0	55.7257340906816
2021	2	25	0	0	61.4469056094211
2021	2	26	0	0	91.1132899446373
2021	2	27	0	0	100.210122601883
2021	2	28	0	0	87.07047965443229
2021	3	1	0	0	122.488135187217
2021	3	2	0	0	165.239206599118
2021	3	3	0	0	83.9128760782256
2021	3	4	0	0	48.478761129712105
2021	3	5	0	0	93.6283476508837
2021	3	6	0	0	65.6565243458989
2021	3	7	0	0	56.4006115136496
2021	3	8	0	0	70.5531753648829
2021	3	9	0	0	140.216013974898
2021	3	10	0	0	170.0915805756
2021	3	11	0	0	132.987525626045
2021	3	12	0	0	60.1384697068276
2021	3	13	0	0	36.9321650419775
2021	3	14	0	0	71.0973948993069
2021	3	15	0	0	173.669338770784
2021	3	16	0	0	180.579719819752
2021	3	17	0	0	80.1319621207147
2021	3	18	0	0	70.9158180951573
2021	3	19	0	0	153.334600661721
2021	3	20	0	0	66.4006999598627
2021	3	21	0	0	113.205479136145
2021	3	22	0	0	118.269835668002
2021	3	23	0	0	75.7372814736251
2021	3	24	0	0	74.1301185316438
2021	3	25	0	0	72.8481029436455
2021	3	26	0	0	198.122796916306
2021	3	27	0	0	162.871450538581
2021	3	28	0	0	80.9478896294827
2021	3	29	0	0	101.537160210406
2021	3	30	0	0	120.237015197988
2021	3	31	0	0	174.81816737089198
2021	4	1	0	0	66.57931150425439
2021	4	2	0	0	72.72950672253941
2021	4	3	0	0	132.297309248202
2021	4	4	0	0	128.83650860588995
2021	4	5	0	0	183.614094497603
2021	4	6	0	0	185.768806517273
2021	4	7	0	0	119.22639130573
2021	4	8	0	0	89.1499916170367
2021	4	9	0	0	158.480123234844
2021	4	10	0	0	77.0420928309863
2021	4	11	0	0	97.44688057231647
2021	4	12	0	0	66.9159626732221
2021	4	13	0	0	251.74350862907104
2021	4	14	0	0	224.371973278382
2021	4	15	0	0	175.848712780495
2021	4	16	0	0	134.859519220574
2021	4	17	0	0	218.545075818748
2021	4	18	0	0	256.400521051174
2021	4	19	0	0	84.8674465366692
2021	4	20	0	0	68.1084029934717
2021	4	21	0	0	93.50351483674672
2021	4	22	0	0	185.341255592618
2021	4	23	0	0	132.262821765613
2021	4	24	0	0	205.127612872248
2021	4	25	0	0	112.602932108155
2021	4	26	0	0	104.672680417055
2021	4	27	0	0	88.7466486729263
2021	4	28	0	0	118.051328730263
2021	4	29	0	0	106.84597244065
2021	4	30	0	0	166.016525098161
2021	5	1	0	0	180.589431389901
2021	5	2	0	0	152.476510110126
2021	5	3	0	0	112.754919168014
2021	5	4	0	0	109.400181689269
2021	5	5	0	0	205.622608449686
2021	5	6	0	0	151.288172641161
2021	5	7	0	0	98.26390379936409
2021	5	8	0	0	171.407320246813
2021	5	9	0	0	242.92507296821
2021	5	10	0	0	117.441926294553
2021	5	11	0	0	209.433841389159
2021	5	12	0	0	117.434123107434
2021	5	13	0	0	168.0451714581
2021	5	14	0	0	124.365067288282
2021	5	15	0	0	149.473214649689
2021	5	16	0	0	203.681015065548
2021	5	17	0	0	229.422362932612
2021	5	18	0	0	259.462645567023
2021	5	19	0	0	170.399811058972
2021	5	20	0	0	232.052559905888
2021	5	21	0	0	176.96768071142503
2021	5	22	0	0	210.174612168101
2021	5	23	0	0	302.634535987349
2021	5	24	0	0	308.033163603258
2021	5	25	0	0	202.778176462397
2021	5	26	0	0	230.545871136143
2021	5	27	0	0	180.25195208832295
2021	5	28	0	0	265.76488606315
2021	5	29	0	0	147.125334849475
2021	5	30	0	0	127.576072160213
2021	5	31	0	0	101.567059837848
2021	6	1	0	0	162.05255916471398
2021	6	2	0	0	238.449931408265
2021	6	3	0	0	173.200437764743
2021	6	4	0	0	304.56919713499
2021	6	5	0	0	285.79816072595503
2021	6	6	0	0	233.87608125179295
2021	6	7	0	0	184.71799748153305
2021	6	8	0	0	119.300028428024
2021	6	9	0	0	242.086384892238
2021	6	10	0	0	329.941792498652
2021	6	11	0	0	320.303703912386
2021	6	12	0	0	245.101080369288
2021	6	13	0	0	94.4847568545283
2021	6	14	0	0	104.400054961386
2021	6	15	0	0	133.249856519529
2021	6	16	0	0	144.813080338973
2021	6	17	0	0	135.171094275984
2021	6	18	0	0	214.434130061095
2021	6	19	0	0	123.617839634101
2021	6	20	0	0	167.646957636728
2021	6	21	0	0	189.250209323718
2021	6	22	0	0	202.695161689971
2021	6	23	0	0	304.273112721462
2021	6	24	0	0	302.323873985952
2021	6	25	0	0	328.938936341405
2021	6	26	0	0	326.147546536177
2021	6	27	0	0	186.905397792075
2021	6	28	0	0	258.332241807356
2021	6	29	0	0	210.178883071821
2021	6	30	0	0	115.873643093601
2021	7	1	0	0	218.252906397408
2021	7	2	0	0	302.134036746357
2021	7	3	0	0	326.311385736643
2021	7	4	0	0	243.608268495474
2021	7	5	0	0	209.431349282946
2021	7	6	0	0	285.84338800827203
2021	7	7	0	0	173.85428178613603
2021	7	8	0	0	297.954720250268
2021	7	9	0	0	287.590603495828
2021	7	10	0	0	290.301418835528
2021	7	11	0	0	328.76980960319696
2021	7	12	0	0	317.679825270781
2021	7	13	0	0	321.33852676513
2021	7	14	0	0	320.147967433957
2021	7	15	0	0	318.308488894368
2021	7	16	0	0	319.883755700112
2021	7	17	0	0	316.297740319767
2021	7	18	0	0	222.327824037233
2021	7	19	0	0	165.19953512699
2021	7	20	0	0	272.097001691449
2021	7	21	0	0	314.8523465336869
2021	7	22	0	0	325.26959692128
2021	7	23	0	0	309.376890697658
2021	7	24	0	0	231.239736884646
2021	7	25	0	0	287.01925946730097
2021	7	26	0	0	174.916781610425
2021	7	27	0	0	231.864067043736
2021	7	28	0	0	264.140517774657
2021	7	29	0	0	304.490267150966
2021	7	30	0	0	309.594187311112
2021	7	31	0	0	228.877398523422
2021	8	1	0	0	131.656206486613
2021	8	2	0	0	123.205024698573
2021	8	3	0	0	230.037269789677
2021	8	4	0	0	139.91528663539
2021	8	5	0	0	271.401653469081
2021	8	6	0	0	277.799851117367
2021	8	7	0	0	278.487955622264
2021	8	8	0	0	227.651998261178
2021	8	9	0	0	169.183991559094
2021	8	10	0	0	183.727556215466
2021	8	11	0	0	220.942183033707
2021	8	12	0	0	195.76720944845903
2021	8	13	0	0	273.984258985821
2021	8	14	0	0	214.015211153792
2021	8	15	0	0	276.996438540443
2021	8	16	0	0	274.51821963821897
2021	8	17	0	0	280.813343254955
2021	8	18	0	0	280.077267259279
2021	8	19	0	0	282.911044280366
2021	8	20	0	0	154.169269347654
2021	8	21	0	0	152.846160127427
2021	8	22	0	0	209.979122436898
2021	8	23	0	0	126.842196030636
2021	8	24	0	0	139.92214633851
2021	8	25	0	0	197.801174137742
2021	8	26	0	0	197.357433382552
2021	8	27	0	0	109.984794328754
2021	8	28	0	0	114.250001632391
2021	8	29	0	0	180.170787273601
2021	8	30	0	0	138.636279334126
2021	8	31	0	0	235.211854591633
2021	9	1	0	0	218.113976112987
2021	9	2	0	0	219.38470501637295
2021	9	3	0	0	225.77605443782105
2021	9	4	0	0	171.491541440423
2021	9	5	0	0	183.80217471783905
2021	9	6	0	0	168.8389588611
2021	9	7	0	0	233.285312487986
2021	9	8	0	0	231.650941835548
2021	9	9	0	0	210.085340917814
2021	9	10	0	0	219.72323372336
2021	9	11	0	0	207.79781109752105
2021	9	12	0	0	210.95652692897
2021	9	13	0	0	208.567605069902
2021	9	14	0	0	200.856454531816
2021	9	15	0	0	202.084429865914
2021	9	16	0	0	157.559711401966
2021	9	17	0	0	190.148559204282
2021	9	18	0	0	184.656306470436
2021	9	19	0	0	160.185670414497
2021	9	20	0	0	120.632677656632
2021	9	21	0	0	141.504019727741
2021	9	22	0	0	121.168003565598
2021	9	23	0	0	130.389792435431
2021	9	24	0	0	146.616221786473
2021	9	25	0	0	39.2662680713361
2021	9	26	0	0	146.724606293688
2021	9	27	0	0	53.1069650571251
2021	9	28	0	0	152.134415623755
2021	9	29	0	0	142.557645574054
2021	9	30	0	0	124.512953615037
2021	10	1	0	0	101.515696031309
2021	10	2	0	0	49.1481773048168
2021	10	3	0	0	147.251611336623
2021	10	4	0	0	138.11197882680798
2021	10	5	0	0	84.7842526355711
2021	10	6	0	0	140.394580361908
2021	10	7	0	0	132.54083078882098
2021	10	8	0	0	127.976135493818
2021	10	9	0	0	115.126819219292
2021	10	10	0	0	121.959866313604
2021	10	11	0	0	18.6768157692066
2021	10	12	0	0	49.38703809192861
2021	10	13	0	0	20.2503498248273
2021	10	14	0	0	72.8660760003559
2021	10	15	0	0	89.1908796362063
2021	10	16	0	0	110.729853779754
2021	10	17	0	0	107.12943475567
2021	10	18	0	0	79.89969405893129
2021	10	19	0	0	102.312111189053
2021	10	20	0	0	87.8949306369158
2021	10	21	0	0	71.763883186856
2021	10	22	0	0	49.2262601512123
2021	10	23	0	0	79.1436567055769
2021	10	24	0	0	87.84051939739409
2021	10	25	0	0	90.9830521693812
2021	10	26	0	0	91.7350205856976
2021	10	27	0	0	89.41240434548028
2021	10	28	0	0	79.9806163402631
2021	10	29	0	0	65.784486119387
2021	10	30	0	0	72.957201651832
2021	10	31	0	0	72.9257766032753
2021	11	1	0	0	56.26616337557709
2021	11	2	0	0	22.5938414516694
2021	11	3	0	0	60.659621046079295
2021	11	4	0	0	30.254005199763306
2021	11	5	0	0	33.0311892571577
2021	11	6	0	0	59.1210082555118
2021	11	7	0	0	34.5798988403497
2021	11	8	0	0	67.7494702087815
2021	11	9	0	0	22.199142942673603
2021	11	10	0	0	27.3729301925232
2021	11	11	0	0	47.27223031270111
2021	11	12	0	0	24.2571201710307
2021	11	13	0	0	43.11197055023421
2021	11	14	0	0	37.618313697668704
2021	11	15	0	0	62.40508364771521
2021	11	16	0	0	39.2088367998246
2021	11	17	0	0	37.2376333045155
2021	11	18	0	0	54.8785666186316
2021	11	19	0	0	34.9595957397688
2021	11	20	0	0	33.171632706485894
2021	11	21	0	0	38.8338977830762
2021	11	22	0	0	47.6705908791183
2021	11	23	0	0	20.8609442974262
2021	11	24	0	0	17.3692859528543
2021	11	25	0	0	14.3565888459441
2021	11	26	0	0	25.115812261203494
2021	11	27	0	0	50.76210984565021
2021	11	28	0	0	47.4804095387194
2021	11	29	0	0	40.4834405133044
2021	11	30	0	0	24.1205112037117
2021	12	1	0	0	20.8947040620044
2021	12	2	0	0	19.9886596057117
2021	12	3	0	0	22.7963448434805
2021	12	4	0	0	25.8874501491864
2021	12	5	0	0	46.14657316834639
2021	12	6	0	0	45.2242286336216
2021	12	7	0	0	40.5209171127355
2021	12	8	0	0	19.1715934661728
2021	12	9	0	0	21.5628359755421
2021	12	10	0	0	34.0198861103403
2021	12	11	0	0	19.9813664091662
2021	12	12	0	0	24.7534743240528
2021	12	13	0	0	19.982561422922497
2021	12	14	0	0	24.7618594862018
2021	12	15	0	0	19.002775294806604
2021	12	16	0	0	26.8987846264467
2021	12	17	0	0	23.7850955983854
2021	12	18	0	0	21.013036604440103
2021	12	19	0	0	19.250338577470004
2021	12	20	0	0	12.3824126688479
2021	12	21	0	0	37.8459145391217
2021	12	22	0	0	33.749453778864606
2021	12	23	0	0	13.7143070505631
2021	12	24	0	0	21.9643766853135
2021	12	25	0	0	19.9706181049195
2021	12	26	0	0	25.882019208115697
2021	12	27	0	0	15.6998343632766
2021	12	28	0	0	21.0127214116499
2021	12	29	0	0	28.912608077353603
2021	12	30	0	0	15.957043409465
2021	12	31	0	0	17.9812691994482
