YYYY	MM	DD	hh	mm	PET	R_R0
2013	1	1	0	0	0.197033831	0
2013	1	2	0	0	0.235968975	0
2013	1	3	0	0	0.228636509	0
2013	1	4	0	0	0.102576133	0
2013	1	5	0	0	0.212754815	0
2013	1	6	0	0	0.071601067	0
2013	1	7	0	0	0.062975469	0
2013	1	8	0	0	0.391322297	0
2013	1	9	0	0	0.091685261	0
2013	1	10	0	0	0.088583329	0
2013	1	11	0	0	0.06073774	0
2013	1	12	0	0	0.36141117300000003	0
2013	1	13	0	0	0.085759319	0
2013	1	14	0	0	0.07075813	0
2013	1	15	0	0	0.177102376	0
2013	1	16	0	0	0.221802428	0
2013	1	17	0	0	0.15004631300000001	0
2013	1	18	0	0	0.290895429	0
2013	1	19	0	0	0.099473897	0
2013	1	20	0	0	0.140031154	0
2013	1	21	0	0	0.225516302	0
2013	1	22	0	0	0.209186929	0
2013	1	23	0	0	0.482198921	0
2013	1	24	0	0	0.050054538	0
2013	1	25	0	0	0.281046895	0
2013	1	26	0	0	0.392575296	0
2013	1	27	0	0	0.445839302	0
2013	1	28	0	0	0.271742857	0
2013	1	29	0	0	0.698748933	0
2013	1	30	0	0	0.890129041	0
2013	1	31	0	0	1.707766103	0
2013	2	1	0	0	0.25794470599999997	0
2013	2	2	0	0	0.385112609	0
2013	2	3	0	0	0.418423385	0
2013	2	4	0	0	0.398172477	0
2013	2	5	0	0	0.808557051	0
2013	2	6	0	0	0.316827806	0
2013	2	7	0	0	0.32887903100000004	0
2013	2	8	0	0	0.45658658100000005	0
2013	2	9	0	0	0.48230048000000003	0
2013	2	10	0	0	0.676963356	0
2013	2	11	0	0	0.292903778	0
2013	2	12	0	0	0.184689807	0
2013	2	13	0	0	0.478079623	0
2013	2	14	0	0	0.561152027	0
2013	2	15	0	0	0.29295778	0
2013	2	16	0	0	0.649476034	0
2013	2	17	0	0	0.324072181	0
2013	2	18	0	0	0.9615612889999999	0
2013	2	19	0	0	0.927758528	0
2013	2	20	0	0	0.342120353	0
2013	2	21	0	0	0.693158322	0
2013	2	22	0	0	0.455235927	0
2013	2	23	0	0	0.329005211	0
2013	2	24	0	0	0.505532436	0
2013	2	25	0	0	0.7114324049999999	0
2013	2	26	0	0	0.357249427	0
2013	2	27	0	0	0.030570352000000002	0
2013	2	28	0	0	0.217058137	0
2013	3	1	0	0	0.253788395	0
2013	3	2	0	0	0.162119796	0
2013	3	3	0	0	0.746423256	0
2013	3	4	0	0	0.800906896	0
2013	3	5	0	0	1.008565773	0
2013	3	6	0	0	1.084252669	0
2013	3	7	0	0	1.201276883	0
2013	3	8	0	0	1.276241086	0
2013	3	9	0	0	1.304838714	0
2013	3	10	0	0	1.116178218	0
2013	3	11	0	0	0.516122128	0
2013	3	12	0	0	0.8668389169999999	0
2013	3	13	0	0	0.264144614	0
2013	3	14	0	0	0.931107449	0
2013	3	15	0	0	1.052717412	0
2013	3	16	0	0	1.352089556	0
2013	3	17	0	0	0.43382867599999997	0
2013	3	18	0	0	0.394923274	0
2013	3	19	0	0	1.448146191	0
2013	3	20	0	0	0.897102871	0
2013	3	21	0	0	1.1996466	0
2013	3	22	0	0	2.141253461	0
2013	3	23	0	0	0.888709013	0
2013	3	24	0	0	0.70590655	0
2013	3	25	0	0	0.31817337900000003	0
2013	3	26	0	0	0.589907129	0
2013	3	27	0	0	1.034595778	0
2013	3	28	0	0	0.19688724700000002	0
2013	3	29	0	0	0.461245981	0
2013	3	30	0	0	0.234188309	0
2013	3	31	0	0	0.41090093600000005	0
2013	4	1	0	0	1.626940871	0
2013	4	2	0	0	0.640477724	0
2013	4	3	0	0	0.723237989	0
2013	4	4	0	0	1.353100308	0
2013	4	5	0	0	0.280270833	0
2013	4	6	0	0	1.178783022	0
2013	4	7	0	0	0.91291118	0
2013	4	8	0	0	0.734415002	0
2013	4	9	0	0	0.953054453	0
2013	4	10	0	0	2.147875973	0
2013	4	11	0	0	1.26090502	0
2013	4	12	0	0	1.915505146	0
2013	4	13	0	0	2.380842253	0
2013	4	14	0	0	3.318962741	0
2013	4	15	0	0	3.750235679	0
2013	4	16	0	0	2.938912828	0
2013	4	17	0	0	3.359940898	0
2013	4	18	0	0	3.725500967	0
2013	4	19	0	0	0.188264643	0
2013	4	20	0	0	0.20598283	0
2013	4	21	0	0	0.398210586	0
2013	4	22	0	0	0.755796071	0
2013	4	23	0	0	2.134063934	0
2013	4	24	0	0	3.553043247	0
2013	4	25	0	0	3.763269701	0
2013	4	26	0	0	2.866991589	0
2013	4	27	0	0	0.465941579	0
2013	4	28	0	0	1.432769538	0
2013	4	29	0	0	0.657991474	0
2013	4	30	0	0	0.49916546	0
2013	5	1	0	0	2.47937304	0
2013	5	2	0	0	2.219430402	0
2013	5	3	0	0	0.711902656	0
2013	5	4	0	0	1.303662311	0
2013	5	5	0	0	3.192325154	0
2013	5	6	0	0	2.588518046	0
2013	5	7	0	0	3.018680385	0
2013	5	8	0	0	4.160392039	0
2013	5	9	0	0	1.821768234	0
2013	5	10	0	0	0.987954997	0
2013	5	11	0	0	1.122498416	0
2013	5	12	0	0	2.177388359	0
2013	5	13	0	0	1.96540651	0
2013	5	14	0	0	3.587785794	0
2013	5	15	0	0	2.303336629	0
2013	5	16	0	0	1.377218138	0
2013	5	17	0	0	1.246129744	0
2013	5	18	0	0	3.961155755	0
2013	5	19	0	0	2.46268157	0
2013	5	20	0	0	3.365487358	0
2013	5	21	0	0	0.972435776	0
2013	5	22	0	0	0.574796431	0
2013	5	23	0	0	1.828227333	0
2013	5	24	0	0	1.147183444	0
2013	5	25	0	0	1.518697897	0
2013	5	26	0	0	1.575804591	0
2013	5	27	0	0	3.460985392	0
2013	5	28	0	0	3.245838122	0
2013	5	29	0	0	1.581885224	0
2013	5	30	0	0	1.6850844059999999	0
2013	5	31	0	0	0.367680665	0
2013	6	1	0	0	0.47231634100000003	0
2013	6	2	0	0	1.7309488450000001	0
2013	6	3	0	0	2.257829348	0
2013	6	4	0	0	2.9338208089999998	0
2013	6	5	0	0	4.551112052	0
2013	6	6	0	0	4.906912796	0
2013	6	7	0	0	4.387024594	0
2013	6	8	0	0	4.652825477	0
2013	6	9	0	0	2.908532764	0
2013	6	10	0	0	1.601371758	0
2013	6	11	0	0	2.0124681349999998	0
2013	6	12	0	0	4.053613662	0
2013	6	13	0	0	5.171343708	0
2013	6	14	0	0	1.493049772	0
2013	6	15	0	0	4.3122946419999995	0
2013	6	16	0	0	4.414320984	0
2013	6	17	0	0	5.292805235	0
2013	6	18	0	0	5.589837517	0
2013	6	19	0	0	3.528807279	0
2013	6	20	0	0	2.243755985	0
2013	6	21	0	0	3.179901669	0
2013	6	22	0	0	2.920121776	0
2013	6	23	0	0	1.03414301	0
2013	6	24	0	0	1.925320678	0
2013	6	25	0	0	2.420000878	0
2013	6	26	0	0	3.097633066	0
2013	6	27	0	0	1.938632792	0
2013	6	28	0	0	2.929184581	0
2013	6	29	0	0	0.683993538	0
2013	6	30	0	0	3.64976523	0
2013	7	1	0	0	4.516500599	0
2013	7	2	0	0	4.160767765	0
2013	7	3	0	0	0.506064701	0
2013	7	4	0	0	2.745846591	0
2013	7	5	0	0	2.841566776	0
2013	7	6	0	0	4.433602208	0
2013	7	7	0	0	3.892819629	0
2013	7	8	0	0	4.376939679	0
2013	7	9	0	0	4.325556615	0
2013	7	10	0	0	4.731474067	0
2013	7	11	0	0	4.196057008	0
2013	7	12	0	0	4.512645036	0
2013	7	13	0	0	4.275748347	0
2013	7	14	0	0	4.54632801	0
2013	7	15	0	0	4.675633862	0
2013	7	16	0	0	4.789792348	0
2013	7	17	0	0	2.639728451	0
2013	7	18	0	0	4.287327543	0
2013	7	19	0	0	4.403048608	0
2013	7	20	0	0	4.580892264	0
2013	7	21	0	0	4.597174972	0
2013	7	22	0	0	4.71531087	0
2013	7	23	0	0	4.628068377	0
2013	7	24	0	0	2.681636231	0
2013	7	25	0	0	3.986563168	0
2013	7	26	0	0	4.538029274	0
2013	7	27	0	0	4.66538949	0
2013	7	28	0	0	4.031015629	0
2013	7	29	0	0	0.46614429500000004	0
2013	7	30	0	0	3.60708068	0
2013	7	31	0	0	4.312713517	0
2013	8	1	0	0	4.541712335	0
2013	8	2	0	0	4.659472003	0
2013	8	3	0	0	3.584619769	0
2013	8	4	0	0	3.0448500000000003	0
2013	8	5	0	0	4.088407171	0
2013	8	6	0	0	3.920885568	0
2013	8	7	0	0	2.220674162	0
2013	8	8	0	0	0.559792644	0
2013	8	9	0	0	0.653382641	0
2013	8	10	0	0	3.845992445	0
2013	8	11	0	0	3.655089981	0
2013	8	12	0	0	3.848510146	0
2013	8	13	0	0	2.9932594999999997	0
2013	8	14	0	0	3.294833292	0
2013	8	15	0	0	3.684641868	0
2013	8	16	0	0	3.919764331	0
2013	8	17	0	0	3.833711864	0
2013	8	18	0	0	3.777437703	0
2013	8	19	0	0	1.489853775	0
2013	8	20	0	0	3.716705973	0
2013	8	21	0	0	3.325351077	0
2013	8	22	0	0	3.469412458	0
2013	8	23	0	0	3.258511956	0
2013	8	24	0	0	0.92697638	0
2013	8	25	0	0	2.238985762	0
2013	8	26	0	0	2.532147093	0
2013	8	27	0	0	0.887881423	0
2013	8	28	0	0	0.874185342	0
2013	8	29	0	0	2.828305496	0
2013	8	30	0	0	3.105749268	0
2013	8	31	0	0	3.074501764	0
2013	9	1	0	0	2.258137293	0
2013	9	2	0	0	3.05577503	0
2013	9	3	0	0	3.386412403	0
2013	9	4	0	0	3.093858972	0
2013	9	5	0	0	2.999812637	0
2013	9	6	0	0	3.091156715	0
2013	9	7	0	0	2.87985164	0
2013	9	8	0	0	0.605138169	0
2013	9	9	0	0	2.363557125	0
2013	9	10	0	0	0.8154090860000001	0
2013	9	11	0	0	1.3134417250000001	0
2013	9	12	0	0	0.8125292	0
2013	9	13	0	0	2.217349144	0
2013	9	14	0	0	1.513372965	0
2013	9	15	0	0	1.0571495260000001	0
2013	9	16	0	0	0.445840922	0
2013	9	17	0	0	1.752544075	0
2013	9	18	0	0	1.314017844	0
2013	9	19	0	0	1.252156824	0
2013	9	20	0	0	1.196805361	0
2013	9	21	0	0	2.110704403	0
2013	9	22	0	0	1.5676102140000001	0
2013	9	23	0	0	2.113412826	0
2013	9	24	0	0	1.3975235639999999	0
2013	9	25	0	0	2.136570814	0
2013	9	26	0	0	0.960541012	0
2013	9	27	0	0	1.577184294	0
2013	9	28	0	0	0.5930728160000001	0
2013	9	29	0	0	0.216061589	0
2013	9	30	0	0	0.394931829	0
2013	10	1	0	0	0.500974133	0
2013	10	2	0	0	0.703102667	0
2013	10	3	0	0	0.824103702	0
2013	10	4	0	0	0.599058737	0
2013	10	5	0	0	1.115706048	0
2013	10	6	0	0	0.5377997369999999	0
2013	10	7	0	0	0.206580214	0
2013	10	8	0	0	0.221593288	0
2013	10	9	0	0	0.450169371	0
2013	10	10	0	0	0.128070882	0
2013	10	11	0	0	0.563190696	0
2013	10	12	0	0	0.806986912	0
2013	10	13	0	0	1.13240134	0
2013	10	14	0	0	0.595351791	0
2013	10	15	0	0	1.070073573	0
2013	10	16	0	0	1.115303836	0
2013	10	17	0	0	1.3504092170000002	0
2013	10	18	0	0	1.002796326	0
2013	10	19	0	0	1.061918089	0
2013	10	20	0	0	0.362641779	0
2013	10	21	0	0	0.819635749	0
2013	10	22	0	0	0.758274068	0
2013	10	23	0	0	0.183320111	0
2013	10	24	0	0	0.609715599	0
2013	10	25	0	0	0.673585837	0
2013	10	26	0	0	0.98497385	0
2013	10	27	0	0	0.867102576	0
2013	10	28	0	0	2.243130886	0
2013	10	29	0	0	0.540062597	0
2013	10	30	0	0	0.652606596	0
2013	10	31	0	0	0.28024959899999996	0
2013	11	1	0	0	0.230854441	0
2013	11	2	0	0	1.028901342	0
2013	11	3	0	0	0.616064426	0
2013	11	4	0	0	0.391472539	0
2013	11	5	0	0	0.701453861	0
2013	11	6	0	0	0.855417308	0
2013	11	7	0	0	1.650735794	0
2013	11	8	0	0	0.8504405030000001	0
2013	11	9	0	0	0.514298447	0
2013	11	10	0	0	0.247597204	0
2013	11	11	0	0	0.48383812	0
2013	11	12	0	0	0.143812608	0
2013	11	13	0	0	0.297275467	0
2013	11	14	0	0	0.10955084000000001	0
2013	11	15	0	0	0.376524826	0
2013	11	16	0	0	0.11477227799999999	0
2013	11	17	0	0	0.040283715	0
2013	11	18	0	0	0.061903545	0
2013	11	19	0	0	0.013537691000000001	0
2013	11	20	0	0	0.082409457	0
2013	11	21	0	0	0.012386717	0
2013	11	22	0	0	0.155994373	0
2013	11	23	0	0	0.001228383	0
2013	11	24	0	0	0.024762183	0
2013	11	25	0	0	0.618059366	0
2013	11	26	0	0	0.236656403	0
2013	11	27	0	0	0.519204029	0
2013	11	28	0	0	0.09324785499999999	0
2013	11	29	0	0	0.364041809	0
2013	11	30	0	0	0.199349517	0
2013	12	1	0	0	0.371421561	0
2013	12	2	0	0	0.56210965	0
2013	12	3	0	0	0.089250863	0
2013	12	4	0	0	0.443103367	0
2013	12	5	0	0	0.436826178	0
2013	12	6	0	0	0.622921672	0
2013	12	7	0	0	0.558222123	0
2013	12	8	0	0	0.365630855	0
2013	12	9	0	0	0.359303447	0
2013	12	10	0	0	0.345611325	0
2013	12	11	0	0	0.101407124	0
2013	12	12	0	0	0.024221577	0
2013	12	13	0	0	0.065887592	0
2013	12	14	0	0	0.006258534	0
2013	12	15	0	0	0.061496524	0
2013	12	16	0	0	0.281243282	0
2013	12	17	0	0	0.29087994500000003	0
2013	12	18	0	0	0.209249257	0
2013	12	19	0	0	0.059908255	0
2013	12	20	0	0	0.07303077399999999	0
2013	12	21	0	0	0.17130088100000002	0
2013	12	22	0	0	0.413368929	0
2013	12	23	0	0	0.789176186	0
2013	12	24	0	0	0.345006891	0
2013	12	25	0	0	0.106724947	0
2013	12	26	0	0	0.001004677	0
2013	12	27	0	0	0.268825872	0
2013	12	28	0	0	0.220309438	0
2013	12	29	0	0	0.28031283	0
2013	12	30	0	0	0.10130484499999999	0
2013	12	31	0	0	0.261892481	0
2014	1	1	0	0	0.319838728	0
2014	1	2	0	0	0.145197438	0
2014	1	3	0	0	0.280178314	0
2014	1	4	0	0	0.003974359	0
2014	1	5	0	0	0.332890458	0
2014	1	6	0	0	0.417994835	0
2014	1	7	0	0	0.606699016	0
2014	1	8	0	0	0.346108328	0
2014	1	9	0	0	0.819027575	0
2014	1	10	0	0	0.145522247	0
2014	1	11	0	0	0.162891593	0
2014	1	12	0	0	0.220173086	0
2014	1	13	0	0	0.129776412	0
2014	1	14	0	0	0.01263534	0
2014	1	15	0	0	0.275460115	0
2014	1	16	0	0	0.111176948	0
2014	1	17	0	0	0.153419871	0
2014	1	18	0	0	0.007506425	0
2014	1	19	0	0	0.030837498999999997	0
2014	1	20	0	0	0.12767030499999998	0
2014	1	21	0	0	0.047815813	0
2014	1	22	0	0	0.144707087	0
2014	1	23	0	0	0.139299959	0
2014	1	24	0	0	0.328983971	0
2014	1	25	0	0	0.291152104	0
2014	1	26	0	0	0.846520883	0
2014	1	27	0	0	0.32945832	0
2014	1	28	0	0	0.570247791	0
2014	1	29	0	0	0.388992357	0
2014	1	30	0	0	0.10225353100000001	0
2014	1	31	0	0	0.493040168	0
2014	2	1	0	0	0.543419187	0
2014	2	2	0	0	0.14512793499999999	0
2014	2	3	0	0	0.128608508	0
2014	2	4	0	0	0.13601403	0
2014	2	5	0	0	0.126692088	0
2014	2	6	0	0	0.944975973	0
2014	2	7	0	0	0.287283752	0
2014	2	8	0	0	0.255144502	0
2014	2	9	0	0	1.081255837	0
2014	2	10	0	0	0.72370324	0
2014	2	11	0	0	0.614309276	0
2014	2	12	0	0	0.663652527	0
2014	2	13	0	0	0.323819778	0
2014	2	14	0	0	0.44493573	0
2014	2	15	0	0	1.055674167	0
2014	2	16	0	0	0.346590269	0
2014	2	17	0	0	0.944483606	0
2014	2	18	0	0	0.62473693	0
2014	2	19	0	0	0.158577652	0
2014	2	20	0	0	1.153776688	0
2014	2	21	0	0	0.202001922	0
2014	2	22	0	0	1.196649899	0
2014	2	23	0	0	0.754385709	0
2014	2	24	0	0	1.184759411	0
2014	2	25	0	0	1.159951156	0
2014	2	26	0	0	0.67384756	0
2014	2	27	0	0	0.799752976	0
2014	2	28	0	0	1.101077725	0
2014	3	1	0	0	0.529431976	0
2014	3	2	0	0	0.287471838	0
2014	3	3	0	0	0.319810997	0
2014	3	4	0	0	0.072836879	0
2014	3	5	0	0	0.86731246	0
2014	3	6	0	0	1.13544989	0
2014	3	7	0	0	1.501771789	0
2014	3	8	0	0	1.879713742	0
2014	3	9	0	0	1.7259792299999999	0
2014	3	10	0	0	1.6860565170000001	0
2014	3	11	0	0	1.676536383	0
2014	3	12	0	0	1.7674445429999999	0
2014	3	13	0	0	1.69336105	0
2014	3	14	0	0	1.749619021	0
2014	3	15	0	0	1.029817156	0
2014	3	16	0	0	1.9290161909999999	0
2014	3	17	0	0	2.383308254	0
2014	3	18	0	0	2.747579411	0
2014	3	19	0	0	1.980405516	0
2014	3	20	0	0	2.340025941	0
2014	3	21	0	0	2.791420434	0
2014	3	22	0	0	0.33543903	0
2014	3	23	0	0	0.316577866	0
2014	3	24	0	0	1.043487456	0
2014	3	25	0	0	1.08331059	0
2014	3	26	0	0	0.705815831	0
2014	3	27	0	0	1.911372927	0
2014	3	28	0	0	2.277242335	0
2014	3	29	0	0	2.408423461	0
2014	3	30	0	0	2.519281986	0
2014	3	31	0	0	2.43348282	0
2014	4	1	0	0	2.445211154	0
2014	4	2	0	0	2.59388143	0
2014	4	3	0	0	1.014842983	0
2014	4	4	0	0	1.509662346	0
2014	4	5	0	0	0.294746502	0
2014	4	6	0	0	1.889446556	0
2014	4	7	0	0	2.467182506	0
2014	4	8	0	0	1.157698426	0
2014	4	9	0	0	2.788775045	0
2014	4	10	0	0	2.8605217389999997	0
2014	4	11	0	0	2.9956242029999998	0
2014	4	12	0	0	3.079504798	0
2014	4	13	0	0	3.24641423	0
2014	4	14	0	0	3.354085969	0
2014	4	15	0	0	2.657579378	0
2014	4	16	0	0	3.066474094	0
2014	4	17	0	0	3.001188657	0
2014	4	18	0	0	0.341980007	0
2014	4	19	0	0	0.542647051	0
2014	4	20	0	0	2.837540787	0
2014	4	21	0	0	1.241521024	0
2014	4	22	0	0	2.434024528	0
2014	4	23	0	0	3.520452531	0
2014	4	24	0	0	3.429598563	0
2014	4	25	0	0	3.266405771	0
2014	4	26	0	0	2.08291433	0
2014	4	27	0	0	0.714553809	0
2014	4	28	0	0	0.338027262	0
2014	4	29	0	0	1.0247933550000001	0
2014	4	30	0	0	0.459601632	0
2014	5	1	0	0	1.451686338	0
2014	5	2	0	0	0.806260925	0
2014	5	3	0	0	0.329892757	0
2014	5	4	0	0	2.5703377339999998	0
2014	5	5	0	0	3.370349144	0
2014	5	6	0	0	3.122369377	0
2014	5	7	0	0	1.232348499	0
2014	5	8	0	0	3.313142564	0
2014	5	9	0	0	2.015483188	0
2014	5	10	0	0	3.752661304	0
2014	5	11	0	0	2.830143203	0
2014	5	12	0	0	2.278027748	0
2014	5	13	0	0	1.339219348	0
2014	5	14	0	0	1.4665748650000001	0
2014	5	15	0	0	1.105691781	0
2014	5	16	0	0	2.594450652	0
2014	5	17	0	0	3.052019352	0
2014	5	18	0	0	3.929263891	0
2014	5	19	0	0	4.292607258	0
2014	5	20	0	0	3.987248605	0
2014	5	21	0	0	4.690846295	0
2014	5	22	0	0	3.275079656	0
2014	5	23	0	0	3.34970903	0
2014	5	24	0	0	3.245359557	0
2014	5	25	0	0	3.58062763	0
2014	5	26	0	0	2.337693637	0
2014	5	27	0	0	1.270593829	0
2014	5	28	0	0	2.487950531	0
2014	5	29	0	0	3.2566051270000003	0
2014	5	30	0	0	0.938130265	0
2014	5	31	0	0	3.837892191	0
2014	6	1	0	0	4.174768651	0
2014	6	2	0	0	3.182556598	0
2014	6	3	0	0	3.353328602	0
2014	6	4	0	0	1.68781894	0
2014	6	5	0	0	3.823904991	0
2014	6	6	0	0	4.285940255	0
2014	6	7	0	0	4.620772253	0
2014	6	8	0	0	4.854196546	0
2014	6	9	0	0	5.601574003	0
2014	6	10	0	0	5.5042734499999995	0
2014	6	11	0	0	4.9258691930000005	0
2014	6	12	0	0	4.005975595	0
2014	6	13	0	0	3.854424102	0
2014	6	14	0	0	3.884472436	0
2014	6	15	0	0	4.756077366	0
2014	6	16	0	0	4.716671729	0
2014	6	17	0	0	4.438162051	0
2014	6	18	0	0	4.7697229949999995	0
2014	6	19	0	0	3.92066837	0
2014	6	20	0	0	3.836078094	0
2014	6	21	0	0	4.764533681	0
2014	6	22	0	0	4.919041894	0
2014	6	23	0	0	3.043581057	0
2014	6	24	0	0	3.236206901	0
2014	6	25	0	0	3.1285424280000003	0
2014	6	26	0	0	4.189551117	0
2014	6	27	0	0	4.491337804	0
2014	6	28	0	0	2.340200033	0
2014	6	29	0	0	0.716208598	0
2014	6	30	0	0	2.508054341	0
2014	7	1	0	0	4.325454053	0
2014	7	2	0	0	0.767698903	0
2014	7	3	0	0	4.221902361	0
2014	7	4	0	0	2.359960823	0
2014	7	5	0	0	2.06041348	0
2014	7	6	0	0	4.587231471	0
2014	7	7	0	0	2.323290688	0
2014	7	8	0	0	0.9898290279999999	0
2014	7	9	0	0	0.803089931	0
2014	7	10	0	0	0.529974874	0
2014	7	11	0	0	0.9344200469999999	0
2014	7	12	0	0	2.3939985520000002	0
2014	7	13	0	0	1.820202991	0
2014	7	14	0	0	3.319496843	0
2014	7	15	0	0	3.381266848	0
2014	7	16	0	0	4.462091255	0
2014	7	17	0	0	4.45515804	0
2014	7	18	0	0	5.093171808	0
2014	7	19	0	0	4.320182294	0
2014	7	20	0	0	2.067818133	0
2014	7	21	0	0	1.533323513	0
2014	7	22	0	0	0.448769682	0
2014	7	23	0	0	3.23380506	0
2014	7	24	0	0	3.293332026	0
2014	7	25	0	0	4.29798965	0
2014	7	26	0	0	0.769834572	0
2014	7	27	0	0	0.9778178200000001	0
2014	7	28	0	0	3.105904315	0
2014	7	29	0	0	1.5692048650000001	0
2014	7	30	0	0	0.746182529	0
2014	7	31	0	0	3.415252993	0
2014	8	1	0	0	3.3408399220000002	0
2014	8	2	0	0	2.698653601	0
2014	8	3	0	0	1.843157931	0
2014	8	4	0	0	3.257613218	0
2014	8	5	0	0	3.838214506	0
2014	8	6	0	0	3.024379942	0
2014	8	7	0	0	2.532317995	0
2014	8	8	0	0	3.703792734	0
2014	8	9	0	0	2.456631911	0
2014	8	10	0	0	2.081743282	0
2014	8	11	0	0	0.7193583299999999	0
2014	8	12	0	0	2.760840565	0
2014	8	13	0	0	1.6149039980000002	0
2014	8	14	0	0	2.317030001	0
2014	8	15	0	0	1.867340239	0
2014	8	16	0	0	1.807278036	0
2014	8	17	0	0	3.438099972	0
2014	8	18	0	0	3.2651022469999997	0
2014	8	19	0	0	2.03130854	0
2014	8	20	0	0	2.082219109	0
2014	8	21	0	0	2.953014228	0
2014	8	22	0	0	3.495828763	0
2014	8	23	0	0	0.9894014409999999	0
2014	8	24	0	0	2.3015311290000002	0
2014	8	25	0	0	1.418188424	0
2014	8	26	0	0	0.850504571	0
2014	8	27	0	0	2.011599292	0
2014	8	28	0	0	2.844634902	0
2014	8	29	0	0	1.4060416009999999	0
2014	8	30	0	0	2.52856495	0
2014	8	31	0	0	0.639219897	0
2014	9	1	0	0	1.5500795840000001	0
2014	9	2	0	0	2.234553348	0
2014	9	3	0	0	1.292183308	0
2014	9	4	0	0	1.993083754	0
2014	9	5	0	0	1.45091736	0
2014	9	6	0	0	2.888110371	0
2014	9	7	0	0	2.804352539	0
2014	9	8	0	0	2.86293917	0
2014	9	9	0	0	1.855188379	0
2014	9	10	0	0	1.95515171	0
2014	9	11	0	0	1.485667718	0
2014	9	12	0	0	0.584440993	0
2014	9	13	0	0	1.415386072	0
2014	9	14	0	0	1.352881301	0
2014	9	15	0	0	1.812587819	0
2014	9	16	0	0	1.88436506	0
2014	9	17	0	0	2.064653438	0
2014	9	18	0	0	1.038043042	0
2014	9	19	0	0	1.484051929	0
2014	9	20	0	0	1.772002421	0
2014	9	21	0	0	0.947749174	0
2014	9	22	0	0	1.448155931	0
2014	9	23	0	0	2.201190115	0
2014	9	24	0	0	1.782450743	0
2014	9	25	0	0	1.318455988	0
2014	9	26	0	0	1.525312225	0
2014	9	27	0	0	2.023090858	0
2014	9	28	0	0	1.194382125	0
2014	9	29	0	0	1.657961018	0
2014	9	30	0	0	0.417105897	0
2014	10	1	0	0	1.1279264820000001	0
2014	10	2	0	0	1.5647692819999999	0
2014	10	3	0	0	0.469578339	0
2014	10	4	0	0	0.81567911	0
2014	10	5	0	0	1.365106076	0
2014	10	6	0	0	1.240917257	0
2014	10	7	0	0	0.642968235	0
2014	10	8	0	0	0.998508221	0
2014	10	9	0	0	1.74978303	0
2014	10	10	0	0	0.96622196	0
2014	10	11	0	0	0.629857862	0
2014	10	12	0	0	1.035076166	0
2014	10	13	0	0	0.183946641	0
2014	10	14	0	0	1.28259072	0
2014	10	15	0	0	0.975259021	0
2014	10	16	0	0	0.535967179	0
2014	10	17	0	0	1.26257655	0
2014	10	18	0	0	0.9979995580000001	0
2014	10	19	0	0	1.634408316	0
2014	10	20	0	0	1.160640238	0
2014	10	21	0	0	1.143472392	0
2014	10	22	0	0	0.557136702	0
2014	10	23	0	0	0.46316830400000003	0
2014	10	24	0	0	0.781149477	0
2014	10	25	0	0	0.42211908200000003	0
2014	10	26	0	0	0.939516521	0
2014	10	27	0	0	0.156835869	0
2014	10	28	0	0	0.580826811	0
2014	10	29	0	0	0.9616158730000001	0
2014	10	30	0	0	0.65277051	0
2014	10	31	0	0	0.649371748	0
2014	11	1	0	0	0.48696471	0
2014	11	2	0	0	0.788182573	0
2014	11	3	0	0	0.839966663	0
2014	11	4	0	0	0.634507584	0
2014	11	5	0	0	0.057292211	0
2014	11	6	0	0	0.105046013	0
2014	11	7	0	0	0.779439508	0
2014	11	8	0	0	0.801910293	0
2014	11	9	0	0	0.208776739	0
2014	11	10	0	0	0.07746689699999999	0
2014	11	11	0	0	0.032483665	0
2014	11	12	0	0	0.175264195	0
2014	11	13	0	0	0.28306882099999997	0
2014	11	14	0	0	0.23834573699999997	0
2014	11	15	0	0	0.433738703	0
2014	11	16	0	0	0.476936306	0
2014	11	17	0	0	0.233346364	0
2014	11	18	0	0	0.531007506	0
2014	11	19	0	0	0.227627896	0
2014	11	20	0	0	0.23149541699999998	0
2014	11	21	0	0	0.42495450500000004	0
2014	11	22	0	0	0.09684934	0
2014	11	23	0	0	0.052991688	0
2014	11	24	0	0	0.368327842	0
2014	11	25	0	0	0.037095227	0
2014	11	26	0	0	0.057424170999999996	0
2014	11	27	0	0	0.018024394	0
2014	11	28	0	0	0.121372701	0
2014	11	29	0	0	0.016245274	0
2014	11	30	0	0	0.021105244	0
2014	12	1	0	0	0.013758194	0
2014	12	2	0	0	0.050927005	0
2014	12	3	0	0	0.077909487	0
2014	12	4	0	0	0.013180118	0
2014	12	5	0	0	0.0	0
2014	12	6	0	0	0.108744807	0
2014	12	7	0	0	0.06218158	0
2014	12	8	0	0	0.052119965	0
2014	12	9	0	0	0.093954582	0
2014	12	10	0	0	0.24196114	0
2014	12	11	0	0	0.661268962	0
2014	12	12	0	0	0.994500151	0
2014	12	13	0	0	0.705074914	0
2014	12	14	0	0	0.100866605	0
2014	12	15	0	0	0.151855681	0
2014	12	16	0	0	0.30850318	0
2014	12	17	0	0	0.170467522	0
2014	12	18	0	0	0.295293774	0
2014	12	19	0	0	0.814388377	0
2014	12	20	0	0	0.802457632	0
2014	12	21	0	0	0.469630194	0
2014	12	22	0	0	0.405723512	0
2014	12	23	0	0	0.540502362	0
2014	12	24	0	0	0.403495092	0
2014	12	25	0	0	0.340613358	0
2014	12	26	0	0	0.193273647	0
2014	12	27	0	0	0.058927116	0
2014	12	28	0	0	0.056542135	0
2014	12	29	0	0	0.01364543	0
2014	12	30	0	0	0.031270497	0
2014	12	31	0	0	0.315363275	0
2015	1	1	0	0	0.09269285099999999	0
2015	1	2	0	0	0.143053054	0
2015	1	3	0	0	0.243268948	0
2015	1	4	0	0	0.232678841	0
2015	1	5	0	0	0.384274803	0
2015	1	6	0	0	0.222813775	0
2015	1	7	0	0	0.350272619	0
2015	1	8	0	0	0.649383601	0
2015	1	9	0	0	0.783033659	0
2015	1	10	0	0	2.004927473	0
2015	1	11	0	0	0.622766649	0
2015	1	12	0	0	0.748298179	0
2015	1	13	0	0	1.146165613	0
2015	1	14	0	0	0.6031421140000001	0
2015	1	15	0	0	0.43015348600000003	0
2015	1	16	0	0	0.225250284	0
2015	1	17	0	0	0.01563858	0
2015	1	18	0	0	0.132743154	0
2015	1	19	0	0	0.250501959	0
2015	1	20	0	0	0.085215719	0
2015	1	21	0	0	0.081777356	0
2015	1	22	0	0	0.034755756	0
2015	1	23	0	0	0.028571422	0
2015	1	24	0	0	0.179870067	0
2015	1	25	0	0	0.193022123	0
2015	1	26	0	0	0.101247756	0
2015	1	27	0	0	0.390323578	0
2015	1	28	0	0	0.64349481	0
2015	1	29	0	0	0.092736577	0
2015	1	30	0	0	0.562551695	0
2015	1	31	0	0	0.575343476	0
2015	2	1	0	0	0.395465643	0
2015	2	2	0	0	0.293531332	0
2015	2	3	0	0	0.333119582	0
2015	2	4	0	0	0.507837671	0
2015	2	5	0	0	0.39215463	0
2015	2	6	0	0	0.636708221	0
2015	2	7	0	0	0.572821289	0
2015	2	8	0	0	0.230162929	0
2015	2	9	0	0	0.35288674600000003	0
2015	2	10	0	0	0.832774334	0
2015	2	11	0	0	0.354475987	0
2015	2	12	0	0	0.31108846	0
2015	2	13	0	0	0.376939792	0
2015	2	14	0	0	0.7020857819999999	0
2015	2	15	0	0	0.36324663	0
2015	2	16	0	0	0.24865457400000002	0
2015	2	17	0	0	0.130077122	0
2015	2	18	0	0	0.133753161	0
2015	2	19	0	0	0.881568123	0
2015	2	20	0	0	1.398327611	0
2015	2	21	0	0	0.33750301	0
2015	2	22	0	0	0.416264059	0
2015	2	23	0	0	0.181847504	0
2015	2	24	0	0	0.500173748	0
2015	2	25	0	0	0.7074221039999999	0
2015	2	26	0	0	1.253224995	0
2015	2	27	0	0	0.170153173	0
2015	2	28	0	0	0.41383739399999997	0
2015	3	1	0	0	0.470433177	0
2015	3	2	0	0	0.850392228	0
2015	3	3	0	0	1.6432068420000001	0
2015	3	4	0	0	0.696460251	0
2015	3	5	0	0	0.979341847	0
2015	3	6	0	0	1.468855617	0
2015	3	7	0	0	1.317184989	0
2015	3	8	0	0	1.584590517	0
2015	3	9	0	0	1.8374547589999999	0
2015	3	10	0	0	1.488172198	0
2015	3	11	0	0	1.15652405	0
2015	3	12	0	0	2.060206901	0
2015	3	13	0	0	1.647997954	0
2015	3	14	0	0	1.495142983	0
2015	3	15	0	0	0.851914623	0
2015	3	16	0	0	1.481569215	0
2015	3	17	0	0	1.764355576	0
2015	3	18	0	0	2.104780358	0
2015	3	19	0	0	2.158884766	0
2015	3	20	0	0	1.8080187220000001	0
2015	3	21	0	0	0.450022101	0
2015	3	22	0	0	0.452831616	0
2015	3	23	0	0	1.583850679	0
2015	3	24	0	0	1.934133398	0
2015	3	25	0	0	0.847363998	0
2015	3	26	0	0	0.320025959	0
2015	3	27	0	0	1.614578442	0
2015	3	28	0	0	2.238281883	0
2015	3	29	0	0	1.115777914	0
2015	3	30	0	0	1.333541275	0
2015	3	31	0	0	2.264589632	0
2015	4	1	0	0	1.507232544	0
2015	4	2	0	0	0.688200073	0
2015	4	3	0	0	1.48031662	0
2015	4	4	0	0	0.253559967	0
2015	4	5	0	0	1.556582099	0
2015	4	6	0	0	1.30774034	0
2015	4	7	0	0	2.531764074	0
2015	4	8	0	0	3.011849639	0
2015	4	9	0	0	2.892529847	0
2015	4	10	0	0	2.898319714	0
2015	4	11	0	0	2.774947654	0
2015	4	12	0	0	3.081354041	0
2015	4	13	0	0	3.369660944	0
2015	4	14	0	0	3.113992502	0
2015	4	15	0	0	3.571426955	0
2015	4	16	0	0	2.42588349	0
2015	4	17	0	0	0.374827929	0
2015	4	18	0	0	2.844552908	0
2015	4	19	0	0	3.401192804	0
2015	4	20	0	0	3.48154581	0
2015	4	21	0	0	3.79747005	0
2015	4	22	0	0	4.083043017	0
2015	4	23	0	0	3.199042511	0
2015	4	24	0	0	3.538336194	0
2015	4	25	0	0	1.6458181570000001	0
2015	4	26	0	0	2.364363536	0
2015	4	27	0	0	2.307262766	0
2015	4	28	0	0	0.56441573	0
2015	4	29	0	0	2.314777433	0
2015	4	30	0	0	3.073867182	0
2015	5	1	0	0	0.365926575	0
2015	5	2	0	0	1.711547374	0
2015	5	3	0	0	0.762353297	0
2015	5	4	0	0	1.256573835	0
2015	5	5	0	0	1.513756898	0
2015	5	6	0	0	2.47419566	0
2015	5	7	0	0	3.228242049	0
2015	5	8	0	0	3.304580778	0
2015	5	9	0	0	2.47286487	0
2015	5	10	0	0	3.868881441	0
2015	5	11	0	0	3.671571755	0
2015	5	12	0	0	4.813452483	0
2015	5	13	0	0	3.686166941	0
2015	5	14	0	0	3.3885265860000002	0
2015	5	15	0	0	0.184683225	0
2015	5	16	0	0	2.282049536	0
2015	5	17	0	0	3.17089578	0
2015	5	18	0	0	4.249114845	0
2015	5	19	0	0	0.800785926	0
2015	5	20	0	0	0.987411028	0
2015	5	21	0	0	1.007740868	0
2015	5	22	0	0	2.832171009	0
2015	5	23	0	0	2.389459866	0
2015	5	24	0	0	3.011255971	0
2015	5	25	0	0	1.699072785	0
2015	5	26	0	0	0.5543578539999999	0
2015	5	27	0	0	2.665505804	0
2015	5	28	0	0	4.275125558	0
2015	5	29	0	0	4.541539342	0
2015	5	30	0	0	3.457282259	0
2015	5	31	0	0	3.845054377	0
2015	6	1	0	0	4.223626805	0
2015	6	2	0	0	4.428725555	0
2015	6	3	0	0	5.013679282	0
2015	6	4	0	0	4.648257766	0
2015	6	5	0	0	4.754266266	0
2015	6	6	0	0	5.020885699	0
2015	6	7	0	0	4.7738641600000005	0
2015	6	8	0	0	2.957192178	0
2015	6	9	0	0	0.714433205	0
2015	6	10	0	0	1.488484888	0
2015	6	11	0	0	4.164176007	0
2015	6	12	0	0	3.975858943	0
2015	6	13	0	0	3.700554455	0
2015	6	14	0	0	2.603388314	0
2015	6	15	0	0	1.1579736569999999	0
2015	6	16	0	0	1.655032659	0
2015	6	17	0	0	4.047441625	0
2015	6	18	0	0	1.210567446	0
2015	6	19	0	0	3.88350326	0
2015	6	20	0	0	1.931443607	0
2015	6	21	0	0	1.345694012	0
2015	6	22	0	0	2.247527395	0
2015	6	23	0	0	3.276844684	0
2015	6	24	0	0	4.453322517	0
2015	6	25	0	0	3.811467447	0
2015	6	26	0	0	4.382324303	0
2015	6	27	0	0	3.850833466	0
2015	6	28	0	0	4.725369118	0
2015	6	29	0	0	3.7825263650000003	0
2015	6	30	0	0	5.165538017	0
2015	7	1	0	0	4.853779897	0
2015	7	2	0	0	4.867225059	0
2015	7	3	0	0	4.844836276	0
2015	7	4	0	0	5.067458198	0
2015	7	5	0	0	4.855332739	0
2015	7	6	0	0	4.299826089	0
2015	7	7	0	0	5.57715661	0
2015	7	8	0	0	3.5898374520000003	0
2015	7	9	0	0	4.442402545	0
2015	7	10	0	0	4.926033406	0
2015	7	11	0	0	5.76325507	0
2015	7	12	0	0	4.996635239	0
2015	7	13	0	0	3.7300459399999997	0
2015	7	14	0	0	5.221152235	0
2015	7	15	0	0	4.654431752	0
2015	7	16	0	0	5.242226538	0
2015	7	17	0	0	4.408728791	0
2015	7	18	0	0	2.288790812	0
2015	7	19	0	0	4.782228683	0
2015	7	20	0	0	4.914747164	0
2015	7	21	0	0	4.898801665000001	0
2015	7	22	0	0	4.212138253	0
2015	7	23	0	0	2.604540575	0
2015	7	24	0	0	4.146643282	0
2015	7	25	0	0	3.022408458	0
2015	7	26	0	0	2.598227459	0
2015	7	27	0	0	4.642475155	0
2015	7	28	0	0	3.0237097619999997	0
2015	7	29	0	0	0.665367169	0
2015	7	30	0	0	3.3684925779999997	0
2015	7	31	0	0	3.999902475	0
2015	8	1	0	0	1.456305728	0
2015	8	2	0	0	3.862928453	0
2015	8	3	0	0	4.654868722	0
2015	8	4	0	0	2.424238421	0
2015	8	5	0	0	3.911986244	0
2015	8	6	0	0	3.875252608	0
2015	8	7	0	0	3.662753303	0
2015	8	8	0	0	4.816990143	0
2015	8	9	0	0	2.898871703	0
2015	8	10	0	0	3.053614063	0
2015	8	11	0	0	3.481912268	0
2015	8	12	0	0	3.978380259	0
2015	8	13	0	0	4.104587283	0
2015	8	14	0	0	1.334388953	0
2015	8	15	0	0	0.87216571	0
2015	8	16	0	0	0.931792028	0
2015	8	17	0	0	1.87714828	0
2015	8	18	0	0	2.191459958	0
2015	8	19	0	0	0.5107861180000001	0
2015	8	20	0	0	2.892991001	0
2015	8	21	0	0	3.319074071	0
2015	8	22	0	0	3.633866793	0
2015	8	23	0	0	1.547948282	0
2015	8	24	0	0	1.317350569	0
2015	8	25	0	0	3.422609328	0
2015	8	26	0	0	3.2108415470000002	0
2015	8	27	0	0	3.3678969320000003	0
2015	8	28	0	0	3.9212566090000003	0
2015	8	29	0	0	3.668572189	0
2015	8	30	0	0	3.783498746	0
2015	8	31	0	0	4.143160481	0
2015	9	1	0	0	0.78456633	0
2015	9	2	0	0	1.558423575	0
2015	9	3	0	0	1.040074994	0
2015	9	4	0	0	2.453819648	0
2015	9	5	0	0	1.738888487	0
2015	9	6	0	0	1.3791254880000001	0
2015	9	7	0	0	2.7619067530000003	0
2015	9	8	0	0	2.679820905	0
2015	9	9	0	0	2.86010783	0
2015	9	10	0	0	2.240194325	0
2015	9	11	0	0	2.01583549	0
2015	9	12	0	0	2.904426655	0
2015	9	13	0	0	1.335481359	0
2015	9	14	0	0	2.069783676	0
2015	9	15	0	0	1.5268971740000001	0
2015	9	16	0	0	1.096492309	0
2015	9	17	0	0	0.558510103	0
2015	9	18	0	0	0.744395492	0
2015	9	19	0	0	1.773670228	0
2015	9	20	0	0	1.500369806	0
2015	9	21	0	0	1.723164277	0
2015	9	22	0	0	1.07549316	0
2015	9	23	0	0	0.572998321	0
2015	9	24	0	0	1.40414344	0
2015	9	25	0	0	1.964560115	0
2015	9	26	0	0	1.35435488	0
2015	9	27	0	0	1.711927415	0
2015	9	28	0	0	2.59127011	0
2015	9	29	0	0	2.5962337460000002	0
2015	9	30	0	0	1.394749579	0
2015	10	1	0	0	1.534499992	0
2015	10	2	0	0	1.607081834	0
2015	10	3	0	0	1.796035982	0
2015	10	4	0	0	1.412909125	0
2015	10	5	0	0	1.198082001	0
2015	10	6	0	0	0.592290495	0
2015	10	7	0	0	1.090325043	0
2015	10	8	0	0	0.776131943	0
2015	10	9	0	0	0.896325824	0
2015	10	10	0	0	0.19805753499999998	0
2015	10	11	0	0	0.48647260600000003	0
2015	10	12	0	0	1.095557877	0
2015	10	13	0	0	0.167092646	0
2015	10	14	0	0	0.809867965	0
2015	10	15	0	0	0.199656273	0
2015	10	16	0	0	0.244352626	0
2015	10	17	0	0	0.243266272	0
2015	10	18	0	0	0.094423249	0
2015	10	19	0	0	0.988882787	0
2015	10	20	0	0	0.7961617369999999	0
2015	10	21	0	0	0.397387848	0
2015	10	22	0	0	0.781081332	0
2015	10	23	0	0	0.387618617	0
2015	10	24	0	0	1.110804023	0
2015	10	25	0	0	0.705701582	0
2015	10	26	0	0	0.68265913	0
2015	10	27	0	0	0.112495813	0
2015	10	28	0	0	0.762903094	0
2015	10	29	0	0	0.314480798	0
2015	10	30	0	0	0.379324031	0
2015	10	31	0	0	0.238265363	0
2015	11	1	0	0	0.424188746	0
2015	11	2	0	0	0.094784817	0
2015	11	3	0	0	0.350489881	0
2015	11	4	0	0	0.662790789	0
2015	11	5	0	0	0.804153966	0
2015	11	6	0	0	0.9367519759999999	0
2015	11	7	0	0	0.81565391	0
2015	11	8	0	0	0.800651744	0
2015	11	9	0	0	1.0526198629999999	0
2015	11	10	0	0	0.867751796	0
2015	11	11	0	0	0.44540792199999996	0
2015	11	12	0	0	0.054951609	0
2015	11	13	0	0	0.745903023	0
2015	11	14	0	0	0.515832006	0
2015	11	15	0	0	1.39449658	0
2015	11	16	0	0	0.701389134	0
2015	11	17	0	0	1.078265622	0
2015	11	18	0	0	1.668959843	0
2015	11	19	0	0	1.992261779	0
2015	11	20	0	0	0.6536135909999999	0
2015	11	21	0	0	0.370532074	0
2015	11	22	0	0	0.358154063	0
2015	11	23	0	0	0.22972763	0
2015	11	24	0	0	0.398168966	0
2015	11	25	0	0	0.158252165	0
2015	11	26	0	0	0.089383169	0
2015	11	27	0	0	0.145015568	0
2015	11	28	0	0	0.212409463	0
2015	11	29	0	0	0.557656019	0
2015	11	30	0	0	1.395440758	0
2015	12	1	0	0	1.027748117	0
2015	12	2	0	0	0.398614488	0
2015	12	3	0	0	0.022021623	0
2015	12	4	0	0	0.07838571	0
2015	12	5	0	0	0.040884637	0
2015	12	6	0	0	0.43477303700000003	0
2015	12	7	0	0	0.154351183	0
2015	12	8	0	0	0.265704601	0
2015	12	9	0	0	0.110685395	0
2015	12	10	0	0	0.072139403	0
2015	12	11	0	0	0.394665186	0
2015	12	12	0	0	0.42453344	0
2015	12	13	0	0	0.393064766	0
2015	12	14	0	0	0.043080993	0
2015	12	15	0	0	0.187786677	0
2015	12	16	0	0	0.152232785	0
2015	12	17	0	0	0.460183199	0
2015	12	18	0	0	0.151853443	0
2015	12	19	0	0	0.246372969	0
2015	12	20	0	0	0.26064783599999997	0
2015	12	21	0	0	0.17167503	0
2015	12	22	0	0	0.503199572	0
2015	12	23	0	0	0.663220594	0
2015	12	24	0	0	0.369709912	0
2015	12	25	0	0	0.448790346	0
2015	12	26	0	0	0.399837339	0
2015	12	27	0	0	0.33523976	0
2015	12	28	0	0	0.075166643	0
2015	12	29	0	0	0.35161187699999996	0
2015	12	30	0	0	0.036924679	0
2015	12	31	0	0	0.005717055	0
2016	1	1	0	0	0.041647468	0
2016	1	2	0	0	0.048792866000000004	0
2016	1	3	0	0	0.254140173	0
2016	1	4	0	0	0.112397447	0
2016	1	5	0	0	0.46646775	0
2016	1	6	0	0	0.299420609	0
2016	1	7	0	0	0.075796623	0
2016	1	8	0	0	0.051008608000000004	0
2016	1	9	0	0	0.056649936	0
2016	1	10	0	0	0.069101445	0
2016	1	11	0	0	0.334125532	0
2016	1	12	0	0	0.5545126579999999	0
2016	1	13	0	0	0.396852432	0
2016	1	14	0	0	0.187671838	0
2016	1	15	0	0	0.737947067	0
2016	1	16	0	0	0.284664983	0
2016	1	17	0	0	0.265791498	0
2016	1	18	0	0	0.341551304	0
2016	1	19	0	0	0.033904204	0
2016	1	20	0	0	0.162206554	0
2016	1	21	0	0	0.396271327	0
2016	1	22	0	0	0.49291437	0
2016	1	23	0	0	0.430916653	0
2016	1	24	0	0	0.182437054	0
2016	1	25	0	0	0.623784158	0
2016	1	26	0	0	0.545922025	0
2016	1	27	0	0	0.5112245759999999	0
2016	1	28	0	0	0.418822983	0
2016	1	29	0	0	0.39660405	0
2016	1	30	0	0	0.912073689	0
2016	1	31	0	0	0.251322944	0
2016	2	1	0	0	1.062822131	0
2016	2	2	0	0	0.924389284	0
2016	2	3	0	0	0.287894757	0
2016	2	4	0	0	0.459652823	0
2016	2	5	0	0	0.469394478	0
2016	2	6	0	0	0.740798445	0
2016	2	7	0	0	0.338423897	0
2016	2	8	0	0	1.427552908	0
2016	2	9	0	0	0.409440584	0
2016	2	10	0	0	0.753229807	0
2016	2	11	0	0	0.914224811	0
2016	2	12	0	0	0.573463132	0
2016	2	13	0	0	0.5143956439999999	0
2016	2	14	0	0	0.243823606	0
2016	2	15	0	0	0.16665846	0
2016	2	16	0	0	0.275569599	0
2016	2	17	0	0	0.123054077	0
2016	2	18	0	0	0.922205806	0
2016	2	19	0	0	0.376791185	0
2016	2	20	0	0	0.429756127	0
2016	2	21	0	0	1.686499955	0
2016	2	22	0	0	1.530696035	0
2016	2	23	0	0	0.578367206	0
2016	2	24	0	0	0.465865614	0
2016	2	25	0	0	0.24707278300000002	0
2016	2	26	0	0	1.023902036	0
2016	2	27	0	0	0.735239724	0
2016	2	28	0	0	0.675976074	0
2016	2	29	0	0	0.061341523	0
2016	3	1	0	0	0.472432257	0
2016	3	2	0	0	0.384636271	0
2016	3	3	0	0	0.429086375	0
2016	3	4	0	0	0.506580717	0
2016	3	5	0	0	0.060863005	0
2016	3	6	0	0	0.812804076	0
2016	3	7	0	0	1.104921465	0
2016	3	8	0	0	0.418265541	0
2016	3	9	0	0	1.128601173	0
2016	3	10	0	0	1.546834426	0
2016	3	11	0	0	1.162220462	0
2016	3	12	0	0	0.343062656	0
2016	3	13	0	0	1.021888146	0
2016	3	14	0	0	0.7698812190000001	0
2016	3	15	0	0	0.867810579	0
2016	3	16	0	0	1.176522902	0
2016	3	17	0	0	1.634114145	0
2016	3	18	0	0	1.956102902	0
2016	3	19	0	0	2.070087245	0
2016	3	20	0	0	1.166182386	0
2016	3	21	0	0	0.676263024	0
2016	3	22	0	0	2.083987231	0
2016	3	23	0	0	0.710924089	0
2016	3	24	0	0	1.407609614	0
2016	3	25	0	0	0.570643491	0
2016	3	26	0	0	2.317447356	0
2016	3	27	0	0	0.746078189	0
2016	3	28	0	0	2.038393477	0
2016	3	29	0	0	1.882916549	0
2016	3	30	0	0	1.995248693	0
2016	3	31	0	0	2.370762301	0
2016	4	1	0	0	1.347619035	0
2016	4	2	0	0	1.307997629	0
2016	4	3	0	0	2.238704029	0
2016	4	4	0	0	2.6714022219999998	0
2016	4	5	0	0	2.108029751	0
2016	4	6	0	0	1.939202385	0
2016	4	7	0	0	0.829024144	0
2016	4	8	0	0	0.605981115	0
2016	4	9	0	0	0.303742463	0
2016	4	10	0	0	2.8586291090000002	0
2016	4	11	0	0	2.896811607	0
2016	4	12	0	0	2.701144453	0
2016	4	13	0	0	0.691528542	0
2016	4	14	0	0	1.483404573	0
2016	4	15	0	0	0.799115856	0
2016	4	16	0	0	1.2246902530000001	0
2016	4	17	0	0	1.006402344	0
2016	4	18	0	0	0.211302995	0
2016	4	19	0	0	2.11543517	0
2016	4	20	0	0	3.4421498170000002	0
2016	4	21	0	0	3.045743939	0
2016	4	22	0	0	2.960865506	0
2016	4	23	0	0	0.607381678	0
2016	4	24	0	0	1.390460356	0
2016	4	25	0	0	1.655793798	0
2016	4	26	0	0	0.8960612450000001	0
2016	4	27	0	0	1.621383394	0
2016	4	28	0	0	2.740282343	0
2016	4	29	0	0	3.404633124	0
2016	4	30	0	0	2.769623192	0
2016	5	1	0	0	0.20591583100000002	0
2016	5	2	0	0	1.943704143	0
2016	5	3	0	0	2.076945728	0
2016	5	4	0	0	3.119488237	0
2016	5	5	0	0	4.082011055	0
2016	5	6	0	0	4.043501384	0
2016	5	7	0	0	3.373565599	0
2016	5	8	0	0	3.772060027	0
2016	5	9	0	0	2.987195476	0
2016	5	10	0	0	3.027627248	0
2016	5	11	0	0	1.846324272	0
2016	5	12	0	0	0.40253743599999997	0
2016	5	13	0	0	0.292550136	0
2016	5	14	0	0	1.250878005	0
2016	5	15	0	0	2.356718627	0
2016	5	16	0	0	1.354108573	0
2016	5	17	0	0	2.76154689	0
2016	5	18	0	0	3.41537616	0
2016	5	19	0	0	1.335143503	0
2016	5	20	0	0	3.290948877	0
2016	5	21	0	0	4.172083525	0
2016	5	22	0	0	4.164796978	0
2016	5	23	0	0	0.68665749	0
2016	5	24	0	0	1.673709217	0
2016	5	25	0	0	3.039596139	0
2016	5	26	0	0	4.295297022	0
2016	5	27	0	0	3.939030502	0
2016	5	28	0	0	2.389224976	0
2016	5	29	0	0	0.870645513	0
2016	5	30	0	0	2.493069232	0
2016	5	31	0	0	2.879218895	0
2016	6	1	0	0	2.156091047	0
2016	6	2	0	0	2.746176613	0
2016	6	3	0	0	1.868053953	0
2016	6	4	0	0	1.605233876	0
2016	6	5	0	0	1.976175627	0
2016	6	6	0	0	3.639755897	0
2016	6	7	0	0	3.290162177	0
2016	6	8	0	0	0.247281147	0
2016	6	9	0	0	2.469062	0
2016	6	10	0	0	4.300910696	0
2016	6	11	0	0	2.212572673	0
2016	6	12	0	0	1.549462096	0
2016	6	13	0	0	1.246140334	0
2016	6	14	0	0	1.760359878	0
2016	6	15	0	0	2.017265481	0
2016	6	16	0	0	0.660491119	0
2016	6	17	0	0	3.106140374	0
2016	6	18	0	0	2.250798508	0
2016	6	19	0	0	1.495554408	0
2016	6	20	0	0	3.843804537	0
2016	6	21	0	0	1.696195533	0
2016	6	22	0	0	4.730960446	0
2016	6	23	0	0	4.83742999	0
2016	6	24	0	0	4.782671087	0
2016	6	25	0	0	1.496695522	0
2016	6	26	0	0	1.854528412	0
2016	6	27	0	0	4.09117715	0
2016	6	28	0	0	4.471484982	0
2016	6	29	0	0	3.515430837	0
2016	6	30	0	0	2.445109225	0
2016	7	1	0	0	3.657248858	0
2016	7	2	0	0	0.637236011	0
2016	7	3	0	0	3.413937552	0
2016	7	4	0	0	4.418275932	0
2016	7	5	0	0	4.265701788	0
2016	7	6	0	0	3.957778297	0
2016	7	7	0	0	4.657469649	0
2016	7	8	0	0	4.307622625	0
2016	7	9	0	0	4.44004208	0
2016	7	10	0	0	5.024564103	0
2016	7	11	0	0	2.984702136	0
2016	7	12	0	0	0.537502595	0
2016	7	13	0	0	0.832208877	0
2016	7	14	0	0	1.346950397	0
2016	7	15	0	0	1.859058302	0
2016	7	16	0	0	3.445128567	0
2016	7	17	0	0	4.340159266	0
2016	7	18	0	0	4.562152162	0
2016	7	19	0	0	4.668931448	0
2016	7	20	0	0	4.777004085	0
2016	7	21	0	0	2.791686189	0
2016	7	22	0	0	1.969902083	0
2016	7	23	0	0	2.674131203	0
2016	7	24	0	0	3.890740251	0
2016	7	25	0	0	2.327756719	0
2016	7	26	0	0	3.82813661	0
2016	7	27	0	0	3.309246132	0
2016	7	28	0	0	3.7328984210000002	0
2016	7	29	0	0	3.8864628320000003	0
2016	7	30	0	0	4.126606337	0
2016	7	31	0	0	0.916185936	0
2016	8	1	0	0	3.1534473210000002	0
2016	8	2	0	0	2.519352398	0
2016	8	3	0	0	3.642167546	0
2016	8	4	0	0	3.5084022950000002	0
2016	8	5	0	0	1.327177277	0
2016	8	6	0	0	3.280317435	0
2016	8	7	0	0	3.931107067	0
2016	8	8	0	0	3.963599254	0
2016	8	9	0	0	0.389263607	0
2016	8	10	0	0	2.7739807	0
2016	8	11	0	0	3.419640208	0
2016	8	12	0	0	2.291187975	0
2016	8	13	0	0	3.781130687	0
2016	8	14	0	0	3.810814266	0
2016	8	15	0	0	3.373382009	0
2016	8	16	0	0	3.362973776	0
2016	8	17	0	0	2.8955182170000002	0
2016	8	18	0	0	1.431538364	0
2016	8	19	0	0	2.624926443	0
2016	8	20	0	0	0.61108886	0
2016	8	21	0	0	2.403022422	0
2016	8	22	0	0	3.19000102	0
2016	8	23	0	0	3.7507737850000002	0
2016	8	24	0	0	3.592832004	0
2016	8	25	0	0	3.470562295	0
2016	8	26	0	0	3.5325369	0
2016	8	27	0	0	3.482047625	0
2016	8	28	0	0	4.121742407	0
2016	8	29	0	0	1.1469536070000002	0
2016	8	30	0	0	3.169572927	0
2016	8	31	0	0	3.178728389	0
2016	9	1	0	0	2.835418026	0
2016	9	2	0	0	3.0500188759999998	0
2016	9	3	0	0	2.264055653	0
2016	9	4	0	0	1.301337499	0
2016	9	5	0	0	0.853815564	0
2016	9	6	0	0	2.9454686100000003	0
2016	9	7	0	0	2.800186072	0
2016	9	8	0	0	3.06840173	0
2016	9	9	0	0	2.995549903	0
2016	9	10	0	0	2.55620846	0
2016	9	11	0	0	2.723366098	0
2016	9	12	0	0	2.771689171	0
2016	9	13	0	0	2.727779358	0
2016	9	14	0	0	2.70428493	0
2016	9	15	0	0	1.287920251	0
2016	9	16	0	0	1.422648944	0
2016	9	17	0	0	1.341034451	0
2016	9	18	0	0	0.64947302	0
2016	9	19	0	0	0.831319483	0
2016	9	20	0	0	1.383647742	0
2016	9	21	0	0	1.414518201	0
2016	9	22	0	0	1.648313234	0
2016	9	23	0	0	1.677918815	0
2016	9	24	0	0	1.732166595	0
2016	9	25	0	0	1.855565253	0
2016	9	26	0	0	1.5864457650000001	0
2016	9	27	0	0	1.268267283	0
2016	9	28	0	0	1.940352081	0
2016	9	29	0	0	2.403915213	0
2016	9	30	0	0	2.82962608	0
2016	10	1	0	0	1.478162959	0
2016	10	2	0	0	0.991094433	0
2016	10	3	0	0	1.091888341	0
2016	10	4	0	0	1.7385532639999999	0
2016	10	5	0	0	1.380985302	0
2016	10	6	0	0	1.18991603	0
2016	10	7	0	0	0.86092315	0
2016	10	8	0	0	0.36966097600000003	0
2016	10	9	0	0	0.768227447	0
2016	10	10	0	0	0.797547201	0
2016	10	11	0	0	0.891635245	0
2016	10	12	0	0	0.929024731	0
2016	10	13	0	0	0.636802176	0
2016	10	14	0	0	0.446982574	0
2016	10	15	0	0	0.746119404	0
2016	10	16	0	0	0.527779204	0
2016	10	17	0	0	0.264622685	0
2016	10	18	0	0	0.508144292	0
2016	10	19	0	0	0.346287191	0
2016	10	20	0	0	0.948840609	0
2016	10	21	0	0	0.139063599	0
2016	10	22	0	0	0.632201993	0
2016	10	23	0	0	0.140392563	0
2016	10	24	0	0	0.634619764	0
2016	10	25	0	0	0.07043197100000001	0
2016	10	26	0	0	0.211224536	0
2016	10	27	0	0	0.923089496	0
2016	10	28	0	0	0.44180646700000004	0
2016	10	29	0	0	0.329349475	0
2016	10	30	0	0	0.680796455	0
2016	10	31	0	0	0.10428043299999999	0
2016	11	1	0	0	0.693372306	0
2016	11	2	0	0	0.593687022	0
2016	11	3	0	0	0.891188223	0
2016	11	4	0	0	0.691485463	0
2016	11	5	0	0	0.229076805	0
2016	11	6	0	0	0.0	0
2016	11	7	0	0	0.0	0
2016	11	8	0	0	0.0	0
2016	11	9	0	0	0.275467163	0
2016	11	10	0	0	0.32493746700000004	0
2016	11	11	0	0	0.205979003	0
2016	11	12	0	0	0.389291311	0
2016	11	13	0	0	0.17818516	0
2016	11	14	0	0	0.12239789100000001	0
2016	11	15	0	0	0.5052372629999999	0
2016	11	16	0	0	0.21127871099999998	0
2016	11	17	0	0	0.428052118	0
2016	11	18	0	0	0.271878136	0
2016	11	19	0	0	0.283169997	0
2016	11	20	0	0	0.368718365	0
2016	11	21	0	0	0.216358462	0
2016	11	22	0	0	0.369669326	0
2016	11	23	0	0	0.219738653	0
2016	11	24	0	0	0.234364517	0
2016	11	25	0	0	0.116884048	0
2016	11	26	0	0	0.068658884	0
2016	11	27	0	0	0.196974829	0
2016	11	28	0	0	0.959834648	0
2016	11	29	0	0	0.43490165	0
2016	11	30	0	0	0.394980444	0
2016	12	1	0	0	0.274344937	0
2016	12	2	0	0	0.426110144	0
2016	12	3	0	0	0.122899906	0
2016	12	4	0	0	0.284728545	0
2016	12	5	0	0	0.124615479	0
2016	12	6	0	0	0.33954841399999997	0
2016	12	7	0	0	0.03128094	0
2016	12	8	0	0	0.333560885	0
2016	12	9	0	0	0.31424478100000003	0
2016	12	10	0	0	0.381925664	0
2016	12	11	0	0	0.071942216	0
2016	12	12	0	0	0.138500005	0
2016	12	13	0	0	0.042385394	0
2016	12	14	0	0	0.092851085	0
2016	12	15	0	0	0.013105447999999999	0
2016	12	16	0	0	0.005127304	0
2016	12	17	0	0	0.034251001	0
2016	12	18	0	0	0.20328578	0
2016	12	19	0	0	0.19452160699999999	0
2016	12	20	0	0	0.124062638	0
2016	12	21	0	0	0.023696042	0
2016	12	22	0	0	0.15908841499999998	0
2016	12	23	0	0	0.062193129	0
2016	12	24	0	0	0.340827563	0
2016	12	25	0	0	0.344035194	0
2016	12	26	0	0	0.317989463	0
2016	12	27	0	0	0.32324601399999997	0
2016	12	28	0	0	0.368812713	0
2016	12	29	0	0	0.21165452399999998	0
2016	12	30	0	0	0.036619601	0
