YYYY	MM	DD	hh	mm	d18O
1997	1	1	0	0	
1997	1	2	0	0	
1997	1	3	0	0	
1997	1	4	0	0	
1997	1	5	0	0	
1997	1	6	0	0	
1997	1	7	0	0	
1997	1	8	0	0	
1997	1	9	0	0	
1997	1	10	0	0	-15.5
1997	1	11	0	0	
1997	1	12	0	0	
1997	1	13	0	0	
1997	1	14	0	0	
1997	1	15	0	0	
1997	1	16	0	0	
1997	1	17	0	0	
1997	1	18	0	0	
1997	1	19	0	0	-12.53
1997	1	20	0	0	-12.53
1997	1	21	0	0	-12.53
1997	1	22	0	0	
1997	1	23	0	0	
1997	1	24	0	0	
1997	1	25	0	0	
1997	1	26	0	0	
1997	1	27	0	0	
1997	1	28	0	0	
1997	1	29	0	0	
1997	1	30	0	0	
1997	1	31	0	0	
1997	2	1	0	0	
1997	2	2	0	0	
1997	2	3	0	0	
1997	2	4	0	0	
1997	2	5	0	0	-12.53
1997	2	6	0	0	-12.53
1997	2	7	0	0	
1997	2	8	0	0	
1997	2	9	0	0	
1997	2	10	0	0	
1997	2	11	0	0	-12.53
1997	2	12	0	0	-7.35
1997	2	13	0	0	-7.35
1997	2	14	0	0	-7.35
1997	2	15	0	0	-7.35
1997	2	16	0	0	
1997	2	17	0	0	
1997	2	18	0	0	-7.35
1997	2	19	0	0	-7.35
1997	2	20	0	0	-7.35
1997	2	21	0	0	
1997	2	22	0	0	
1997	2	23	0	0	
1997	2	24	0	0	-7.35
1997	2	25	0	0	-7.35
1997	2	26	0	0	-7.35
1997	2	27	0	0	-6.51
1997	2	28	0	0	
1997	3	1	0	0	
1997	3	2	0	0	
1997	3	3	0	0	
1997	3	4	0	0	
1997	3	5	0	0	-6.51
1997	3	6	0	0	-6.51
1997	3	7	0	0	
1997	3	8	0	0	
1997	3	9	0	0	
1997	3	10	0	0	
1997	3	11	0	0	
1997	3	12	0	0	
1997	3	13	0	0	
1997	3	14	0	0	-6.51
1997	3	15	0	0	-6.51
1997	3	16	0	0	-6.51
1997	3	17	0	0	
1997	3	18	0	0	
1997	3	19	0	0	-6.51
1997	3	20	0	0	-6.51
1997	3	21	0	0	-6.51
1997	3	22	0	0	
1997	3	23	0	0	-6.51
1997	3	24	0	0	-6.51
1997	3	25	0	0	-6.51
1997	3	26	0	0	
1997	3	27	0	0	-5.51
1997	3	28	0	0	-5.51
1997	3	29	0	0	-5.51
1997	3	30	0	0	-5.51
1997	3	31	0	0	
1997	4	1	0	0	
1997	4	2	0	0	
1997	4	3	0	0	
1997	4	4	0	0	-5.51
1997	4	5	0	0	-5.51
1997	4	6	0	0	-5.51
1997	4	7	0	0	
1997	4	8	0	0	
1997	4	9	0	0	
1997	4	10	0	0	
1997	4	11	0	0	-6.28
1997	4	12	0	0	
1997	4	13	0	0	
1997	4	14	0	0	
1997	4	15	0	0	
1997	4	16	0	0	
1997	4	17	0	0	
1997	4	18	0	0	
1997	4	19	0	0	
1997	4	20	0	0	-6.28
1997	4	21	0	0	
1997	4	22	0	0	
1997	4	23	0	0	
1997	4	24	0	0	
1997	4	25	0	0	
1997	4	26	0	0	-7.78
1997	4	27	0	0	-7.78
1997	4	28	0	0	-7.78
1997	4	29	0	0	-7.78
1997	4	30	0	0	-7.78
1997	5	1	0	0	
1997	5	2	0	0	
1997	5	3	0	0	
1997	5	4	0	0	
1997	5	5	0	0	-7.78
1997	5	6	0	0	-7.68
1997	5	7	0	0	-7.68
1997	5	8	0	0	-7.68
1997	5	9	0	0	-7.68
1997	5	10	0	0	-7.68
1997	5	11	0	0	
1997	5	12	0	0	
1997	5	13	0	0	
1997	5	14	0	0	
1997	5	15	0	0	-7.68
1997	5	16	0	0	-7.68
1997	5	17	0	0	
1997	5	18	0	0	-7.68
1997	5	19	0	0	
1997	5	20	0	0	-7.68
1997	5	21	0	0	-7.68
1997	5	22	0	0	-4.59
1997	5	23	0	0	
1997	5	24	0	0	-4.59
1997	5	25	0	0	
1997	5	26	0	0	
1997	5	27	0	0	
1997	5	28	0	0	
1997	5	29	0	0	
1997	5	30	0	0	
1997	5	31	0	0	
1997	6	1	0	0	
1997	6	2	0	0	
1997	6	3	0	0	-4.59
1997	6	4	0	0	-4.59
1997	6	5	0	0	
1997	6	6	0	0	
1997	6	7	0	0	
1997	6	8	0	0	-7.66
1997	6	9	0	0	-7.66
1997	6	10	0	0	
1997	6	11	0	0	-7.66
1997	6	12	0	0	-7.66
1997	6	13	0	0	-7.66
1997	6	14	0	0	-7.66
1997	6	15	0	0	-7.66
1997	6	16	0	0	-7.66
1997	6	17	0	0	-9.62
1997	6	18	0	0	-9.62
1997	6	19	0	0	-9.62
1997	6	20	0	0	-9.62
1997	6	21	0	0	-9.62
1997	6	22	0	0	-9.62
1997	6	23	0	0	-9.62
1997	6	24	0	0	-9.62
1997	6	25	0	0	-9.62
1997	6	26	0	0	-9.62
1997	6	27	0	0	-9.62
1997	6	28	0	0	-9.62
1997	6	29	0	0	-9.62
1997	6	30	0	0	-9.62
1997	7	1	0	0	
1997	7	2	0	0	
1997	7	3	0	0	-10.01
1997	7	4	0	0	-10.01
1997	7	5	0	0	-10.01
1997	7	6	0	0	-10.01
1997	7	7	0	0	-10.01
1997	7	8	0	0	
1997	7	9	0	0	
1997	7	10	0	0	
1997	7	11	0	0	-10.01
1997	7	12	0	0	
1997	7	13	0	0	
1997	7	14	0	0	-10.01
1997	7	15	0	0	-8.18
1997	7	16	0	0	
1997	7	17	0	0	-8.18
1997	7	18	0	0	-8.18
1997	7	19	0	0	-8.18
1997	7	20	0	0	-8.18
1997	7	21	0	0	
1997	7	22	0	0	
1997	7	23	0	0	-8.18
1997	7	24	0	0	
1997	7	25	0	0	-8.18
1997	7	26	0	0	-8.18
1997	7	27	0	0	
1997	7	28	0	0	
1997	7	29	0	0	-8.18
1997	7	30	0	0	
1997	7	31	0	0	-5.66
1997	8	1	0	0	-5.66
1997	8	2	0	0	-5.66
1997	8	3	0	0	
1997	8	4	0	0	
1997	8	5	0	0	
1997	8	6	0	0	-5.66
1997	8	7	0	0	
1997	8	8	0	0	-5.66
1997	8	9	0	0	
1997	8	10	0	0	
1997	8	11	0	0	
1997	8	12	0	0	
1997	8	13	0	0	
1997	8	14	0	0	
1997	8	15	0	0	
1997	8	16	0	0	
1997	8	17	0	0	
1997	8	18	0	0	-4.09
1997	8	19	0	0	
1997	8	20	0	0	
1997	8	21	0	0	
1997	8	22	0	0	
1997	8	23	0	0	
1997	8	24	0	0	
1997	8	25	0	0	
1997	8	26	0	0	-4.09
1997	8	27	0	0	-4.09
1997	8	28	0	0	-10.07
1997	8	29	0	0	-10.07
1997	8	30	0	0	-10.07
1997	8	31	0	0	-10.07
1997	9	1	0	0	
1997	9	2	0	0	-10.07
1997	9	3	0	0	-10.07
1997	9	4	0	0	
1997	9	5	0	0	
1997	9	6	0	0	-10.07
1997	9	7	0	0	-10.07
1997	9	8	0	0	
1997	9	9	0	0	
1997	9	10	0	0	
1997	9	11	0	0	
1997	9	12	0	0	-6.33
1997	9	13	0	0	-6.33
1997	9	14	0	0	
1997	9	15	0	0	
1997	9	16	0	0	
1997	9	17	0	0	
1997	9	18	0	0	
1997	9	19	0	0	
1997	9	20	0	0	-6.33
1997	9	21	0	0	
1997	9	22	0	0	
1997	9	23	0	0	
1997	9	24	0	0	
1997	9	25	0	0	
1997	9	26	0	0	
1997	9	27	0	0	
1997	9	28	0	0	
1997	9	29	0	0	
1997	9	30	0	0	
1997	10	1	0	0	
1997	10	2	0	0	
1997	10	3	0	0	
1997	10	4	0	0	
1997	10	5	0	0	
1997	10	6	0	0	
1997	10	7	0	0	-7.58
1997	10	8	0	0	
1997	10	9	0	0	
1997	10	10	0	0	-7.58
1997	10	11	0	0	-7.58
1997	10	12	0	0	-7.58
1997	10	13	0	0	-7.58
1997	10	14	0	0	-7.58
1997	10	15	0	0	-7.58
1997	10	16	0	0	-7.58
1997	10	17	0	0	
1997	10	18	0	0	
1997	10	19	0	0	-7.58
1997	10	20	0	0	
1997	10	21	0	0	-17.12
1997	10	22	0	0	-17.12
1997	10	23	0	0	-17.12
1997	10	24	0	0	
1997	10	25	0	0	
1997	10	26	0	0	
1997	10	27	0	0	
1997	10	28	0	0	
1997	10	29	0	0	
1997	10	30	0	0	
1997	10	31	0	0	
1997	11	1	0	0	
1997	11	2	0	0	
1997	11	3	0	0	
1997	11	4	0	0	
1997	11	5	0	0	-17.12
1997	11	6	0	0	
1997	11	7	0	0	
1997	11	8	0	0	-17.12
1997	11	9	0	0	-17.12
1997	11	10	0	0	
1997	11	11	0	0	
1997	11	12	0	0	-17.12
1997	11	13	0	0	-17.12
1997	11	14	0	0	
1997	11	15	0	0	
1997	11	16	0	0	-17.12
1997	11	17	0	0	
1997	11	18	0	0	
1997	11	19	0	0	
1997	11	20	0	0	-11.22
1997	11	21	0	0	-11.22
1997	11	22	0	0	
1997	11	23	0	0	
1997	11	24	0	0	
1997	11	25	0	0	
1997	11	26	0	0	
1997	11	27	0	0	
1997	11	28	0	0	-11.22
1997	11	29	0	0	-11.22
1997	11	30	0	0	-11.22
1997	12	1	0	0	-11.22
1997	12	2	0	0	-11.22
1997	12	3	0	0	-10.67
1997	12	4	0	0	-10.67
1997	12	5	0	0	
1997	12	6	0	0	
1997	12	7	0	0	
1997	12	8	0	0	
1997	12	9	0	0	-10.67
1997	12	10	0	0	-10.67
1997	12	11	0	0	-10.67
1997	12	12	0	0	-10.67
1997	12	13	0	0	-10.67
1997	12	14	0	0	-10.67
1997	12	15	0	0	-10.67
1997	12	16	0	0	
1997	12	17	0	0	
1997	12	18	0	0	
1997	12	19	0	0	
1997	12	20	0	0	-14.15
1997	12	21	0	0	-14.15
1997	12	22	0	0	-14.15
1997	12	23	0	0	
1997	12	24	0	0	-14.15
1997	12	25	0	0	-14.15
1997	12	26	0	0	-14.15
1997	12	27	0	0	-14.15
1997	12	28	0	0	-14.15
1997	12	29	0	0	
1997	12	30	0	0	
1997	12	31	0	0	
1998	1	1	0	0	
1998	1	2	0	0	-9.43
1998	1	3	0	0	-9.43
1998	1	4	0	0	-9.43
1998	1	5	0	0	-9.43
1998	1	6	0	0	-9.43
1998	1	7	0	0	-9.43
1998	1	8	0	0	
1998	1	9	0	0	
1998	1	10	0	0	
1998	1	11	0	0	
1998	1	12	0	0	
1998	1	13	0	0	
1998	1	14	0	0	-15.07
1998	1	15	0	0	-15.07
1998	1	16	0	0	-15.07
1998	1	17	0	0	-15.07
1998	1	18	0	0	-15.07
1998	1	19	0	0	-15.07
1998	1	20	0	0	-15.07
1998	1	21	0	0	-15.07
1998	1	22	0	0	
1998	1	23	0	0	
1998	1	24	0	0	-15.07
1998	1	25	0	0	-15.07
1998	1	26	0	0	
1998	1	27	0	0	
1998	1	28	0	0	
1998	1	29	0	0	
1998	1	30	0	0	
1998	1	31	0	0	
1998	2	1	0	0	
1998	2	2	0	0	
1998	2	3	0	0	
1998	2	4	0	0	
1998	2	5	0	0	
1998	2	6	0	0	
1998	2	7	0	0	-11.36
1998	2	8	0	0	
1998	2	9	0	0	
1998	2	10	0	0	
1998	2	11	0	0	
1998	2	12	0	0	
1998	2	13	0	0	
1998	2	14	0	0	
1998	2	15	0	0	
1998	2	16	0	0	
1998	2	17	0	0	
1998	2	18	0	0	
1998	2	19	0	0	
1998	2	20	0	0	
1998	2	21	0	0	
1998	2	22	0	0	-16.41
1998	2	23	0	0	-16.41
1998	2	24	0	0	-16.41
1998	2	25	0	0	-16.41
1998	2	26	0	0	
1998	2	27	0	0	
1998	2	28	0	0	-8.74
1998	3	1	0	0	-8.74
1998	3	2	0	0	
1998	3	3	0	0	
1998	3	4	0	0	
1998	3	5	0	0	-8.74
1998	3	6	0	0	-8.74
1998	3	7	0	0	-8.74
1998	3	8	0	0	-8.74
1998	3	9	0	0	-8.74
1998	3	10	0	0	
1998	3	11	0	0	
1998	3	12	0	0	-8.74
1998	3	13	0	0	-8.74
1998	3	14	0	0	
1998	3	15	0	0	-8.74
1998	3	16	0	0	-8.74
1998	3	17	0	0	-8.74
1998	3	18	0	0	
1998	3	19	0	0	-8.74
1998	3	20	0	0	-8.74
1998	3	21	0	0	-8.74
1998	3	22	0	0	
1998	3	23	0	0	-8.74
1998	3	24	0	0	-8.74
1998	3	25	0	0	
1998	3	26	0	0	
1998	3	27	0	0	
1998	3	28	0	0	
1998	3	29	0	0	
1998	3	30	0	0	
1998	3	31	0	0	
1998	4	1	0	0	-8.17
1998	4	2	0	0	-8.17
1998	4	3	0	0	-8.17
1998	4	4	0	0	-8.17
1998	4	5	0	0	-8.17
1998	4	6	0	0	
1998	4	7	0	0	-13.31
1998	4	8	0	0	-13.31
1998	4	9	0	0	
1998	4	10	0	0	-13.31
1998	4	11	0	0	-13.31
1998	4	12	0	0	-13.31
1998	4	13	0	0	-13.31
1998	4	14	0	0	
1998	4	15	0	0	
1998	4	16	0	0	-13.31
1998	4	17	0	0	-13.31
1998	4	18	0	0	-13.31
1998	4	19	0	0	-13.31
1998	4	20	0	0	
1998	4	21	0	0	-13.31
1998	4	22	0	0	
1998	4	23	0	0	
1998	4	24	0	0	-12.15
1998	4	25	0	0	-12.15
1998	4	26	0	0	
1998	4	27	0	0	-12.15
1998	4	28	0	0	-12.15
1998	4	29	0	0	
1998	4	30	0	0	
1998	5	1	0	0	-12.15
1998	5	2	0	0	-12.15
1998	5	3	0	0	-12.15
1998	5	4	0	0	-12.15
1998	5	5	0	0	
1998	5	6	0	0	
1998	5	7	0	0	
1998	5	8	0	0	
1998	5	9	0	0	
1998	5	10	0	0	
1998	5	11	0	0	
1998	5	12	0	0	
1998	5	13	0	0	
1998	5	14	0	0	
1998	5	15	0	0	
1998	5	16	0	0	
1998	5	17	0	0	-7.27
1998	5	18	0	0	-7.27
1998	5	19	0	0	
1998	5	20	0	0	
1998	5	21	0	0	
1998	5	22	0	0	-7.27
1998	5	23	0	0	
1998	5	24	0	0	
1998	5	25	0	0	-7.27
1998	5	26	0	0	-7.27
1998	5	27	0	0	-7.27
1998	5	28	0	0	
1998	5	29	0	0	-7.27
1998	5	30	0	0	
1998	5	31	0	0	-7.27
1998	6	1	0	0	-7.27
1998	6	2	0	0	-7.27
1998	6	3	0	0	-8.3
1998	6	4	0	0	
1998	6	5	0	0	
1998	6	6	0	0	
1998	6	7	0	0	-8.3
1998	6	8	0	0	-8.3
1998	6	9	0	0	
1998	6	10	0	0	-8.3
1998	6	11	0	0	-8.3
1998	6	12	0	0	-8.3
1998	6	13	0	0	-8.3
1998	6	14	0	0	-8.3
1998	6	15	0	0	-8.3
1998	6	16	0	0	-8.3
1998	6	17	0	0	
1998	6	18	0	0	
1998	6	19	0	0	
1998	6	20	0	0	
1998	6	21	0	0	
1998	6	22	0	0	-5.0
1998	6	23	0	0	-5.0
1998	6	24	0	0	
1998	6	25	0	0	-5.0
1998	6	26	0	0	-5.0
1998	6	27	0	0	-5.0
1998	6	28	0	0	-5.0
1998	6	29	0	0	
1998	6	30	0	0	-5.0
1998	7	1	0	0	
1998	7	2	0	0	-5.8
1998	7	3	0	0	-5.8
1998	7	4	0	0	-5.8
1998	7	5	0	0	
1998	7	6	0	0	
1998	7	7	0	0	-5.8
1998	7	8	0	0	-5.8
1998	7	9	0	0	-5.8
1998	7	10	0	0	-5.8
1998	7	11	0	0	-5.8
1998	7	12	0	0	
1998	7	13	0	0	-5.8
1998	7	14	0	0	-5.8
1998	7	15	0	0	
1998	7	16	0	0	-6.83
1998	7	17	0	0	-6.83
1998	7	18	0	0	
1998	7	19	0	0	
1998	7	20	0	0	
1998	7	21	0	0	-6.83
1998	7	22	0	0	
1998	7	23	0	0	
1998	7	24	0	0	-6.83
1998	7	25	0	0	-6.83
1998	7	26	0	0	
1998	7	27	0	0	-6.83
1998	7	28	0	0	-6.83
1998	7	29	0	0	-6.83
1998	7	30	0	0	
1998	7	31	0	0	-6.83
1998	8	1	0	0	-6.83
1998	8	2	0	0	-6.83
1998	8	3	0	0	-6.83
1998	8	4	0	0	-6.83
1998	8	5	0	0	-6.83
1998	8	6	0	0	
1998	8	7	0	0	
1998	8	8	0	0	
1998	8	9	0	0	
1998	8	10	0	0	
1998	8	11	0	0	
1998	8	12	0	0	
1998	8	13	0	0	
1998	8	14	0	0	
1998	8	15	0	0	
1998	8	16	0	0	
1998	8	17	0	0	
1998	8	18	0	0	-7.16
1998	8	19	0	0	
1998	8	20	0	0	
1998	8	21	0	0	-6.83
1998	8	22	0	0	-6.83
1998	8	23	0	0	-6.83
1998	8	24	0	0	-6.83
1998	8	25	0	0	-6.83
1998	8	26	0	0	
1998	8	27	0	0	
1998	8	28	0	0	
1998	8	29	0	0	
1998	8	30	0	0	
1998	8	31	0	0	
1998	9	1	0	0	-6.83
1998	9	2	0	0	-10.58
1998	9	3	0	0	-10.58
1998	9	4	0	0	-10.58
1998	9	5	0	0	-10.58
1998	9	6	0	0	-10.58
1998	9	7	0	0	-10.58
1998	9	8	0	0	-10.58
1998	9	9	0	0	
1998	9	10	0	0	-10.58
1998	9	11	0	0	-10.58
1998	9	12	0	0	-10.58
1998	9	13	0	0	-10.58
1998	9	14	0	0	-10.58
1998	9	15	0	0	-10.58
1998	9	16	0	0	-8.17
1998	9	17	0	0	-8.17
1998	9	18	0	0	-8.17
1998	9	19	0	0	
1998	9	20	0	0	
1998	9	21	0	0	
1998	9	22	0	0	
1998	9	23	0	0	
1998	9	24	0	0	
1998	9	25	0	0	
1998	9	26	0	0	
1998	9	27	0	0	-8.17
1998	9	28	0	0	-8.17
1998	9	29	0	0	-8.17
1998	9	30	0	0	-8.17
1998	10	1	0	0	-12.29
1998	10	2	0	0	
1998	10	3	0	0	-12.29
1998	10	4	0	0	-12.29
1998	10	5	0	0	-12.29
1998	10	6	0	0	
1998	10	7	0	0	-12.29
1998	10	8	0	0	-12.29
1998	10	9	0	0	
1998	10	10	0	0	-12.29
1998	10	11	0	0	-12.29
1998	10	12	0	0	-12.29
1998	10	13	0	0	-12.29
1998	10	14	0	0	-8.96
1998	10	15	0	0	-8.96
1998	10	16	0	0	-8.96
1998	10	17	0	0	-8.96
1998	10	18	0	0	-8.96
1998	10	19	0	0	-8.96
1998	10	20	0	0	-8.96
1998	10	21	0	0	
1998	10	22	0	0	
1998	10	23	0	0	-8.96
1998	10	24	0	0	-8.96
1998	10	25	0	0	-8.96
1998	10	26	0	0	-8.96
1998	10	27	0	0	-8.96
1998	10	28	0	0	-8.96
1998	10	29	0	0	-9.88
1998	10	30	0	0	-9.88
1998	10	31	0	0	-9.88
1998	11	1	0	0	-9.88
1998	11	2	0	0	-9.88
1998	11	3	0	0	-9.88
1998	11	4	0	0	-9.88
1998	11	5	0	0	-9.88
1998	11	6	0	0	
1998	11	7	0	0	
1998	11	8	0	0	
1998	11	9	0	0	-9.88
1998	11	10	0	0	-9.88
1998	11	11	0	0	-9.88
1998	11	12	0	0	-11.68
1998	11	13	0	0	-11.68
1998	11	14	0	0	-11.68
1998	11	15	0	0	-11.68
1998	11	16	0	0	-11.68
1998	11	17	0	0	-11.68
1998	11	18	0	0	
1998	11	19	0	0	-11.68
1998	11	20	0	0	-11.68
1998	11	21	0	0	-11.68
1998	11	22	0	0	
1998	11	23	0	0	
1998	11	24	0	0	
1998	11	25	0	0	
1998	11	26	0	0	
1998	11	27	0	0	-12.43
1998	11	28	0	0	
1998	11	29	0	0	-12.43
1998	11	30	0	0	-12.43
1998	12	1	0	0	
1998	12	2	0	0	
1998	12	3	0	0	
1998	12	4	0	0	-12.43
1998	12	5	0	0	-12.43
1998	12	6	0	0	-12.43
1998	12	7	0	0	-12.43
1998	12	8	0	0	-12.43
1998	12	9	0	0	-12.43
1998	12	10	0	0	-8.35
1998	12	11	0	0	-8.35
1998	12	12	0	0	-8.35
1998	12	13	0	0	-8.35
1998	12	14	0	0	
1998	12	15	0	0	
1998	12	16	0	0	
1998	12	17	0	0	
1998	12	18	0	0	
1998	12	19	0	0	-8.35
1998	12	20	0	0	-8.35
1998	12	21	0	0	-8.35
1998	12	22	0	0	-8.35
1998	12	23	0	0	
1998	12	24	0	0	-8.29
1998	12	25	0	0	
1998	12	26	0	0	
1998	12	27	0	0	
1998	12	28	0	0	
1998	12	29	0	0	
1998	12	30	0	0	
1998	12	31	0	0	
1999	1	1	0	0	
1999	1	2	0	0	
1999	1	3	0	0	-8.29
1999	1	4	0	0	-8.29
1999	1	5	0	0	
1999	1	6	0	0	
1999	1	7	0	0	-9.45
1999	1	8	0	0	-9.45
1999	1	9	0	0	-9.45
1999	1	10	0	0	
1999	1	11	0	0	-9.45
1999	1	12	0	0	-9.45
1999	1	13	0	0	-9.45
1999	1	14	0	0	-9.45
1999	1	15	0	0	
1999	1	16	0	0	
1999	1	17	0	0	
1999	1	18	0	0	
1999	1	19	0	0	
1999	1	20	0	0	
1999	1	21	0	0	
1999	1	22	0	0	
1999	1	23	0	0	
1999	1	24	0	0	
1999	1	25	0	0	
1999	1	26	0	0	-14.45
1999	1	27	0	0	-14.45
1999	1	28	0	0	-14.45
1999	1	29	0	0	-14.45
1999	1	30	0	0	-14.45
1999	1	31	0	0	-14.45
1999	2	1	0	0	
1999	2	2	0	0	
1999	2	3	0	0	-8.27
1999	2	4	0	0	
1999	2	5	0	0	-8.27
1999	2	6	0	0	-8.27
1999	2	7	0	0	-8.27
1999	2	8	0	0	-8.27
1999	2	9	0	0	-8.27
1999	2	10	0	0	-8.27
1999	2	11	0	0	-8.27
1999	2	12	0	0	
1999	2	13	0	0	
1999	2	14	0	0	-12.14
1999	2	15	0	0	
1999	2	16	0	0	-12.14
1999	2	17	0	0	-12.14
1999	2	18	0	0	-12.14
1999	2	19	0	0	-12.14
1999	2	20	0	0	-12.14
1999	2	21	0	0	-12.14
1999	2	22	0	0	-12.14
1999	2	23	0	0	-12.14
1999	2	24	0	0	-12.14
1999	2	25	0	0	-12.14
1999	2	26	0	0	
1999	2	27	0	0	
1999	2	28	0	0	
1999	3	1	0	0	-13.86
1999	3	2	0	0	-13.86
1999	3	3	0	0	-13.86
1999	3	4	0	0	-13.86
1999	3	5	0	0	-13.86
1999	3	6	0	0	-13.86
1999	3	7	0	0	-13.86
1999	3	8	0	0	-13.86
1999	3	9	0	0	-13.86
1999	3	10	0	0	-13.86
1999	3	11	0	0	-13.86
1999	3	12	0	0	
1999	3	13	0	0	
1999	3	14	0	0	-11.25
1999	3	15	0	0	
1999	3	16	0	0	
1999	3	17	0	0	
1999	3	18	0	0	
1999	3	19	0	0	-11.25
1999	3	20	0	0	-11.25
1999	3	21	0	0	
1999	3	22	0	0	-11.25
1999	3	23	0	0	-11.25
1999	3	24	0	0	-11.25
1999	3	25	0	0	
1999	3	26	0	0	
1999	3	27	0	0	-10.03
1999	3	28	0	0	
1999	3	29	0	0	
1999	3	30	0	0	
1999	3	31	0	0	
1999	4	1	0	0	
1999	4	2	0	0	-10.03
1999	4	3	0	0	-10.03
1999	4	4	0	0	-10.03
1999	4	5	0	0	
1999	4	6	0	0	-10.03
1999	4	7	0	0	-10.03
1999	4	8	0	0	-11.0
1999	4	9	0	0	
1999	4	10	0	0	
1999	4	11	0	0	-11.0
1999	4	12	0	0	-11.0
1999	4	13	0	0	-11.0
1999	4	14	0	0	-11.0
1999	4	15	0	0	-11.0
1999	4	16	0	0	-11.0
1999	4	17	0	0	-11.0
1999	4	18	0	0	-11.0
1999	4	19	0	0	-11.0
1999	4	20	0	0	
1999	4	21	0	0	-11.0
1999	4	22	0	0	-8.26
1999	4	23	0	0	-8.26
1999	4	24	0	0	-8.26
1999	4	25	0	0	-8.26
1999	4	26	0	0	
1999	4	27	0	0	
1999	4	28	0	0	
1999	4	29	0	0	-8.26
1999	4	30	0	0	-8.26
1999	5	1	0	0	
1999	5	2	0	0	
1999	5	3	0	0	
1999	5	4	0	0	
1999	5	5	0	0	
1999	5	6	0	0	-8.93
1999	5	7	0	0	-8.93
1999	5	8	0	0	-8.93
1999	5	9	0	0	-8.93
1999	5	10	0	0	-8.93
1999	5	11	0	0	-8.93
1999	5	12	0	0	-8.93
1999	5	13	0	0	-8.93
1999	5	14	0	0	-8.93
1999	5	15	0	0	-8.93
1999	5	16	0	0	
1999	5	17	0	0	-8.93
1999	5	18	0	0	-8.93
1999	5	19	0	0	-7.04
1999	5	20	0	0	-7.04
1999	5	21	0	0	-7.04
1999	5	22	0	0	-7.04
1999	5	23	0	0	-7.04
1999	5	24	0	0	
1999	5	25	0	0	-7.04
1999	5	26	0	0	
1999	5	27	0	0	
1999	5	28	0	0	
1999	5	29	0	0	
1999	5	30	0	0	
1999	5	31	0	0	-7.04
1999	6	1	0	0	
1999	6	2	0	0	-7.99
1999	6	3	0	0	-7.99
1999	6	4	0	0	-7.99
1999	6	5	0	0	
1999	6	6	0	0	-7.99
1999	6	7	0	0	-7.99
1999	6	8	0	0	-7.99
1999	6	9	0	0	
1999	6	10	0	0	-7.99
1999	6	11	0	0	-7.99
1999	6	12	0	0	-7.99
1999	6	13	0	0	-7.99
1999	6	14	0	0	-7.99
1999	6	15	0	0	-7.99
1999	6	16	0	0	
1999	6	17	0	0	
1999	6	18	0	0	-8.51
1999	6	19	0	0	
1999	6	20	0	0	
1999	6	21	0	0	-8.51
1999	6	22	0	0	-8.51
1999	6	23	0	0	
1999	6	24	0	0	
1999	6	25	0	0	
1999	6	26	0	0	-6.91
1999	6	27	0	0	-6.91
1999	6	28	0	0	-6.91
1999	6	29	0	0	-6.91
1999	6	30	0	0	-6.91
1999	7	1	0	0	
1999	7	2	0	0	
1999	7	3	0	0	
1999	7	4	0	0	
1999	7	5	0	0	
1999	7	6	0	0	-6.91
1999	7	7	0	0	-6.91
1999	7	8	0	0	
1999	7	9	0	0	-7.57
1999	7	10	0	0	-7.57
1999	7	11	0	0	-7.57
1999	7	12	0	0	-7.57
1999	7	13	0	0	-7.57
1999	7	14	0	0	-7.57
1999	7	15	0	0	-7.57
1999	7	16	0	0	
1999	7	17	0	0	
1999	7	18	0	0	
1999	7	19	0	0	
1999	7	20	0	0	-7.57
1999	7	21	0	0	
1999	7	22	0	0	-6.0
1999	7	23	0	0	-6.0
1999	7	24	0	0	
1999	7	25	0	0	
1999	7	26	0	0	
1999	7	27	0	0	
1999	7	28	0	0	-6.0
1999	7	29	0	0	
1999	7	30	0	0	
1999	7	31	0	0	
1999	8	1	0	0	
1999	8	2	0	0	
1999	8	3	0	0	-6.0
1999	8	4	0	0	
1999	8	5	0	0	
1999	8	6	0	0	-6.0
1999	8	7	0	0	-6.0
1999	8	8	0	0	-6.0
1999	8	9	0	0	-6.0
1999	8	10	0	0	-6.0
1999	8	11	0	0	-6.0
1999	8	12	0	0	-6.0
1999	8	13	0	0	
1999	8	14	0	0	-6.0
1999	8	15	0	0	-6.0
1999	8	16	0	0	-5.78
1999	8	17	0	0	-5.78
1999	8	18	0	0	-5.78
1999	8	19	0	0	-5.78
1999	8	20	0	0	-5.78
1999	8	21	0	0	
1999	8	22	0	0	
1999	8	23	0	0	
1999	8	24	0	0	-5.78
1999	8	25	0	0	
1999	8	26	0	0	-5.78
1999	8	27	0	0	
1999	8	28	0	0	-5.78
1999	8	29	0	0	-5.78
1999	8	30	0	0	
1999	8	31	0	0	
1999	9	1	0	0	
1999	9	2	0	0	
1999	9	3	0	0	
1999	9	4	0	0	
1999	9	5	0	0	
1999	9	6	0	0	
1999	9	7	0	0	
1999	9	8	0	0	
1999	9	9	0	0	
1999	9	10	0	0	
1999	9	11	0	0	
1999	9	12	0	0	
1999	9	13	0	0	
1999	9	14	0	0	
1999	9	15	0	0	
1999	9	16	0	0	-9.67
1999	9	17	0	0	-9.67
1999	9	18	0	0	
1999	9	19	0	0	
1999	9	20	0	0	-9.67
1999	9	21	0	0	-9.67
1999	9	22	0	0	-9.67
1999	9	23	0	0	-9.67
1999	9	24	0	0	-9.67
1999	9	25	0	0	-9.67
1999	9	26	0	0	-9.67
1999	9	27	0	0	
1999	9	28	0	0	-9.67
1999	9	29	0	0	-9.67
1999	9	30	0	0	-7.82
1999	10	1	0	0	-7.82
1999	10	2	0	0	
1999	10	3	0	0	-7.82
1999	10	4	0	0	-7.82
1999	10	5	0	0	-7.82
1999	10	6	0	0	
1999	10	7	0	0	
1999	10	8	0	0	
1999	10	9	0	0	
1999	10	10	0	0	
1999	10	11	0	0	
1999	10	12	0	0	
1999	10	13	0	0	-9.31
1999	10	14	0	0	
1999	10	15	0	0	
1999	10	16	0	0	
1999	10	17	0	0	
1999	10	18	0	0	
1999	10	19	0	0	
1999	10	20	0	0	-9.31
1999	10	21	0	0	-9.31
1999	10	22	0	0	-9.31
1999	10	23	0	0	-9.31
1999	10	24	0	0	-9.31
1999	10	25	0	0	-9.31
1999	10	26	0	0	-9.31
1999	10	27	0	0	-9.31
1999	10	28	0	0	
1999	10	29	0	0	-10.97
1999	10	30	0	0	
1999	10	31	0	0	-10.97
1999	11	1	0	0	
1999	11	2	0	0	-10.97
1999	11	3	0	0	-10.97
1999	11	4	0	0	-10.97
1999	11	5	0	0	
1999	11	6	0	0	-10.97
1999	11	7	0	0	
1999	11	8	0	0	-10.97
1999	11	9	0	0	-10.97
1999	11	10	0	0	-10.97
1999	11	11	0	0	-16.77
1999	11	12	0	0	
1999	11	13	0	0	
1999	11	14	0	0	
1999	11	15	0	0	-16.77
1999	11	16	0	0	-16.77
1999	11	17	0	0	-16.77
1999	11	18	0	0	-16.77
1999	11	19	0	0	
1999	11	20	0	0	
1999	11	21	0	0	
1999	11	22	0	0	-16.77
1999	11	23	0	0	-16.77
1999	11	24	0	0	
1999	11	25	0	0	
1999	11	26	0	0	-9.6
1999	11	27	0	0	
1999	11	28	0	0	
1999	11	29	0	0	
1999	11	30	0	0	
1999	12	1	0	0	-9.6
1999	12	2	0	0	-9.6
1999	12	3	0	0	
1999	12	4	0	0	
1999	12	5	0	0	
1999	12	6	0	0	
1999	12	7	0	0	
1999	12	8	0	0	-9.6
1999	12	9	0	0	
1999	12	10	0	0	-11.48
1999	12	11	0	0	-11.48
1999	12	12	0	0	-11.48
1999	12	13	0	0	-11.48
1999	12	14	0	0	-11.48
1999	12	15	0	0	-11.48
1999	12	16	0	0	
1999	12	17	0	0	
1999	12	18	0	0	-11.48
1999	12	19	0	0	-11.48
1999	12	20	0	0	-11.48
1999	12	21	0	0	-11.48
1999	12	22	0	0	
1999	12	23	0	0	
1999	12	24	0	0	
1999	12	25	0	0	-7.87
1999	12	26	0	0	-7.87
1999	12	27	0	0	-7.87
1999	12	28	0	0	-7.87
1999	12	29	0	0	-7.87
1999	12	30	0	0	
1999	12	31	0	0	-7.87
2000	1	1	0	0	-7.87
2000	1	2	0	0	-7.87
2000	1	3	0	0	
2000	1	4	0	0	-7.87
2000	1	5	0	0	-7.87
2000	1	6	0	0	
2000	1	7	0	0	
2000	1	8	0	0	
2000	1	9	0	0	-8.14
2000	1	10	0	0	-8.14
2000	1	11	0	0	
2000	1	12	0	0	
2000	1	13	0	0	
2000	1	14	0	0	
2000	1	15	0	0	
2000	1	16	0	0	
2000	1	17	0	0	
2000	1	18	0	0	-8.14
2000	1	19	0	0	-8.03
2000	1	20	0	0	
2000	1	21	0	0	-8.03
2000	1	22	0	0	-8.03
2000	1	23	0	0	-8.03
2000	1	24	0	0	-8.03
2000	1	25	0	0	
2000	1	26	0	0	
2000	1	27	0	0	
2000	1	28	0	0	
2000	1	29	0	0	-8.03
2000	1	30	0	0	-8.03
2000	1	31	0	0	
2000	2	1	0	0	
2000	2	2	0	0	-10.02
2000	2	3	0	0	-10.02
2000	2	4	0	0	
2000	2	5	0	0	
2000	2	6	0	0	
2000	2	7	0	0	-10.02
2000	2	8	0	0	-10.02
2000	2	9	0	0	-10.02
2000	2	10	0	0	
2000	2	11	0	0	-9.29
2000	2	12	0	0	
2000	2	13	0	0	-9.29
2000	2	14	0	0	-9.29
2000	2	15	0	0	-9.29
2000	2	16	0	0	-9.29
2000	2	17	0	0	-9.29
2000	2	18	0	0	-9.29
2000	2	19	0	0	-9.29
2000	2	20	0	0	-9.29
2000	2	21	0	0	
2000	2	22	0	0	
2000	2	23	0	0	
2000	2	24	0	0	-9.29
2000	2	25	0	0	-10.84
2000	2	26	0	0	-10.84
2000	2	27	0	0	
2000	2	28	0	0	
2000	2	29	0	0	-10.84
2000	3	1	0	0	-10.84
2000	3	2	0	0	-10.84
2000	3	3	0	0	
2000	3	4	0	0	-10.84
2000	3	5	0	0	
2000	3	6	0	0	
2000	3	7	0	0	
2000	3	8	0	0	-10.84
2000	3	9	0	0	-10.84
2000	3	10	0	0	-5.42
2000	3	11	0	0	
2000	3	12	0	0	
2000	3	13	0	0	
2000	3	14	0	0	-5.42
2000	3	15	0	0	-5.42
2000	3	16	0	0	-5.42
2000	3	17	0	0	
2000	3	18	0	0	-5.42
2000	3	19	0	0	-5.42
2000	3	20	0	0	
2000	3	21	0	0	
2000	3	22	0	0	
2000	3	23	0	0	
2000	3	24	0	0	-12.8
2000	3	25	0	0	
2000	3	26	0	0	-12.8
2000	3	27	0	0	-12.8
2000	3	28	0	0	-12.8
2000	3	29	0	0	-12.8
2000	3	30	0	0	-12.8
2000	3	31	0	0	
2000	4	1	0	0	-12.8
2000	4	2	0	0	
2000	4	3	0	0	
2000	4	4	0	0	
2000	4	5	0	0	-12.8
2000	4	6	0	0	-13.65
2000	4	7	0	0	
2000	4	8	0	0	
2000	4	9	0	0	
2000	4	10	0	0	
2000	4	11	0	0	-13.65
2000	4	12	0	0	-13.65
2000	4	13	0	0	-13.65
2000	4	14	0	0	
2000	4	15	0	0	-13.65
2000	4	16	0	0	
2000	4	17	0	0	-13.65
2000	4	18	0	0	-13.65
2000	4	19	0	0	
2000	4	20	0	0	
2000	4	21	0	0	
2000	4	22	0	0	
2000	4	23	0	0	-13.91
2000	4	24	0	0	-13.91
2000	4	25	0	0	
2000	4	26	0	0	
2000	4	27	0	0	
2000	4	28	0	0	
2000	4	29	0	0	
2000	4	30	0	0	
2000	5	1	0	0	
2000	5	2	0	0	
2000	5	3	0	0	-13.91
2000	5	4	0	0	-6.43
2000	5	5	0	0	-6.43
2000	5	6	0	0	-6.43
2000	5	7	0	0	
2000	5	8	0	0	-6.43
2000	5	9	0	0	-6.43
2000	5	10	0	0	
2000	5	11	0	0	
2000	5	12	0	0	-6.43
2000	5	13	0	0	-6.43
2000	5	14	0	0	
2000	5	15	0	0	
2000	5	16	0	0	-6.43
2000	5	17	0	0	-6.43
2000	5	18	0	0	-6.91
2000	5	19	0	0	-6.91
2000	5	20	0	0	-6.91
2000	5	21	0	0	-6.91
2000	5	22	0	0	-6.91
2000	5	23	0	0	
2000	5	24	0	0	
2000	5	25	0	0	
2000	5	26	0	0	
2000	5	27	0	0	-6.91
2000	5	28	0	0	-6.91
2000	5	29	0	0	-6.91
2000	5	30	0	0	-6.91
2000	5	31	0	0	-6.91
2000	6	1	0	0	
2000	6	2	0	0	
2000	6	3	0	0	-4.95
2000	6	4	0	0	
2000	6	5	0	0	-4.95
2000	6	6	0	0	-4.95
2000	6	7	0	0	
2000	6	8	0	0	
2000	6	9	0	0	
2000	6	10	0	0	-4.95
2000	6	11	0	0	-4.95
2000	6	12	0	0	-4.95
2000	6	13	0	0	-4.95
2000	6	14	0	0	-4.95
2000	6	15	0	0	-4.95
2000	6	16	0	0	
2000	6	17	0	0	
2000	6	18	0	0	
2000	6	19	0	0	
2000	6	20	0	0	
2000	6	21	0	0	
2000	6	22	0	0	-5.65
2000	6	23	0	0	-5.65
2000	6	24	0	0	-5.65
2000	6	25	0	0	-5.65
2000	6	26	0	0	
2000	6	27	0	0	
2000	6	28	0	0	-5.65
2000	6	29	0	0	
2000	6	30	0	0	
2000	7	1	0	0	-7.64
2000	7	2	0	0	-7.64
2000	7	3	0	0	-7.64
2000	7	4	0	0	-7.64
2000	7	5	0	0	
2000	7	6	0	0	
2000	7	7	0	0	-7.64
2000	7	8	0	0	-7.64
2000	7	9	0	0	-7.64
2000	7	10	0	0	-7.64
2000	7	11	0	0	-7.64
2000	7	12	0	0	-7.64
2000	7	13	0	0	-7.64
2000	7	14	0	0	-9.27
2000	7	15	0	0	-9.27
2000	7	16	0	0	-9.27
2000	7	17	0	0	
2000	7	18	0	0	
2000	7	19	0	0	
2000	7	20	0	0	
2000	7	21	0	0	
2000	7	22	0	0	
2000	7	23	0	0	-9.27
2000	7	24	0	0	-9.27
2000	7	25	0	0	-9.27
2000	7	26	0	0	-9.27
2000	7	27	0	0	
2000	7	28	0	0	-7.07
2000	7	29	0	0	-7.07
2000	7	30	0	0	-7.07
2000	7	31	0	0	
2000	8	1	0	0	
2000	8	2	0	0	-7.07
2000	8	3	0	0	-7.07
2000	8	4	0	0	
2000	8	5	0	0	-7.07
2000	8	6	0	0	-7.07
2000	8	7	0	0	-7.07
2000	8	8	0	0	-7.07
2000	8	9	0	0	-7.07
2000	8	10	0	0	
2000	8	11	0	0	
2000	8	12	0	0	
2000	8	13	0	0	
2000	8	14	0	0	
2000	8	15	0	0	
2000	8	16	0	0	
2000	8	17	0	0	
2000	8	18	0	0	-4.87
2000	8	19	0	0	-4.87
2000	8	20	0	0	-4.87
2000	8	21	0	0	-4.87
2000	8	22	0	0	
2000	8	23	0	0	
2000	8	24	0	0	
2000	8	25	0	0	
2000	8	26	0	0	
2000	8	27	0	0	-6.98
2000	8	28	0	0	-6.98
2000	8	29	0	0	
2000	8	30	0	0	-6.98
2000	8	31	0	0	-6.98
2000	9	1	0	0	-6.98
2000	9	2	0	0	-6.98
2000	9	3	0	0	-6.98
2000	9	4	0	0	-6.98
2000	9	5	0	0	
2000	9	6	0	0	-3.61
2000	9	7	0	0	-3.61
2000	9	8	0	0	
2000	9	9	0	0	
2000	9	10	0	0	
2000	9	11	0	0	
2000	9	12	0	0	
2000	9	13	0	0	-3.61
2000	9	14	0	0	-3.61
2000	9	15	0	0	-3.61
2000	9	16	0	0	-3.61
2000	9	17	0	0	-3.61
2000	9	18	0	0	
2000	9	19	0	0	
2000	9	20	0	0	-3.61
2000	9	21	0	0	-12.02
2000	9	22	0	0	
2000	9	23	0	0	
2000	9	24	0	0	
2000	9	25	0	0	
2000	9	26	0	0	
2000	9	27	0	0	
2000	9	28	0	0	
2000	9	29	0	0	
2000	9	30	0	0	-12.02
2000	10	1	0	0	-12.02
2000	10	2	0	0	-12.02
2000	10	3	0	0	-12.02
2000	10	4	0	0	
2000	10	5	0	0	-12.02
2000	10	6	0	0	-10.98
2000	10	7	0	0	-10.98
2000	10	8	0	0	-10.98
2000	10	9	0	0	-10.98
2000	10	10	0	0	-10.98
2000	10	11	0	0	-10.98
2000	10	12	0	0	-10.98
2000	10	13	0	0	-10.98
2000	10	14	0	0	
2000	10	15	0	0	-10.98
2000	10	16	0	0	
2000	10	17	0	0	-10.98
2000	10	18	0	0	
2000	10	19	0	0	-8.43
2000	10	20	0	0	
2000	10	21	0	0	
2000	10	22	0	0	-8.43
2000	10	23	0	0	-8.43
2000	10	24	0	0	-8.43
2000	10	25	0	0	-8.43
2000	10	26	0	0	-8.43
2000	10	27	0	0	-8.43
2000	10	28	0	0	
2000	10	29	0	0	
2000	10	30	0	0	
2000	10	31	0	0	-8.43
2000	11	1	0	0	
2000	11	2	0	0	
2000	11	3	0	0	-15.27
2000	11	4	0	0	-15.27
2000	11	5	0	0	-15.27
2000	11	6	0	0	-15.27
2000	11	7	0	0	
2000	11	8	0	0	
2000	11	9	0	0	-15.27
2000	11	10	0	0	-15.27
2000	11	11	0	0	-15.27
2000	11	12	0	0	
2000	11	13	0	0	
2000	11	14	0	0	-15.27
2000	11	15	0	0	-15.27
2000	11	16	0	0	-15.31
2000	11	17	0	0	-15.31
2000	11	18	0	0	-15.31
2000	11	19	0	0	-15.31
2000	11	20	0	0	-15.31
2000	11	21	0	0	-15.31
2000	11	22	0	0	-15.31
2000	11	23	0	0	
2000	11	24	0	0	-15.31
2000	11	25	0	0	-15.31
2000	11	26	0	0	-15.31
2000	11	27	0	0	-15.31
2000	11	28	0	0	-15.31
2000	11	29	0	0	
2000	11	30	0	0	
2000	12	1	0	0	
2000	12	2	0	0	
2000	12	3	0	0	-10.04
2000	12	4	0	0	
2000	12	5	0	0	
2000	12	6	0	0	-10.04
2000	12	7	0	0	
2000	12	8	0	0	
2000	12	9	0	0	-10.04
2000	12	10	0	0	-10.04
2000	12	11	0	0	
2000	12	12	0	0	
2000	12	13	0	0	
2000	12	14	0	0	-13.07
2000	12	15	0	0	-13.07
2000	12	16	0	0	-13.07
2000	12	17	0	0	-13.07
2000	12	18	0	0	
2000	12	19	0	0	-13.07
2000	12	20	0	0	
2000	12	21	0	0	
2000	12	22	0	0	
2000	12	23	0	0	
2000	12	24	0	0	
2000	12	25	0	0	-13.07
2000	12	26	0	0	-13.07
2000	12	27	0	0	
2000	12	28	0	0	-15.24
2000	12	29	0	0	-15.24
2000	12	30	0	0	-15.24
2000	12	31	0	0	
2001	1	1	0	0	-15.24
2001	1	2	0	0	-15.24
2001	1	3	0	0	-15.24
2001	1	4	0	0	-15.24
2001	1	5	0	0	-15.24
2001	1	6	0	0	-15.24
2001	1	7	0	0	-15.24
2001	1	8	0	0	-15.24
2001	1	9	0	0	
2001	1	10	0	0	-15.24
2001	1	11	0	0	
2001	1	12	0	0	-12.35
2001	1	13	0	0	
2001	1	14	0	0	
2001	1	15	0	0	
2001	1	16	0	0	
2001	1	17	0	0	
2001	1	18	0	0	
2001	1	19	0	0	
2001	1	20	0	0	-12.35
2001	1	21	0	0	-12.35
2001	1	22	0	0	-12.35
2001	1	23	0	0	-12.35
2001	1	24	0	0	-12.35
2001	1	25	0	0	-13.72
2001	1	26	0	0	
2001	1	27	0	0	-13.72
2001	1	28	0	0	
2001	1	29	0	0	
2001	1	30	0	0	-13.72
2001	1	31	0	0	
2001	2	1	0	0	-13.72
2001	2	2	0	0	-13.72
2001	2	3	0	0	-13.72
2001	2	4	0	0	-13.72
2001	2	5	0	0	-13.72
2001	2	6	0	0	-13.72
2001	2	7	0	0	
2001	2	8	0	0	
2001	2	9	0	0	-12.75
2001	2	10	0	0	
2001	2	11	0	0	
2001	2	12	0	0	
2001	2	13	0	0	
2001	2	14	0	0	
2001	2	15	0	0	
2001	2	16	0	0	
2001	2	17	0	0	-12.75
2001	2	18	0	0	
2001	2	19	0	0	
2001	2	20	0	0	
2001	2	21	0	0	
2001	2	22	0	0	-14.08
2001	2	23	0	0	-14.08
2001	2	24	0	0	-14.08
2001	2	25	0	0	
2001	2	26	0	0	
2001	2	27	0	0	
2001	2	28	0	0	
2001	3	1	0	0	-14.08
2001	3	2	0	0	-14.08
2001	3	3	0	0	-14.08
2001	3	4	0	0	-14.08
2001	3	5	0	0	-14.08
2001	3	6	0	0	
2001	3	7	0	0	-12.41
2001	3	8	0	0	-12.41
2001	3	9	0	0	-12.41
2001	3	10	0	0	-12.41
2001	3	11	0	0	-12.41
2001	3	12	0	0	-12.41
2001	3	13	0	0	-12.41
2001	3	14	0	0	-12.41
2001	3	15	0	0	-12.41
2001	3	16	0	0	
2001	3	17	0	0	-12.41
2001	3	18	0	0	-12.41
2001	3	19	0	0	-12.41
2001	3	20	0	0	-12.41
2001	3	21	0	0	-9.43
2001	3	22	0	0	-9.43
2001	3	23	0	0	-9.43
2001	3	24	0	0	-9.43
2001	3	25	0	0	-9.43
2001	3	26	0	0	-9.43
2001	3	27	0	0	-9.43
2001	3	28	0	0	-9.43
2001	3	29	0	0	-9.43
2001	3	30	0	0	-9.43
2001	3	31	0	0	
2001	4	1	0	0	
2001	4	2	0	0	
2001	4	3	0	0	
2001	4	4	0	0	-11.42
2001	4	5	0	0	-11.42
2001	4	6	0	0	-11.42
2001	4	7	0	0	-11.42
2001	4	8	0	0	-11.42
2001	4	9	0	0	-11.42
2001	4	10	0	0	-11.42
2001	4	11	0	0	-11.42
2001	4	12	0	0	-11.42
2001	4	13	0	0	-11.42
2001	4	14	0	0	-11.42
2001	4	15	0	0	-11.42
2001	4	16	0	0	-11.42
2001	4	17	0	0	-11.42
2001	4	18	0	0	-11.99
2001	4	19	0	0	-11.99
2001	4	20	0	0	-11.99
2001	4	21	0	0	-11.99
2001	4	22	0	0	-11.99
2001	4	23	0	0	
2001	4	24	0	0	
2001	4	25	0	0	-11.99
2001	4	26	0	0	-11.99
2001	4	27	0	0	-11.99
2001	4	28	0	0	-11.99
2001	4	29	0	0	
2001	4	30	0	0	
2001	5	1	0	0	
2001	5	2	0	0	
2001	5	3	0	0	
2001	5	4	0	0	-8.46
2001	5	5	0	0	-8.46
2001	5	6	0	0	-8.46
2001	5	7	0	0	-8.46
2001	5	8	0	0	-8.46
2001	5	9	0	0	
2001	5	10	0	0	
2001	5	11	0	0	
2001	5	12	0	0	
2001	5	13	0	0	
2001	5	14	0	0	-8.46
2001	5	15	0	0	-8.46
2001	5	16	0	0	-8.46
2001	5	17	0	0	-9.81
2001	5	18	0	0	-9.81
2001	5	19	0	0	
2001	5	20	0	0	
2001	5	21	0	0	
2001	5	22	0	0	
2001	5	23	0	0	
2001	5	24	0	0	-9.81
2001	5	25	0	0	-9.81
2001	5	26	0	0	
2001	5	27	0	0	
2001	5	28	0	0	
2001	5	29	0	0	
2001	5	30	0	0	-9.7
2001	5	31	0	0	-9.7
2001	6	1	0	0	
2001	6	2	0	0	-9.7
2001	6	3	0	0	-9.7
2001	6	4	0	0	
2001	6	5	0	0	
2001	6	6	0	0	-9.7
2001	6	7	0	0	-9.7
2001	6	8	0	0	-9.7
2001	6	9	0	0	-9.7
2001	6	10	0	0	-9.7
2001	6	11	0	0	-9.7
2001	6	12	0	0	
2001	6	13	0	0	-8.14
2001	6	14	0	0	
2001	6	15	0	0	-8.14
2001	6	16	0	0	-8.14
2001	6	17	0	0	-8.14
2001	6	18	0	0	-8.14
2001	6	19	0	0	-8.14
2001	6	20	0	0	
2001	6	21	0	0	
2001	6	22	0	0	
2001	6	23	0	0	
2001	6	24	0	0	
2001	6	25	0	0	
2001	6	26	0	0	
2001	6	27	0	0	-6.62
2001	6	28	0	0	-6.62
2001	6	29	0	0	
2001	6	30	0	0	
2001	7	1	0	0	
2001	7	2	0	0	
2001	7	3	0	0	
2001	7	4	0	0	
2001	7	5	0	0	
2001	7	6	0	0	
2001	7	7	0	0	-6.62
2001	7	8	0	0	-6.62
2001	7	9	0	0	
2001	7	10	0	0	-6.62
2001	7	11	0	0	-6.62
2001	7	12	0	0	
2001	7	13	0	0	-6.62
2001	7	14	0	0	-6.62
2001	7	15	0	0	-10.46
2001	7	16	0	0	-10.46
2001	7	17	0	0	-10.46
2001	7	18	0	0	-10.46
2001	7	19	0	0	
2001	7	20	0	0	-10.46
2001	7	21	0	0	-10.46
2001	7	22	0	0	
2001	7	23	0	0	-10.46
2001	7	24	0	0	
2001	7	25	0	0	
2001	7	26	0	0	
2001	7	27	0	0	
2001	7	28	0	0	
2001	7	29	0	0	
2001	7	30	0	0	
2001	7	31	0	0	
2001	8	1	0	0	
2001	8	2	0	0	
2001	8	3	0	0	-5.17
2001	8	4	0	0	-5.17
2001	8	5	0	0	-5.17
2001	8	6	0	0	-5.17
2001	8	7	0	0	-5.17
2001	8	8	0	0	-5.17
2001	8	9	0	0	-5.11
2001	8	10	0	0	-5.11
2001	8	11	0	0	
2001	8	12	0	0	
2001	8	13	0	0	
2001	8	14	0	0	
2001	8	15	0	0	
2001	8	16	0	0	-5.11
2001	8	17	0	0	-5.11
2001	8	18	0	0	
2001	8	19	0	0	-5.11
2001	8	20	0	0	-5.11
2001	8	21	0	0	-5.11
2001	8	22	0	0	
2001	8	23	0	0	
2001	8	24	0	0	
2001	8	25	0	0	
2001	8	26	0	0	
2001	8	27	0	0	
2001	8	28	0	0	
2001	8	29	0	0	
2001	8	30	0	0	-16.25
2001	8	31	0	0	-16.25
2001	9	1	0	0	-16.25
2001	9	2	0	0	
2001	9	3	0	0	
2001	9	4	0	0	-16.25
2001	9	5	0	0	-16.25
2001	9	6	0	0	-9.6
2001	9	7	0	0	-9.6
2001	9	8	0	0	-9.6
2001	9	9	0	0	-9.6
2001	9	10	0	0	-9.6
2001	9	11	0	0	
2001	9	12	0	0	-9.6
2001	9	13	0	0	
2001	9	14	0	0	-9.6
2001	9	15	0	0	-9.6
2001	9	16	0	0	-9.6
2001	9	17	0	0	-9.6
2001	9	18	0	0	-9.6
2001	9	19	0	0	-9.6
2001	9	20	0	0	-9.21
2001	9	21	0	0	-9.21
2001	9	22	0	0	-9.21
2001	9	23	0	0	-9.21
2001	9	24	0	0	-9.21
2001	9	25	0	0	-9.21
2001	9	26	0	0	
2001	9	27	0	0	
2001	9	28	0	0	
2001	9	29	0	0	
2001	9	30	0	0	-9.21
2001	10	1	0	0	-9.21
2001	10	2	0	0	
2001	10	3	0	0	
2001	10	4	0	0	-10.66
2001	10	5	0	0	
2001	10	6	0	0	-10.66
2001	10	7	0	0	-10.66
2001	10	8	0	0	-10.66
2001	10	9	0	0	
2001	10	10	0	0	
2001	10	11	0	0	
2001	10	12	0	0	
2001	10	13	0	0	
2001	10	14	0	0	
2001	10	15	0	0	
2001	10	16	0	0	
2001	10	17	0	0	
2001	10	18	0	0	
2001	10	19	0	0	
2001	10	20	0	0	-8.29
2001	10	21	0	0	-8.29
2001	10	22	0	0	-8.29
2001	10	23	0	0	-8.29
2001	10	24	0	0	-8.29
2001	10	25	0	0	-8.29
2001	10	26	0	0	
2001	10	27	0	0	
2001	10	28	0	0	
2001	10	29	0	0	
2001	10	30	0	0	
2001	10	31	0	0	-10.85
2001	11	1	0	0	-10.85
2001	11	2	0	0	
2001	11	3	0	0	
2001	11	4	0	0	
2001	11	5	0	0	
2001	11	6	0	0	-10.85
2001	11	7	0	0	-10.85
2001	11	8	0	0	-10.85
2001	11	9	0	0	-10.85
2001	11	10	0	0	-10.85
2001	11	11	0	0	
2001	11	12	0	0	
2001	11	13	0	0	-10.85
2001	11	14	0	0	-11.55
2001	11	15	0	0	
2001	11	16	0	0	
2001	11	17	0	0	
2001	11	18	0	0	
2001	11	19	0	0	
2001	11	20	0	0	
2001	11	21	0	0	
2001	11	22	0	0	-11.55
2001	11	23	0	0	-11.55
2001	11	24	0	0	-11.55
2001	11	25	0	0	-11.55
2001	11	26	0	0	-11.55
2001	11	27	0	0	-11.55
2001	11	28	0	0	-12.01
2001	11	29	0	0	-12.01
2001	11	30	0	0	-12.01
2001	12	1	0	0	-12.01
2001	12	2	0	0	-12.01
2001	12	3	0	0	-12.01
2001	12	4	0	0	-12.01
2001	12	5	0	0	-12.01
2001	12	6	0	0	-12.01
2001	12	7	0	0	
2001	12	8	0	0	
2001	12	9	0	0	
2001	12	10	0	0	
2001	12	11	0	0	
2001	12	12	0	0	-12.01
2001	12	13	0	0	-10.9
2001	12	14	0	0	
2001	12	15	0	0	
2001	12	16	0	0	
2001	12	17	0	0	
2001	12	18	0	0	
2001	12	19	0	0	
2001	12	20	0	0	-10.9
2001	12	21	0	0	
2001	12	22	0	0	-10.9
2001	12	23	0	0	-10.9
2001	12	24	0	0	
2001	12	25	0	0	-10.9
2001	12	26	0	0	-10.9
2001	12	27	0	0	-10.9
2001	12	28	0	0	-14.26
2001	12	29	0	0	-14.26
2001	12	30	0	0	-14.26
2001	12	31	0	0	-14.26
2002	1	1	0	0	
2002	1	2	0	0	
2002	1	3	0	0	
2002	1	4	0	0	
2002	1	5	0	0	
2002	1	6	0	0	
2002	1	7	0	0	
2002	1	8	0	0	
2002	1	9	0	0	
2002	1	10	0	0	
2002	1	11	0	0	
2002	1	12	0	0	-9.97
2002	1	13	0	0	
2002	1	14	0	0	
2002	1	15	0	0	
2002	1	16	0	0	
2002	1	17	0	0	
2002	1	18	0	0	
2002	1	19	0	0	-9.97
2002	1	20	0	0	
2002	1	21	0	0	-9.97
2002	1	22	0	0	
2002	1	23	0	0	-10.69
2002	1	24	0	0	-10.69
2002	1	25	0	0	-10.69
2002	1	26	0	0	-10.69
2002	1	27	0	0	-10.69
2002	1	28	0	0	
2002	1	29	0	0	
2002	1	30	0	0	
2002	1	31	0	0	
2002	2	1	0	0	-10.69
2002	2	2	0	0	
2002	2	3	0	0	
2002	2	4	0	0	
2002	2	5	0	0	
2002	2	6	0	0	-10.69
2002	2	7	0	0	-14.02
2002	2	8	0	0	-14.02
2002	2	9	0	0	-14.02
2002	2	10	0	0	-14.02
2002	2	11	0	0	
2002	2	12	0	0	
2002	2	13	0	0	
2002	2	14	0	0	
2002	2	15	0	0	
2002	2	16	0	0	
2002	2	17	0	0	
2002	2	18	0	0	-14.02
2002	2	19	0	0	-14.02
2002	2	20	0	0	-14.02
2002	2	21	0	0	-14.02
2002	2	22	0	0	-9.64
2002	2	23	0	0	-9.64
2002	2	24	0	0	-9.64
2002	2	25	0	0	-9.64
2002	2	26	0	0	-9.64
2002	2	27	0	0	-9.64
2002	2	28	0	0	-9.64
2002	3	1	0	0	-9.64
2002	3	2	0	0	-9.64
2002	3	3	0	0	-9.64
2002	3	4	0	0	
2002	3	5	0	0	
2002	3	6	0	0	
2002	3	7	0	0	
2002	3	8	0	0	
2002	3	9	0	0	
2002	3	10	0	0	
2002	3	11	0	0	
2002	3	12	0	0	
2002	3	13	0	0	
2002	3	14	0	0	
2002	3	15	0	0	
2002	3	16	0	0	
2002	3	17	0	0	
2002	3	18	0	0	-7.72
2002	3	19	0	0	-7.72
2002	3	20	0	0	-6.11
2002	3	21	0	0	-6.11
2002	3	22	0	0	-6.11
2002	3	23	0	0	-6.11
2002	3	24	0	0	-6.11
2002	3	25	0	0	
2002	3	26	0	0	
2002	3	27	0	0	
2002	3	28	0	0	
2002	3	29	0	0	
2002	3	30	0	0	
2002	3	31	0	0	
2002	4	1	0	0	
2002	4	2	0	0	
2002	4	3	0	0	
2002	4	4	0	0	
2002	4	5	0	0	
2002	4	6	0	0	
2002	4	7	0	0	
2002	4	8	0	0	-11.76
2002	4	9	0	0	
2002	4	10	0	0	
2002	4	11	0	0	
2002	4	12	0	0	-11.76
2002	4	13	0	0	-11.76
2002	4	14	0	0	-11.76
2002	4	15	0	0	-11.76
2002	4	16	0	0	-11.76
2002	4	17	0	0	
2002	4	18	0	0	
2002	4	19	0	0	-7.45
2002	4	20	0	0	-7.45
2002	4	21	0	0	
2002	4	22	0	0	
2002	4	23	0	0	
2002	4	24	0	0	-7.45
2002	4	25	0	0	-7.45
2002	4	26	0	0	-7.45
2002	4	27	0	0	-7.45
2002	4	28	0	0	
2002	4	29	0	0	-7.45
2002	4	30	0	0	
2002	5	1	0	0	
2002	5	2	0	0	-14.96
2002	5	3	0	0	-14.96
2002	5	4	0	0	-14.96
2002	5	5	0	0	-14.96
2002	5	6	0	0	-14.96
2002	5	7	0	0	
2002	5	8	0	0	
2002	5	9	0	0	
2002	5	10	0	0	-14.96
2002	5	11	0	0	-14.96
2002	5	12	0	0	-14.96
2002	5	13	0	0	-14.96
2002	5	14	0	0	-14.96
2002	5	15	0	0	
2002	5	16	0	0	
2002	5	17	0	0	
2002	5	18	0	0	-10.8
2002	5	19	0	0	-10.8
2002	5	20	0	0	-10.8
2002	5	21	0	0	
2002	5	22	0	0	
2002	5	23	0	0	-10.8
2002	5	24	0	0	-10.8
2002	5	25	0	0	-10.8
2002	5	26	0	0	-10.8
2002	5	27	0	0	-10.8
2002	5	28	0	0	-10.8
2002	5	29	0	0	
2002	5	30	0	0	
2002	5	31	0	0	
2002	6	1	0	0	
2002	6	2	0	0	
2002	6	3	0	0	-7.77
2002	6	4	0	0	-7.77
2002	6	5	0	0	
2002	6	6	0	0	-7.77
2002	6	7	0	0	-7.77
2002	6	8	0	0	-7.77
2002	6	9	0	0	-7.77
2002	6	10	0	0	-7.77
2002	6	11	0	0	
2002	6	12	0	0	
2002	6	13	0	0	
2002	6	14	0	0	
2002	6	15	0	0	
2002	6	16	0	0	
2002	6	17	0	0	
2002	6	18	0	0	
2002	6	19	0	0	-5.47
2002	6	20	0	0	-5.47
2002	6	21	0	0	-5.47
2002	6	22	0	0	-5.47
2002	6	23	0	0	
2002	6	24	0	0	-5.47
2002	6	25	0	0	
2002	6	26	0	0	
2002	6	27	0	0	-5.58
2002	6	28	0	0	-5.58
2002	6	29	0	0	
2002	6	30	0	0	
2002	7	1	0	0	-5.58
2002	7	2	0	0	-5.58
2002	7	3	0	0	-5.58
2002	7	4	0	0	-5.58
2002	7	5	0	0	
2002	7	6	0	0	-5.58
2002	7	7	0	0	
2002	7	8	0	0	
2002	7	9	0	0	-5.58
2002	7	10	0	0	-5.58
2002	7	11	0	0	
2002	7	12	0	0	
2002	7	13	0	0	-5.58
2002	7	14	0	0	-7.63
2002	7	15	0	0	-7.63
2002	7	16	0	0	
2002	7	17	0	0	-7.63
2002	7	18	0	0	-7.63
2002	7	19	0	0	
2002	7	20	0	0	
2002	7	21	0	0	-7.63
2002	7	22	0	0	
2002	7	23	0	0	
2002	7	24	0	0	
2002	7	25	0	0	-6.91
2002	7	26	0	0	-6.91
2002	7	27	0	0	
2002	7	28	0	0	
2002	7	29	0	0	
2002	7	30	0	0	-6.91
2002	7	31	0	0	-6.91
2002	8	1	0	0	-6.91
2002	8	2	0	0	
2002	8	3	0	0	-6.91
2002	8	4	0	0	-6.91
2002	8	5	0	0	-6.91
2002	8	6	0	0	-6.91
2002	8	7	0	0	-11.41
2002	8	8	0	0	
2002	8	9	0	0	-11.41
2002	8	10	0	0	-11.41
2002	8	11	0	0	-11.41
2002	8	12	0	0	-11.41
2002	8	13	0	0	-11.41
2002	8	14	0	0	
2002	8	15	0	0	
2002	8	16	0	0	
2002	8	17	0	0	
2002	8	18	0	0	
2002	8	19	0	0	
2002	8	20	0	0	-11.41
2002	8	21	0	0	-11.41
2002	8	22	0	0	
2002	8	23	0	0	
2002	8	24	0	0	-6.5
2002	8	25	0	0	
2002	8	26	0	0	
2002	8	27	0	0	-6.5
2002	8	28	0	0	-6.5
2002	8	29	0	0	-6.5
2002	8	30	0	0	-6.5
2002	8	31	0	0	-6.5
2002	9	1	0	0	-6.5
2002	9	2	0	0	
2002	9	3	0	0	-6.5
2002	9	4	0	0	-6.5
2002	9	5	0	0	-9.47
2002	9	6	0	0	-9.47
2002	9	7	0	0	-9.47
2002	9	8	0	0	-9.47
2002	9	9	0	0	-9.47
2002	9	10	0	0	-9.47
2002	9	11	0	0	-9.47
2002	9	12	0	0	
2002	9	13	0	0	
2002	9	14	0	0	
2002	9	15	0	0	-9.47
2002	9	16	0	0	
2002	9	17	0	0	
2002	9	18	0	0	
2002	9	19	0	0	-15.11
2002	9	20	0	0	-15.11
2002	9	21	0	0	-15.11
2002	9	22	0	0	-15.11
2002	9	23	0	0	-15.11
2002	9	24	0	0	-15.11
2002	9	25	0	0	-15.11
2002	9	26	0	0	-15.11
2002	9	27	0	0	-15.11
2002	9	28	0	0	-15.11
2002	9	29	0	0	
2002	9	30	0	0	
2002	10	1	0	0	
2002	10	2	0	0	
2002	10	3	0	0	
2002	10	4	0	0	-8.97
2002	10	5	0	0	-8.97
2002	10	6	0	0	-8.97
2002	10	7	0	0	-8.97
2002	10	8	0	0	-8.97
2002	10	9	0	0	
2002	10	10	0	0	-8.97
2002	10	11	0	0	-8.97
2002	10	12	0	0	-8.97
2002	10	13	0	0	-8.97
2002	10	14	0	0	-8.97
2002	10	15	0	0	-8.97
2002	10	16	0	0	-8.97
2002	10	17	0	0	-10.92
2002	10	18	0	0	-10.92
2002	10	19	0	0	-10.92
2002	10	20	0	0	
2002	10	21	0	0	-10.92
2002	10	22	0	0	-10.92
2002	10	23	0	0	-10.92
2002	10	24	0	0	-10.92
2002	10	25	0	0	-10.92
2002	10	26	0	0	-10.92
2002	10	27	0	0	
2002	10	28	0	0	-10.92
2002	10	29	0	0	
2002	10	30	0	0	
2002	10	31	0	0	
2002	11	1	0	0	
2002	11	2	0	0	-11.63
2002	11	3	0	0	-11.63
2002	11	4	0	0	-11.63
2002	11	5	0	0	-11.63
2002	11	6	0	0	
2002	11	7	0	0	-11.63
2002	11	8	0	0	-11.63
2002	11	9	0	0	-11.63
2002	11	10	0	0	-11.63
2002	11	11	0	0	-11.63
2002	11	12	0	0	
2002	11	13	0	0	
2002	11	14	0	0	-17.58
2002	11	15	0	0	-17.58
2002	11	16	0	0	-17.58
2002	11	17	0	0	
2002	11	18	0	0	-17.58
2002	11	19	0	0	-17.58
2002	11	20	0	0	
2002	11	21	0	0	
2002	11	22	0	0	-17.58
2002	11	23	0	0	
2002	11	24	0	0	
2002	11	25	0	0	-17.58
2002	11	26	0	0	-17.58
2002	11	27	0	0	-17.58
2002	11	28	0	0	-13.12
2002	11	29	0	0	-13.12
2002	11	30	0	0	-13.12
2002	12	1	0	0	
2002	12	2	0	0	-13.12
2002	12	3	0	0	-13.12
2002	12	4	0	0	-13.12
2002	12	5	0	0	-13.12
2002	12	6	0	0	-13.12
2002	12	7	0	0	-13.12
2002	12	8	0	0	
2002	12	9	0	0	
2002	12	10	0	0	
2002	12	11	0	0	
2002	12	12	0	0	
2002	12	13	0	0	-11.96
2002	12	14	0	0	
2002	12	15	0	0	-11.96
2002	12	16	0	0	-11.96
2002	12	17	0	0	-11.96
2002	12	18	0	0	-11.96
2002	12	19	0	0	
2002	12	20	0	0	-11.96
2002	12	21	0	0	-11.96
2002	12	22	0	0	-11.96
2002	12	23	0	0	-11.96
2002	12	24	0	0	-11.96
2002	12	25	0	0	
2002	12	26	0	0	-11.96
2002	12	27	0	0	
2002	12	28	0	0	-11.16
2002	12	29	0	0	-11.16
2002	12	30	0	0	-11.16
2002	12	31	0	0	-11.16
2003	1	1	0	0	-11.16
2003	1	2	0	0	-11.16
2003	1	3	0	0	-11.16
2003	1	4	0	0	-11.16
2003	1	5	0	0	-11.16
2003	1	6	0	0	
2003	1	7	0	0	-11.16
2003	1	8	0	0	
2003	1	9	0	0	
2003	1	10	0	0	
2003	1	11	0	0	
2003	1	12	0	0	
2003	1	13	0	0	-10.14
2003	1	14	0	0	-10.14
2003	1	15	0	0	
2003	1	16	0	0	-10.14
2003	1	17	0	0	
2003	1	18	0	0	
2003	1	19	0	0	-10.14
2003	1	20	0	0	-10.14
2003	1	21	0	0	
2003	1	22	0	0	-10.98
2003	1	23	0	0	-10.98
2003	1	24	0	0	-10.98
2003	1	25	0	0	
2003	1	26	0	0	-10.98
2003	1	27	0	0	-10.98
2003	1	28	0	0	-10.98
2003	1	29	0	0	-10.98
2003	1	30	0	0	-10.98
2003	1	31	0	0	-10.98
2003	2	1	0	0	
2003	2	2	0	0	-10.98
2003	2	3	0	0	-10.98
2003	2	4	0	0	-19.06
2003	2	5	0	0	-19.06
2003	2	6	0	0	-19.06
2003	2	7	0	0	
2003	2	8	0	0	
2003	2	9	0	0	
2003	2	10	0	0	
2003	2	11	0	0	
2003	2	12	0	0	
2003	2	13	0	0	
2003	2	14	0	0	
2003	2	15	0	0	
2003	2	16	0	0	
2003	2	17	0	0	
2003	2	18	0	0	
2003	2	19	0	0	
2003	2	20	0	0	
2003	2	21	0	0	
2003	2	22	0	0	
2003	2	23	0	0	
2003	2	24	0	0	
2003	2	25	0	0	
2003	2	26	0	0	
2003	2	27	0	0	
2003	2	28	0	0	
2003	3	1	0	0	
2003	3	2	0	0	-14.62
2003	3	3	0	0	-14.62
2003	3	4	0	0	
2003	3	5	0	0	
2003	3	6	0	0	-10.64
2003	3	7	0	0	-10.64
2003	3	8	0	0	-10.64
2003	3	9	0	0	
2003	3	10	0	0	
2003	3	11	0	0	
2003	3	12	0	0	-10.64
2003	3	13	0	0	
2003	3	14	0	0	
2003	3	15	0	0	
2003	3	16	0	0	
2003	3	17	0	0	
2003	3	18	0	0	
2003	3	19	0	0	
2003	3	20	0	0	
2003	3	21	0	0	
2003	3	22	0	0	
2003	3	23	0	0	
2003	3	24	0	0	
2003	3	25	0	0	
2003	3	26	0	0	
2003	3	27	0	0	
2003	3	28	0	0	
2003	3	29	0	0	
2003	3	30	0	0	-8.77
2003	3	31	0	0	-8.77
2003	4	1	0	0	
2003	4	2	0	0	-13.71
2003	4	3	0	0	-13.71
2003	4	4	0	0	-13.71
2003	4	5	0	0	-13.71
2003	4	6	0	0	
2003	4	7	0	0	-13.71
2003	4	8	0	0	
2003	4	9	0	0	-13.71
2003	4	10	0	0	-13.71
2003	4	11	0	0	-13.71
2003	4	12	0	0	-13.71
2003	4	13	0	0	
2003	4	14	0	0	
2003	4	15	0	0	
2003	4	16	0	0	
2003	4	17	0	0	
2003	4	18	0	0	
2003	4	19	0	0	
2003	4	20	0	0	
2003	4	21	0	0	-8.44
2003	4	22	0	0	
2003	4	23	0	0	
2003	4	24	0	0	
2003	4	25	0	0	
2003	4	26	0	0	-8.44
2003	4	27	0	0	-8.44
2003	4	28	0	0	
2003	4	29	0	0	-8.44
2003	4	30	0	0	-8.44
2003	5	1	0	0	
2003	5	2	0	0	-6.49
2003	5	3	0	0	-6.49
2003	5	4	0	0	
2003	5	5	0	0	
2003	5	6	0	0	
2003	5	7	0	0	
2003	5	8	0	0	-6.49
2003	5	9	0	0	-6.49
2003	5	10	0	0	-6.49
2003	5	11	0	0	-6.49
2003	5	12	0	0	-6.49
2003	5	13	0	0	-6.49
2003	5	14	0	0	-6.49
2003	5	15	0	0	-5.69
2003	5	16	0	0	
2003	5	17	0	0	-5.69
2003	5	18	0	0	-5.69
2003	5	19	0	0	-5.69
2003	5	20	0	0	-5.69
2003	5	21	0	0	-5.69
2003	5	22	0	0	-5.69
2003	5	23	0	0	-5.69
2003	5	24	0	0	
2003	5	25	0	0	-5.69
2003	5	26	0	0	-5.69
2003	5	27	0	0	-5.69
2003	5	28	0	0	
2003	5	29	0	0	-5.14
2003	5	30	0	0	-5.14
2003	5	31	0	0	-5.14
2003	6	1	0	0	
2003	6	2	0	0	
2003	6	3	0	0	
2003	6	4	0	0	
2003	6	5	0	0	-5.14
2003	6	6	0	0	-5.14
2003	6	7	0	0	
2003	6	8	0	0	-5.14
2003	6	9	0	0	-5.14
2003	6	10	0	0	
2003	6	11	0	0	
2003	6	12	0	0	-3.69
2003	6	13	0	0	-3.69
2003	6	14	0	0	
2003	6	15	0	0	-3.69
2003	6	16	0	0	
2003	6	17	0	0	-3.69
2003	6	18	0	0	-3.69
2003	6	19	0	0	
2003	6	20	0	0	
2003	6	21	0	0	
2003	6	22	0	0	
2003	6	23	0	0	
2003	6	24	0	0	
2003	6	25	0	0	
2003	6	26	0	0	-6.39
2003	6	27	0	0	
2003	6	28	0	0	
2003	6	29	0	0	
2003	6	30	0	0	
2003	7	1	0	0	-6.39
2003	7	2	0	0	
2003	7	3	0	0	-6.39
2003	7	4	0	0	-6.39
2003	7	5	0	0	
2003	7	6	0	0	
2003	7	7	0	0	
2003	7	8	0	0	
2003	7	9	0	0	
2003	7	10	0	0	-6.39
2003	7	11	0	0	
2003	7	12	0	0	
2003	7	13	0	0	
2003	7	14	0	0	
2003	7	15	0	0	
2003	7	16	0	0	-4.25
2003	7	17	0	0	-4.25
2003	7	18	0	0	
2003	7	19	0	0	
2003	7	20	0	0	-4.25
2003	7	21	0	0	-4.25
2003	7	22	0	0	-4.25
2003	7	23	0	0	-4.25
2003	7	24	0	0	-5.34
2003	7	25	0	0	
2003	7	26	0	0	
2003	7	27	0	0	-5.34
2003	7	28	0	0	-5.34
2003	7	29	0	0	
2003	7	30	0	0	
2003	7	31	0	0	-5.34
2003	8	1	0	0	
2003	8	2	0	0	
2003	8	3	0	0	
2003	8	4	0	0	
2003	8	5	0	0	
2003	8	6	0	0	
2003	8	7	0	0	
2003	8	8	0	0	
2003	8	9	0	0	
2003	8	10	0	0	
2003	8	11	0	0	
2003	8	12	0	0	
2003	8	13	0	0	
2003	8	14	0	0	-5.76
2003	8	15	0	0	-5.76
2003	8	16	0	0	
2003	8	17	0	0	-5.76
2003	8	18	0	0	-5.76
2003	8	19	0	0	
2003	8	20	0	0	
2003	8	21	0	0	
2003	8	22	0	0	
2003	8	23	0	0	
2003	8	24	0	0	
2003	8	25	0	0	
2003	8	26	0	0	
2003	8	27	0	0	
2003	8	28	0	0	-6.56
2003	8	29	0	0	-6.56
2003	8	30	0	0	-6.56
2003	8	31	0	0	-6.56
2003	9	1	0	0	-6.56
2003	9	2	0	0	
2003	9	3	0	0	
2003	9	4	0	0	
2003	9	5	0	0	
2003	9	6	0	0	
2003	9	7	0	0	-8.38
2003	9	8	0	0	-8.38
2003	9	9	0	0	-8.38
2003	9	10	0	0	-8.38
2003	9	11	0	0	-8.38
2003	9	12	0	0	
2003	9	13	0	0	-8.38
2003	9	14	0	0	
2003	9	15	0	0	
2003	9	16	0	0	
2003	9	17	0	0	
2003	9	18	0	0	
2003	9	19	0	0	
2003	9	20	0	0	
2003	9	21	0	0	
2003	9	22	0	0	
2003	9	23	0	0	-8.17
2003	9	24	0	0	-8.17
2003	9	25	0	0	
2003	9	26	0	0	
2003	9	27	0	0	
2003	9	28	0	0	-8.17
2003	9	29	0	0	-8.17
2003	9	30	0	0	
2003	10	1	0	0	-8.17
2003	10	2	0	0	
2003	10	3	0	0	-9.5
2003	10	4	0	0	-9.5
2003	10	5	0	0	-9.5
2003	10	6	0	0	-9.5
2003	10	7	0	0	-9.5
2003	10	8	0	0	-9.5
2003	10	9	0	0	-9.5
2003	10	10	0	0	
2003	10	11	0	0	
2003	10	12	0	0	
2003	10	13	0	0	
2003	10	14	0	0	-9.5
2003	10	15	0	0	
2003	10	16	0	0	
2003	10	17	0	0	
2003	10	18	0	0	
2003	10	19	0	0	
2003	10	20	0	0	-17.95
2003	10	21	0	0	-17.95
2003	10	22	0	0	
2003	10	23	0	0	-17.95
2003	10	24	0	0	-17.95
2003	10	25	0	0	
2003	10	26	0	0	
2003	10	27	0	0	
2003	10	28	0	0	
2003	10	29	0	0	-17.7
2003	10	30	0	0	-17.7
2003	10	31	0	0	-17.7
2003	11	1	0	0	-17.7
2003	11	2	0	0	-17.7
2003	11	3	0	0	-17.7
2003	11	4	0	0	
2003	11	5	0	0	
2003	11	6	0	0	
2003	11	7	0	0	
2003	11	8	0	0	
2003	11	9	0	0	
2003	11	10	0	0	
2003	11	11	0	0	
2003	11	12	0	0	
2003	11	13	0	0	-16.3
2003	11	14	0	0	-16.3
2003	11	15	0	0	-16.3
2003	11	16	0	0	-16.3
2003	11	17	0	0	-16.3
2003	11	18	0	0	-16.3
2003	11	19	0	0	
2003	11	20	0	0	
2003	11	21	0	0	
2003	11	22	0	0	
2003	11	23	0	0	
2003	11	24	0	0	
2003	11	25	0	0	
2003	11	26	0	0	
2003	11	27	0	0	-18.8
2003	11	28	0	0	-18.8
2003	11	29	0	0	-18.8
2003	11	30	0	0	
2003	12	1	0	0	
2003	12	2	0	0	
2003	12	3	0	0	
2003	12	4	0	0	
2003	12	5	0	0	
2003	12	6	0	0	-18.8
2003	12	7	0	0	
2003	12	8	0	0	
2003	12	9	0	0	
2003	12	10	0	0	
2003	12	11	0	0	
2003	12	12	0	0	-10.03
2003	12	13	0	0	
2003	12	14	0	0	-10.03
2003	12	15	0	0	-10.03
2003	12	16	0	0	-10.03
2003	12	17	0	0	
2003	12	18	0	0	
2003	12	19	0	0	
2003	12	20	0	0	-10.03
2003	12	21	0	0	-10.03
2003	12	22	0	0	-10.03
2003	12	23	0	0	
2003	12	24	0	0	
2003	12	25	0	0	
2003	12	26	0	0	
2003	12	27	0	0	
2003	12	28	0	0	-19.26
2003	12	29	0	0	-19.26
2003	12	30	0	0	-19.26
2003	12	31	0	0	-19.26
2004	1	1	0	0	-19.26
2004	1	2	0	0	-19.26
2004	1	3	0	0	
2004	1	4	0	0	-19.26
2004	1	5	0	0	-19.26
2004	1	6	0	0	-19.26
2004	1	7	0	0	-11.97
2004	1	8	0	0	-11.97
2004	1	9	0	0	-11.97
2004	1	10	0	0	-11.97
2004	1	11	0	0	-11.97
2004	1	12	0	0	-11.97
2004	1	13	0	0	-11.97
2004	1	14	0	0	-11.97
2004	1	15	0	0	-11.97
2004	1	16	0	0	-11.97
2004	1	17	0	0	-11.97
2004	1	18	0	0	-11.97
2004	1	19	0	0	-11.97
2004	1	20	0	0	-11.97
2004	1	21	0	0	-14.98
2004	1	22	0	0	
2004	1	23	0	0	
2004	1	24	0	0	-14.98
2004	1	25	0	0	-14.98
2004	1	26	0	0	-14.98
2004	1	27	0	0	-14.98
2004	1	28	0	0	-14.98
2004	1	29	0	0	-14.98
2004	1	30	0	0	-14.98
2004	1	31	0	0	
2004	2	1	0	0	
2004	2	2	0	0	
2004	2	3	0	0	
2004	2	4	0	0	
2004	2	5	0	0	
2004	2	6	0	0	
2004	2	7	0	0	-8.42
2004	2	8	0	0	-8.42
2004	2	9	0	0	-8.42
2004	2	10	0	0	
2004	2	11	0	0	-8.42
2004	2	12	0	0	
2004	2	13	0	0	
2004	2	14	0	0	
2004	2	15	0	0	
2004	2	16	0	0	
2004	2	17	0	0	
2004	2	18	0	0	-13.32
2004	2	19	0	0	
2004	2	20	0	0	
2004	2	21	0	0	
2004	2	22	0	0	-13.32
2004	2	23	0	0	-13.32
2004	2	24	0	0	-13.32
2004	2	25	0	0	
2004	2	26	0	0	-13.27
2004	2	27	0	0	
2004	2	28	0	0	
2004	2	29	0	0	
2004	3	1	0	0	
2004	3	2	0	0	
2004	3	3	0	0	
2004	3	4	0	0	
2004	3	5	0	0	-13.27
2004	3	6	0	0	-13.27
2004	3	7	0	0	-13.27
2004	3	8	0	0	-13.27
2004	3	9	0	0	-11.42
2004	3	10	0	0	-11.42
2004	3	11	0	0	-11.42
2004	3	12	0	0	
2004	3	13	0	0	
2004	3	14	0	0	-11.42
2004	3	15	0	0	
2004	3	16	0	0	
2004	3	17	0	0	
2004	3	18	0	0	
2004	3	19	0	0	
2004	3	20	0	0	-11.42
2004	3	21	0	0	-11.42
2004	3	22	0	0	-11.42
2004	3	23	0	0	-11.42
2004	3	24	0	0	-11.42
2004	3	25	0	0	-9.49
2004	3	26	0	0	-9.49
2004	3	27	0	0	
2004	3	28	0	0	
2004	3	29	0	0	
2004	3	30	0	0	
2004	3	31	0	0	
2004	4	1	0	0	
2004	4	2	0	0	
2004	4	3	0	0	-9.49
2004	4	4	0	0	-9.49
2004	4	5	0	0	-9.49
2004	4	6	0	0	-9.49
2004	4	7	0	0	-9.49
2004	4	8	0	0	-11.85
2004	4	9	0	0	-11.85
2004	4	10	0	0	-11.85
2004	4	11	0	0	-11.85
2004	4	12	0	0	
2004	4	13	0	0	
2004	4	14	0	0	
2004	4	15	0	0	
2004	4	16	0	0	
2004	4	17	0	0	
2004	4	18	0	0	-11.85
2004	4	19	0	0	-11.85
2004	4	20	0	0	
2004	4	21	0	0	
2004	4	22	0	0	
2004	4	23	0	0	-10.24
2004	4	24	0	0	-10.24
2004	4	25	0	0	
2004	4	26	0	0	
2004	4	27	0	0	
2004	4	28	0	0	
2004	4	29	0	0	
2004	4	30	0	0	
2004	5	1	0	0	
2004	5	2	0	0	-10.24
2004	5	3	0	0	
2004	5	4	0	0	-10.24
2004	5	5	0	0	-10.24
2004	5	6	0	0	-15.6
2004	5	7	0	0	-15.6
2004	5	8	0	0	-15.6
2004	5	9	0	0	-15.6
2004	5	10	0	0	
2004	5	11	0	0	
2004	5	12	0	0	-15.6
2004	5	13	0	0	-15.6
2004	5	14	0	0	
2004	5	15	0	0	
2004	5	16	0	0	
2004	5	17	0	0	
2004	5	18	0	0	
2004	5	19	0	0	
2004	5	20	0	0	
2004	5	21	0	0	-8.55
2004	5	22	0	0	-8.55
2004	5	23	0	0	
2004	5	24	0	0	
2004	5	25	0	0	
2004	5	26	0	0	
2004	5	27	0	0	-8.55
2004	5	28	0	0	-8.55
2004	5	29	0	0	
2004	5	30	0	0	
2004	5	31	0	0	-8.55
2004	6	1	0	0	-8.55
2004	6	2	0	0	-8.55
2004	6	3	0	0	-11.71
2004	6	4	0	0	-11.71
2004	6	5	0	0	-11.71
2004	6	6	0	0	
2004	6	7	0	0	
2004	6	8	0	0	
2004	6	9	0	0	
2004	6	10	0	0	
2004	6	11	0	0	-11.71
2004	6	12	0	0	-11.71
2004	6	13	0	0	-11.71
2004	6	14	0	0	
2004	6	15	0	0	
2004	6	16	0	0	-11.71
2004	6	17	0	0	
2004	6	18	0	0	-5.11
2004	6	19	0	0	-5.11
2004	6	20	0	0	-5.11
2004	6	21	0	0	
2004	6	22	0	0	-5.11
2004	6	23	0	0	-5.11
2004	6	24	0	0	-5.11
2004	6	25	0	0	-5.11
2004	6	26	0	0	
2004	6	27	0	0	-5.11
2004	6	28	0	0	-5.11
2004	6	29	0	0	
2004	6	30	0	0	
2004	7	1	0	0	-5.42
2004	7	2	0	0	-5.42
2004	7	3	0	0	
2004	7	4	0	0	
2004	7	5	0	0	-5.42
2004	7	6	0	0	-5.42
2004	7	7	0	0	-5.42
2004	7	8	0	0	-5.42
2004	7	9	0	0	-5.42
2004	7	10	0	0	-5.42
2004	7	11	0	0	-5.42
2004	7	12	0	0	-5.42
2004	7	13	0	0	-5.42
2004	7	14	0	0	
2004	7	15	0	0	
2004	7	16	0	0	
2004	7	17	0	0	-5.11
2004	7	18	0	0	-5.11
2004	7	19	0	0	-5.11
2004	7	20	0	0	-5.11
2004	7	21	0	0	-5.11
2004	7	22	0	0	-5.11
2004	7	23	0	0	-5.11
2004	7	24	0	0	-5.11
2004	7	25	0	0	
2004	7	26	0	0	-5.11
2004	7	27	0	0	
2004	7	28	0	0	
2004	7	29	0	0	
2004	7	30	0	0	
2004	7	31	0	0	
2004	8	1	0	0	
2004	8	2	0	0	
2004	8	3	0	0	
2004	8	4	0	0	-8.64
2004	8	5	0	0	-8.64
2004	8	6	0	0	-8.64
2004	8	7	0	0	-8.64
2004	8	8	0	0	
2004	8	9	0	0	
2004	8	10	0	0	
2004	8	11	0	0	-5.92
2004	8	12	0	0	-5.92
2004	8	13	0	0	-5.92
2004	8	14	0	0	-5.92
2004	8	15	0	0	
2004	8	16	0	0	-5.92
2004	8	17	0	0	-5.92
2004	8	18	0	0	-5.92
2004	8	19	0	0	-5.92
2004	8	20	0	0	-5.92
2004	8	21	0	0	-5.92
2004	8	22	0	0	-5.92
2004	8	23	0	0	
2004	8	24	0	0	-5.92
2004	8	25	0	0	-5.92
2004	8	26	0	0	-8.3
2004	8	27	0	0	
2004	8	28	0	0	
2004	8	29	0	0	-8.3
2004	8	30	0	0	-8.3
2004	8	31	0	0	
2004	9	1	0	0	
2004	9	2	0	0	
2004	9	3	0	0	-8.3
2004	9	4	0	0	-8.3
2004	9	5	0	0	
2004	9	6	0	0	
2004	9	7	0	0	
2004	9	8	0	0	
2004	9	9	0	0	
2004	9	10	0	0	
2004	9	11	0	0	-5.44
2004	9	12	0	0	-5.44
2004	9	13	0	0	
2004	9	14	0	0	-5.44
2004	9	15	0	0	-5.44
2004	9	16	0	0	-6.87
2004	9	17	0	0	
2004	9	18	0	0	
2004	9	19	0	0	-6.87
2004	9	20	0	0	
2004	9	21	0	0	
2004	9	22	0	0	-6.87
2004	9	23	0	0	-6.87
2004	9	24	0	0	-6.87
2004	9	25	0	0	-6.87
2004	9	26	0	0	-6.87
2004	9	27	0	0	
2004	9	28	0	0	
2004	9	29	0	0	-7.92
2004	9	30	0	0	-7.92
2004	10	1	0	0	-7.92
2004	10	2	0	0	
2004	10	3	0	0	
2004	10	4	0	0	
2004	10	5	0	0	
2004	10	6	0	0	-7.92
2004	10	7	0	0	-7.92
2004	10	8	0	0	-7.92
2004	10	9	0	0	-7.92
2004	10	10	0	0	-7.92
2004	10	11	0	0	-7.92
2004	10	12	0	0	-7.92
2004	10	13	0	0	
2004	10	14	0	0	-9.44
2004	10	15	0	0	-9.44
2004	10	16	0	0	-9.44
2004	10	17	0	0	-9.44
2004	10	18	0	0	-9.44
2004	10	19	0	0	-9.44
2004	10	20	0	0	-9.44
2004	10	21	0	0	-9.44
2004	10	22	0	0	
2004	10	23	0	0	
2004	10	24	0	0	
2004	10	25	0	0	
2004	10	26	0	0	-9.44
2004	10	27	0	0	-10.4
2004	10	28	0	0	-10.4
2004	10	29	0	0	
2004	10	30	0	0	
2004	10	31	0	0	
2004	11	1	0	0	-10.4
2004	11	2	0	0	
2004	11	3	0	0	
2004	11	4	0	0	-10.4
2004	11	5	0	0	-10.4
2004	11	6	0	0	
2004	11	7	0	0	-10.4
2004	11	8	0	0	
2004	11	9	0	0	
2004	11	10	0	0	-10.4
2004	11	11	0	0	
2004	11	12	0	0	
2004	11	13	0	0	-9.45
2004	11	14	0	0	-9.45
2004	11	15	0	0	
2004	11	16	0	0	
2004	11	17	0	0	
2004	11	18	0	0	
2004	11	19	0	0	-9.45
2004	11	20	0	0	-9.45
2004	11	21	0	0	
2004	11	22	0	0	-9.45
2004	11	23	0	0	-9.45
2004	11	24	0	0	-9.45
2004	11	25	0	0	
2004	11	26	0	0	-6.7
2004	11	27	0	0	-6.7
2004	11	28	0	0	
2004	11	29	0	0	
2004	11	30	0	0	
2004	12	1	0	0	
2004	12	2	0	0	-6.7
2004	12	3	0	0	
2004	12	4	0	0	
2004	12	5	0	0	
2004	12	6	0	0	
2004	12	7	0	0	
2004	12	8	0	0	
2004	12	9	0	0	
2004	12	10	0	0	
2004	12	11	0	0	
2004	12	12	0	0	
2004	12	13	0	0	
2004	12	14	0	0	
2004	12	15	0	0	
2004	12	16	0	0	
2004	12	17	0	0	-12.91
2004	12	18	0	0	-12.91
2004	12	19	0	0	-12.91
2004	12	20	0	0	
2004	12	21	0	0	
2004	12	22	0	0	
2004	12	23	0	0	-10.88
2004	12	24	0	0	
2004	12	25	0	0	-10.88
2004	12	26	0	0	-10.88
2004	12	27	0	0	-10.88
2004	12	28	0	0	-10.88
2004	12	29	0	0	-10.88
2004	12	30	0	0	
2004	12	31	0	0	
2005	1	1	0	0	-10.88
2005	1	2	0	0	-10.88
2005	1	3	0	0	-10.88
2005	1	4	0	0	
2005	1	5	0	0	
2005	1	6	0	0	-6.08
2005	1	7	0	0	
2005	1	8	0	0	
2005	1	9	0	0	
2005	1	10	0	0	
2005	1	11	0	0	
2005	1	12	0	0	-6.08
2005	1	13	0	0	-6.08
2005	1	14	0	0	
2005	1	15	0	0	
2005	1	16	0	0	
2005	1	17	0	0	
2005	1	18	0	0	-7.11
2005	1	19	0	0	-7.11
2005	1	20	0	0	-7.11
2005	1	21	0	0	-7.11
2005	1	22	0	0	-7.11
2005	1	23	0	0	-7.11
2005	1	24	0	0	-7.11
2005	1	25	0	0	-7.11
2005	1	26	0	0	
2005	1	27	0	0	
2005	1	28	0	0	
2005	1	29	0	0	
2005	1	30	0	0	
2005	1	31	0	0	
2005	2	1	0	0	-7.11
2005	2	2	0	0	-12.08
2005	2	3	0	0	-12.08
2005	2	4	0	0	
2005	2	5	0	0	
2005	2	6	0	0	
2005	2	7	0	0	
2005	2	8	0	0	
2005	2	9	0	0	
2005	2	10	0	0	-12.08
2005	2	11	0	0	-12.08
2005	2	12	0	0	-12.08
2005	2	13	0	0	-12.08
2005	2	14	0	0	-12.08
2005	2	15	0	0	-12.08
2005	2	16	0	0	-19.04
2005	2	17	0	0	-19.04
2005	2	18	0	0	-19.04
2005	2	19	0	0	-19.04
2005	2	20	0	0	-19.04
2005	2	21	0	0	-19.04
2005	2	22	0	0	-19.04
2005	2	23	0	0	-19.04
2005	2	24	0	0	
2005	2	25	0	0	
2005	2	26	0	0	
2005	2	27	0	0	-19.04
2005	2	28	0	0	
2005	3	1	0	0	
2005	3	2	0	0	
2005	3	3	0	0	
2005	3	4	0	0	
2005	3	5	0	0	-13.87
2005	3	6	0	0	-13.87
2005	3	7	0	0	
2005	3	8	0	0	-13.87
2005	3	9	0	0	-13.87
2005	3	10	0	0	-13.87
2005	3	11	0	0	
2005	3	12	0	0	-13.87
2005	3	13	0	0	-13.87
2005	3	14	0	0	
2005	3	15	0	0	
2005	3	16	0	0	
2005	3	17	0	0	
2005	3	18	0	0	
2005	3	19	0	0	
2005	3	20	0	0	-11.02
2005	3	21	0	0	
2005	3	22	0	0	-11.02
2005	3	23	0	0	-11.02
2005	3	24	0	0	-11.02
2005	3	25	0	0	-11.02
2005	3	26	0	0	-11.02
2005	3	27	0	0	-11.02
2005	3	28	0	0	
2005	3	29	0	0	-11.02
2005	3	30	0	0	-11.02
2005	3	31	0	0	-12.67
2005	4	1	0	0	-12.67
2005	4	2	0	0	
2005	4	3	0	0	
2005	4	4	0	0	
2005	4	5	0	0	
2005	4	6	0	0	
2005	4	7	0	0	-12.67
2005	4	8	0	0	-12.67
2005	4	9	0	0	-12.67
2005	4	10	0	0	-12.67
2005	4	11	0	0	
2005	4	12	0	0	
2005	4	13	0	0	
2005	4	14	0	0	
2005	4	15	0	0	-11.51
2005	4	16	0	0	-11.51
2005	4	17	0	0	-11.51
2005	4	18	0	0	-11.51
2005	4	19	0	0	-11.51
2005	4	20	0	0	-11.51
2005	4	21	0	0	-11.51
2005	4	22	0	0	
2005	4	23	0	0	-11.51
2005	4	24	0	0	-11.51
2005	4	25	0	0	-11.51
2005	4	26	0	0	
2005	4	27	0	0	-6.89
2005	4	28	0	0	
2005	4	29	0	0	
2005	4	30	0	0	
2005	5	1	0	0	
2005	5	2	0	0	
2005	5	3	0	0	-6.89
2005	5	4	0	0	-6.89
2005	5	5	0	0	-6.89
2005	5	6	0	0	-6.89
2005	5	7	0	0	-6.89
2005	5	8	0	0	-6.89
2005	5	9	0	0	-6.89
2005	5	10	0	0	-6.89
2005	5	11	0	0	-6.89
2005	5	12	0	0	
2005	5	13	0	0	
2005	5	14	0	0	-9.39
2005	5	15	0	0	-9.39
2005	5	16	0	0	-9.39
2005	5	17	0	0	
2005	5	18	0	0	-9.39
2005	5	19	0	0	
2005	5	20	0	0	
2005	5	21	0	0	-9.39
2005	5	22	0	0	-9.39
2005	5	23	0	0	-9.39
2005	5	24	0	0	
2005	5	25	0	0	
2005	5	26	0	0	
2005	5	27	0	0	
2005	5	28	0	0	
2005	5	29	0	0	
2005	5	30	0	0	-6.75
2005	5	31	0	0	-6.75
2005	6	1	0	0	
2005	6	2	0	0	
2005	6	3	0	0	-6.75
2005	6	4	0	0	-6.75
2005	6	5	0	0	
2005	6	6	0	0	-6.75
2005	6	7	0	0	-6.75
2005	6	8	0	0	
2005	6	9	0	0	
2005	6	10	0	0	
2005	6	11	0	0	
2005	6	12	0	0	-3.74
2005	6	13	0	0	-3.74
2005	6	14	0	0	-3.74
2005	6	15	0	0	-3.74
2005	6	16	0	0	
2005	6	17	0	0	
2005	6	18	0	0	
2005	6	19	0	0	
2005	6	20	0	0	
2005	6	21	0	0	
2005	6	22	0	0	
2005	6	23	0	0	
2005	6	24	0	0	-6.18
2005	6	25	0	0	-6.18
2005	6	26	0	0	
2005	6	27	0	0	
2005	6	28	0	0	
2005	6	29	0	0	-6.18
2005	6	30	0	0	-6.18
2005	7	1	0	0	-6.18
2005	7	2	0	0	
2005	7	3	0	0	
2005	7	4	0	0	-6.18
2005	7	5	0	0	-6.18
2005	7	6	0	0	-6.18
2005	7	7	0	0	-6.21
2005	7	8	0	0	-6.21
2005	7	9	0	0	
2005	7	10	0	0	-6.21
2005	7	11	0	0	-6.21
2005	7	12	0	0	-6.21
2005	7	13	0	0	
2005	7	14	0	0	
2005	7	15	0	0	
2005	7	16	0	0	-6.21
2005	7	17	0	0	
2005	7	18	0	0	-6.21
2005	7	19	0	0	-6.21
2005	7	20	0	0	
2005	7	21	0	0	-5.18
2005	7	22	0	0	
2005	7	23	0	0	
2005	7	24	0	0	-5.18
2005	7	25	0	0	-5.18
2005	7	26	0	0	-5.18
2005	7	27	0	0	
2005	7	28	0	0	
2005	7	29	0	0	-5.18
2005	7	30	0	0	-5.18
2005	7	31	0	0	-5.18
2005	8	1	0	0	-5.18
2005	8	2	0	0	-5.18
2005	8	3	0	0	-5.18
2005	8	4	0	0	-8.62
2005	8	5	0	0	-8.62
2005	8	6	0	0	-8.62
2005	8	7	0	0	-8.62
2005	8	8	0	0	-8.62
2005	8	9	0	0	
2005	8	10	0	0	
2005	8	11	0	0	
2005	8	12	0	0	-8.62
2005	8	13	0	0	-8.62
2005	8	14	0	0	-8.62
2005	8	15	0	0	-8.62
2005	8	16	0	0	-8.62
2005	8	17	0	0	
2005	8	18	0	0	-8.88
2005	8	19	0	0	-8.88
2005	8	20	0	0	-8.88
2005	8	21	0	0	-8.88
2005	8	22	0	0	-8.88
2005	8	23	0	0	-8.88
2005	8	24	0	0	-8.88
2005	8	25	0	0	-8.88
2005	8	26	0	0	-8.88
2005	8	27	0	0	
2005	8	28	0	0	-8.88
2005	8	29	0	0	
2005	8	30	0	0	
2005	8	31	0	0	
2005	9	1	0	0	
2005	9	2	0	0	
2005	9	3	0	0	
2005	9	4	0	0	
2005	9	5	0	0	
2005	9	6	0	0	
2005	9	7	0	0	
2005	9	8	0	0	
2005	9	9	0	0	-10.34
2005	9	10	0	0	-10.34
2005	9	11	0	0	-10.34
2005	9	12	0	0	
2005	9	13	0	0	
2005	9	14	0	0	
2005	9	15	0	0	
2005	9	16	0	0	-10.86
2005	9	17	0	0	-10.86
2005	9	18	0	0	
2005	9	19	0	0	
2005	9	20	0	0	
2005	9	21	0	0	
2005	9	22	0	0	
2005	9	23	0	0	
2005	9	24	0	0	
2005	9	25	0	0	
2005	9	26	0	0	
2005	9	27	0	0	
2005	9	28	0	0	-10.43
2005	9	29	0	0	-10.43
2005	9	30	0	0	-10.43
2005	10	1	0	0	-10.43
2005	10	2	0	0	-10.43
2005	10	3	0	0	-10.43
2005	10	4	0	0	-10.43
2005	10	5	0	0	
2005	10	6	0	0	
2005	10	7	0	0	
2005	10	8	0	0	
2005	10	9	0	0	
2005	10	10	0	0	
2005	10	11	0	0	-10.43
2005	10	12	0	0	
2005	10	13	0	0	
2005	10	14	0	0	
2005	10	15	0	0	-9.41
2005	10	16	0	0	-9.41
2005	10	17	0	0	-9.41
2005	10	18	0	0	
2005	10	19	0	0	-9.41
2005	10	20	0	0	
2005	10	21	0	0	
2005	10	22	0	0	
2005	10	23	0	0	-9.41
2005	10	24	0	0	
2005	10	25	0	0	
2005	10	26	0	0	
2005	10	27	0	0	
2005	10	28	0	0	
2005	10	29	0	0	
2005	10	30	0	0	
2005	10	31	0	0	
2005	11	1	0	0	
2005	11	2	0	0	
2005	11	3	0	0	-12.12
2005	11	4	0	0	-12.12
2005	11	5	0	0	-12.12
2005	11	6	0	0	
2005	11	7	0	0	
2005	11	8	0	0	
2005	11	9	0	0	
2005	11	10	0	0	
2005	11	11	0	0	
2005	11	12	0	0	
2005	11	13	0	0	
2005	11	14	0	0	
2005	11	15	0	0	
2005	11	16	0	0	-8.13
2005	11	17	0	0	-8.13
2005	11	18	0	0	
2005	11	19	0	0	-8.13
2005	11	20	0	0	
2005	11	21	0	0	-8.13
2005	11	22	0	0	
2005	11	23	0	0	-8.13
2005	11	24	0	0	
2005	11	25	0	0	-17.62
2005	11	26	0	0	
2005	11	27	0	0	-17.62
2005	11	28	0	0	-17.62
2005	11	29	0	0	
2005	11	30	0	0	
2005	12	1	0	0	
2005	12	2	0	0	
2005	12	3	0	0	-17.62
2005	12	4	0	0	-17.62
2005	12	5	0	0	-17.62
2005	12	6	0	0	-17.62
2005	12	7	0	0	-9.3
2005	12	8	0	0	-9.3
2005	12	9	0	0	-9.3
2005	12	10	0	0	
2005	12	11	0	0	
2005	12	12	0	0	
2005	12	13	0	0	
2005	12	14	0	0	
2005	12	15	0	0	
2005	12	16	0	0	-9.3
2005	12	17	0	0	-9.3
2005	12	18	0	0	-9.3
2005	12	19	0	0	-9.3
2005	12	20	0	0	
2005	12	21	0	0	
2005	12	22	0	0	
2005	12	23	0	0	-13.29
2005	12	24	0	0	
2005	12	25	0	0	-13.29
2005	12	26	0	0	-13.29
2005	12	27	0	0	-13.29
2005	12	28	0	0	-13.29
2005	12	29	0	0	-13.29
2005	12	30	0	0	-13.29
2005	12	31	0	0	-13.29
2006	1	1	0	0	-13.29
2006	1	2	0	0	-13.29
2006	1	3	0	0	-13.29
2006	1	4	0	0	-13.29
2006	1	5	0	0	
2006	1	6	0	0	
2006	1	7	0	0	
2006	1	8	0	0	
2006	1	9	0	0	
2006	1	10	0	0	
2006	1	11	0	0	
2006	1	12	0	0	
2006	1	13	0	0	
2006	1	14	0	0	
2006	1	15	0	0	
2006	1	16	0	0	-15.5
2006	1	17	0	0	-15.5
2006	1	18	0	0	-13.55
2006	1	19	0	0	-13.55
2006	1	20	0	0	
2006	1	21	0	0	-13.55
2006	1	22	0	0	-13.55
2006	1	23	0	0	
2006	1	24	0	0	
2006	1	25	0	0	
2006	1	26	0	0	-13.55
2006	1	27	0	0	
2006	1	28	0	0	
2006	1	29	0	0	
2006	1	30	0	0	
2006	1	31	0	0	
2006	2	1	0	0	
2006	2	2	0	0	
2006	2	3	0	0	
2006	2	4	0	0	
2006	2	5	0	0	
2006	2	6	0	0	
2006	2	7	0	0	
2006	2	8	0	0	-9.59
2006	2	9	0	0	-9.59
2006	2	10	0	0	-9.59
2006	2	11	0	0	-9.59
2006	2	12	0	0	
2006	2	13	0	0	
2006	2	14	0	0	
2006	2	15	0	0	-13.9
2006	2	16	0	0	-13.9
2006	2	17	0	0	-13.9
2006	2	18	0	0	-13.9
2006	2	19	0	0	
2006	2	20	0	0	
2006	2	21	0	0	
2006	2	22	0	0	
2006	2	23	0	0	-13.9
2006	2	24	0	0	
2006	2	25	0	0	-13.9
2006	2	26	0	0	-13.9
2006	2	27	0	0	-13.9
2006	2	28	0	0	-13.9
2006	3	1	0	0	-15.57
2006	3	2	0	0	-15.57
2006	3	3	0	0	-15.57
2006	3	4	0	0	-15.57
2006	3	5	0	0	-15.57
2006	3	6	0	0	-15.57
2006	3	7	0	0	-15.57
2006	3	8	0	0	-15.57
2006	3	9	0	0	-15.57
2006	3	10	0	0	-15.57
2006	3	11	0	0	-15.57
2006	3	12	0	0	-15.57
2006	3	13	0	0	
2006	3	14	0	0	
2006	3	15	0	0	
2006	3	16	0	0	
2006	3	17	0	0	
2006	3	18	0	0	
2006	3	19	0	0	
2006	3	20	0	0	
2006	3	21	0	0	-11.61
2006	3	22	0	0	-11.61
2006	3	23	0	0	-11.61
2006	3	24	0	0	-11.61
2006	3	25	0	0	-11.61
2006	3	26	0	0	-11.61
2006	3	27	0	0	-11.61
2006	3	28	0	0	-11.61
2006	3	29	0	0	-12.46
2006	3	30	0	0	-12.46
2006	3	31	0	0	-12.46
2006	4	1	0	0	-12.46
2006	4	2	0	0	-12.46
2006	4	3	0	0	-12.46
2006	4	4	0	0	
2006	4	5	0	0	-12.46
2006	4	6	0	0	-12.46
2006	4	7	0	0	
2006	4	8	0	0	
2006	4	9	0	0	-12.46
2006	4	10	0	0	-12.46
2006	4	11	0	0	-12.46
2006	4	12	0	0	-12.46
2006	4	13	0	0	-7.35
2006	4	14	0	0	-7.35
2006	4	15	0	0	-7.35
2006	4	16	0	0	-7.35
2006	4	17	0	0	-7.35
2006	4	18	0	0	-7.35
2006	4	19	0	0	
2006	4	20	0	0	
2006	4	21	0	0	
2006	4	22	0	0	-7.35
2006	4	23	0	0	-7.35
2006	4	24	0	0	
2006	4	25	0	0	
2006	4	26	0	0	-7.35
2006	4	27	0	0	-9.13
2006	4	28	0	0	-9.13
2006	4	29	0	0	-9.13
2006	4	30	0	0	
2006	5	1	0	0	
2006	5	2	0	0	
2006	5	3	0	0	
2006	5	4	0	0	
2006	5	5	0	0	-9.13
2006	5	6	0	0	
2006	5	7	0	0	
2006	5	8	0	0	-9.13
2006	5	9	0	0	-9.13
2006	5	10	0	0	-7.7
2006	5	11	0	0	
2006	5	12	0	0	-7.7
2006	5	13	0	0	-7.7
2006	5	14	0	0	-7.7
2006	5	15	0	0	
2006	5	16	0	0	-7.7
2006	5	17	0	0	
2006	5	18	0	0	-7.7
2006	5	19	0	0	-7.7
2006	5	20	0	0	-7.7
2006	5	21	0	0	-7.7
2006	5	22	0	0	-7.7
2006	5	23	0	0	-7.7
2006	5	24	0	0	-9.55
2006	5	25	0	0	
2006	5	26	0	0	
2006	5	27	0	0	-9.55
2006	5	28	0	0	-9.55
2006	5	29	0	0	-9.55
2006	5	30	0	0	-9.55
2006	5	31	0	0	-9.55
2006	6	1	0	0	-9.55
2006	6	2	0	0	-9.55
2006	6	3	0	0	-9.55
2006	6	4	0	0	-9.55
2006	6	5	0	0	-9.55
2006	6	6	0	0	-9.55
2006	6	7	0	0	
2006	6	8	0	0	
2006	6	9	0	0	
2006	6	10	0	0	
2006	6	11	0	0	
2006	6	12	0	0	
2006	6	13	0	0	
2006	6	14	0	0	
2006	6	15	0	0	
2006	6	16	0	0	
2006	6	17	0	0	-0.94
2006	6	18	0	0	-0.94
2006	6	19	0	0	
2006	6	20	0	0	
2006	6	21	0	0	
2006	6	22	0	0	
2006	6	23	0	0	
2006	6	24	0	0	
2006	6	25	0	0	
2006	6	26	0	0	
2006	6	27	0	0	
2006	6	28	0	0	
2006	6	29	0	0	
2006	6	30	0	0	
2006	7	1	0	0	
2006	7	2	0	0	
2006	7	3	0	0	
2006	7	4	0	0	
2006	7	5	0	0	-8.47
2006	7	6	0	0	-8.47
2006	7	7	0	0	-8.47
2006	7	8	0	0	
2006	7	9	0	0	
2006	7	10	0	0	
2006	7	11	0	0	
2006	7	12	0	0	
2006	7	13	0	0	
2006	7	14	0	0	
2006	7	15	0	0	
2006	7	16	0	0	
2006	7	17	0	0	
2006	7	18	0	0	
2006	7	19	0	0	
2006	7	20	0	0	
2006	7	21	0	0	
2006	7	22	0	0	-5.08
2006	7	23	0	0	
2006	7	24	0	0	
2006	7	25	0	0	
2006	7	26	0	0	
2006	7	27	0	0	
2006	7	28	0	0	-5.08
2006	7	29	0	0	-5.08
2006	7	30	0	0	-5.08
2006	7	31	0	0	-5.08
2006	8	1	0	0	-10.7
2006	8	2	0	0	-10.7
2006	8	3	0	0	-10.7
2006	8	4	0	0	-10.7
2006	8	5	0	0	-10.7
2006	8	6	0	0	-10.7
2006	8	7	0	0	-10.7
2006	8	8	0	0	-10.7
2006	8	9	0	0	-10.7
2006	8	10	0	0	-10.7
2006	8	11	0	0	-10.7
2006	8	12	0	0	-10.7
2006	8	13	0	0	-10.7
2006	8	14	0	0	-10.7
2006	8	15	0	0	
2006	8	16	0	0	-8.34
2006	8	17	0	0	
2006	8	18	0	0	-8.34
2006	8	19	0	0	-8.34
2006	8	20	0	0	-8.34
2006	8	21	0	0	
2006	8	22	0	0	-8.34
2006	8	23	0	0	
2006	8	24	0	0	-8.34
2006	8	25	0	0	
2006	8	26	0	0	-8.34
2006	8	27	0	0	-8.34
2006	8	28	0	0	-8.34
2006	8	29	0	0	-8.34
2006	8	30	0	0	-10.8
2006	8	31	0	0	
2006	9	1	0	0	
2006	9	2	0	0	
2006	9	3	0	0	-10.8
2006	9	4	0	0	
2006	9	5	0	0	
2006	9	6	0	0	
2006	9	7	0	0	-10.8
2006	9	8	0	0	-10.8
2006	9	9	0	0	
2006	9	10	0	0	
2006	9	11	0	0	
2006	9	12	0	0	
2006	9	13	0	0	
2006	9	14	0	0	
2006	9	15	0	0	-9.38
2006	9	16	0	0	-9.38
2006	9	17	0	0	-9.38
2006	9	18	0	0	-9.38
2006	9	19	0	0	-9.38
2006	9	20	0	0	
2006	9	21	0	0	
2006	9	22	0	0	
2006	9	23	0	0	
2006	9	24	0	0	
2006	9	25	0	0	-9.38
2006	9	26	0	0	-9.38
2006	9	27	0	0	-7.79
2006	9	28	0	0	
2006	9	29	0	0	
2006	9	30	0	0	-7.79
2006	10	1	0	0	-7.79
2006	10	2	0	0	-7.79
2006	10	3	0	0	-7.79
2006	10	4	0	0	-7.79
2006	10	5	0	0	-10.45
2006	10	6	0	0	
2006	10	7	0	0	-10.45
2006	10	8	0	0	
2006	10	9	0	0	
2006	10	10	0	0	
2006	10	11	0	0	
2006	10	12	0	0	
2006	10	13	0	0	
2006	10	14	0	0	-10.45
2006	10	15	0	0	
2006	10	16	0	0	
2006	10	17	0	0	
2006	10	18	0	0	
2006	10	19	0	0	
2006	10	20	0	0	
2006	10	21	0	0	
2006	10	22	0	0	
2006	10	23	0	0	
2006	10	24	0	0	-9.09
2006	10	25	0	0	
2006	10	26	0	0	
2006	10	27	0	0	
2006	10	28	0	0	
2006	10	29	0	0	-9.09
2006	10	30	0	0	
2006	10	31	0	0	
2006	11	1	0	0	-8.7
2006	11	2	0	0	
2006	11	3	0	0	
2006	11	4	0	0	
2006	11	5	0	0	
2006	11	6	0	0	
2006	11	7	0	0	
2006	11	8	0	0	
2006	11	9	0	0	-8.7
2006	11	10	0	0	
2006	11	11	0	0	-8.7
2006	11	12	0	0	-8.7
2006	11	13	0	0	-8.7
2006	11	14	0	0	-8.7
2006	11	15	0	0	
2006	11	16	0	0	
2006	11	17	0	0	
2006	11	18	0	0	
2006	11	19	0	0	-13.76
2006	11	20	0	0	-13.76
2006	11	21	0	0	-13.76
2006	11	22	0	0	-13.76
2006	11	23	0	0	-13.76
2006	11	24	0	0	-13.76
2006	11	25	0	0	
2006	11	26	0	0	
2006	11	27	0	0	
2006	11	28	0	0	
2006	11	29	0	0	-12.7
2006	11	30	0	0	
2006	12	1	0	0	
2006	12	2	0	0	
2006	12	3	0	0	-12.7
2006	12	4	0	0	-12.7
2006	12	5	0	0	-12.7
2006	12	6	0	0	-12.7
2006	12	7	0	0	-12.7
2006	12	8	0	0	-12.7
2006	12	9	0	0	-12.7
2006	12	10	0	0	-12.7
2006	12	11	0	0	
2006	12	12	0	0	-12.7
2006	12	13	0	0	
2006	12	14	0	0	
2006	12	15	0	0	
2006	12	16	0	0	-8.8
2006	12	17	0	0	-8.8
2006	12	18	0	0	-8.8
2006	12	19	0	0	
2006	12	20	0	0	
2006	12	21	0	0	
2006	12	22	0	0	
2006	12	23	0	0	
2006	12	24	0	0	
2006	12	25	0	0	
2006	12	26	0	0	
2006	12	27	0	0	
2006	12	28	0	0	
2006	12	29	0	0	
2006	12	30	0	0	
2006	12	31	0	0	-10.06
2007	1	1	0	0	-10.06
2007	1	2	0	0	-10.06
2007	1	3	0	0	-10.06
2007	1	4	0	0	-10.06
2007	1	5	0	0	-10.06
2007	1	6	0	0	
2007	1	7	0	0	-10.06
2007	1	8	0	0	-10.06
2007	1	9	0	0	-10.06
2007	1	10	0	0	-10.06
2007	1	11	0	0	-6.02
2007	1	12	0	0	-6.02
2007	1	13	0	0	
2007	1	14	0	0	
2007	1	15	0	0	
2007	1	16	0	0	
2007	1	17	0	0	
2007	1	18	0	0	-6.02
2007	1	19	0	0	-6.02
2007	1	20	0	0	
2007	1	21	0	0	-6.02
2007	1	22	0	0	-6.02
2007	1	23	0	0	-6.02
2007	1	24	0	0	-6.02
2007	1	25	0	0	-11.62
2007	1	26	0	0	-11.62
2007	1	27	0	0	-11.62
2007	1	28	0	0	
2007	1	29	0	0	
2007	1	30	0	0	
2007	1	31	0	0	
2007	2	1	0	0	
2007	2	2	0	0	
2007	2	3	0	0	-11.62
2007	2	4	0	0	
2007	2	5	0	0	
2007	2	6	0	0	-11.62
2007	2	7	0	0	-11.62
2007	2	8	0	0	-12.82
2007	2	9	0	0	-12.82
2007	2	10	0	0	-12.82
2007	2	11	0	0	-12.82
2007	2	12	0	0	-12.82
2007	2	13	0	0	-12.82
2007	2	14	0	0	-12.82
2007	2	15	0	0	-11.72
2007	2	16	0	0	
2007	2	17	0	0	
2007	2	18	0	0	
2007	2	19	0	0	
2007	2	20	0	0	
2007	2	21	0	0	
2007	2	22	0	0	
2007	2	23	0	0	
2007	2	24	0	0	-11.72
2007	2	25	0	0	-11.72
2007	2	26	0	0	-11.72
2007	2	27	0	0	-11.72
2007	2	28	0	0	-11.72
2007	3	1	0	0	-13.84
2007	3	2	0	0	-13.84
2007	3	3	0	0	-13.84
2007	3	4	0	0	
2007	3	5	0	0	-13.84
2007	3	6	0	0	
2007	3	7	0	0	-13.84
2007	3	8	0	0	-13.84
2007	3	9	0	0	-13.84
2007	3	10	0	0	-13.84
2007	3	11	0	0	
2007	3	12	0	0	
2007	3	13	0	0	
2007	3	14	0	0	
2007	3	15	0	0	
2007	3	16	0	0	
2007	3	17	0	0	
2007	3	18	0	0	-12.93
2007	3	19	0	0	-12.93
2007	3	20	0	0	-12.93
2007	3	21	0	0	-12.93
2007	3	22	0	0	-12.93
2007	3	23	0	0	-12.93
2007	3	24	0	0	-12.93
2007	3	25	0	0	
2007	3	26	0	0	
2007	3	27	0	0	
2007	3	28	0	0	
2007	3	29	0	0	-10.55
2007	3	30	0	0	
2007	3	31	0	0	-10.55
2007	4	1	0	0	
2007	4	2	0	0	
2007	4	3	0	0	-10.55
2007	4	4	0	0	-10.55
2007	4	5	0	0	
2007	4	6	0	0	
2007	4	7	0	0	
2007	4	8	0	0	
2007	4	9	0	0	
2007	4	10	0	0	
2007	4	11	0	0	
2007	4	12	0	0	
2007	4	13	0	0	
2007	4	14	0	0	
2007	4	15	0	0	
2007	4	16	0	0	
2007	4	17	0	0	
2007	4	18	0	0	
2007	4	19	0	0	
2007	4	20	0	0	
2007	4	21	0	0	
2007	4	22	0	0	
2007	4	23	0	0	
2007	4	24	0	0	
2007	4	25	0	0	
2007	4	26	0	0	
2007	4	27	0	0	-14.26
2007	4	28	0	0	
2007	4	29	0	0	
2007	4	30	0	0	
2007	5	1	0	0	
2007	5	2	0	0	-14.26
2007	5	3	0	0	-14.26
2007	5	4	0	0	-14.26
2007	5	5	0	0	-14.26
2007	5	6	0	0	-14.26
2007	5	7	0	0	-14.26
2007	5	8	0	0	-14.26
2007	5	9	0	0	-9.9
2007	5	10	0	0	
2007	5	11	0	0	
2007	5	12	0	0	-9.9
2007	5	13	0	0	
2007	5	14	0	0	-9.9
2007	5	15	0	0	-9.9
2007	5	16	0	0	-9.9
2007	5	17	0	0	-9.9
2007	5	18	0	0	
2007	5	19	0	0	
2007	5	20	0	0	
2007	5	21	0	0	
2007	5	22	0	0	
2007	5	23	0	0	
2007	5	24	0	0	-9.9
2007	5	25	0	0	-12.09
2007	5	26	0	0	
2007	5	27	0	0	-12.09
2007	5	28	0	0	-12.09
2007	5	29	0	0	-12.09
2007	5	30	0	0	
2007	5	31	0	0	-12.09
2007	6	1	0	0	-12.09
2007	6	2	0	0	-12.09
2007	6	3	0	0	
2007	6	4	0	0	
2007	6	5	0	0	
2007	6	6	0	0	
2007	6	7	0	0	-10.98
2007	6	8	0	0	
2007	6	9	0	0	-10.98
2007	6	10	0	0	-10.98
2007	6	11	0	0	-10.98
2007	6	12	0	0	
2007	6	13	0	0	-10.98
2007	6	14	0	0	
2007	6	15	0	0	-10.98
2007	6	16	0	0	-10.98
2007	6	17	0	0	
2007	6	18	0	0	-10.98
2007	6	19	0	0	-10.98
2007	6	20	0	0	-7.81
2007	6	21	0	0	-7.81
2007	6	22	0	0	-7.81
2007	6	23	0	0	
2007	6	24	0	0	-7.81
2007	6	25	0	0	-7.81
2007	6	26	0	0	-7.81
2007	6	27	0	0	-7.81
2007	6	28	0	0	
2007	6	29	0	0	
2007	6	30	0	0	
2007	7	1	0	0	-7.81
2007	7	2	0	0	-7.81
2007	7	3	0	0	-7.81
2007	7	4	0	0	-7.81
2007	7	5	0	0	-8.83
2007	7	6	0	0	-8.83
2007	7	7	0	0	-8.83
2007	7	8	0	0	-8.83
2007	7	9	0	0	-8.83
2007	7	10	0	0	-8.83
2007	7	11	0	0	-8.83
2007	7	12	0	0	-8.83
2007	7	13	0	0	
2007	7	14	0	0	
2007	7	15	0	0	
2007	7	16	0	0	
2007	7	17	0	0	
2007	7	18	0	0	-8.64
2007	7	19	0	0	-8.64
2007	7	20	0	0	-8.64
2007	7	21	0	0	-8.64
2007	7	22	0	0	-8.64
2007	7	23	0	0	-8.64
2007	7	24	0	0	-8.64
2007	7	25	0	0	
2007	7	26	0	0	
2007	7	27	0	0	-8.64
2007	7	28	0	0	
2007	7	29	0	0	-8.64
2007	7	30	0	0	-8.64
2007	7	31	0	0	
2007	8	1	0	0	
2007	8	2	0	0	-10.31
2007	8	3	0	0	-10.31
2007	8	4	0	0	
2007	8	5	0	0	
2007	8	6	0	0	
2007	8	7	0	0	-10.31
2007	8	8	0	0	-10.31
2007	8	9	0	0	-10.31
2007	8	10	0	0	
2007	8	11	0	0	-10.31
2007	8	12	0	0	-10.31
2007	8	13	0	0	-10.31
2007	8	14	0	0	
2007	8	15	0	0	
2007	8	16	0	0	-6.6
2007	8	17	0	0	-6.6
2007	8	18	0	0	
2007	8	19	0	0	-6.6
2007	8	20	0	0	-6.6
2007	8	21	0	0	-6.6
2007	8	22	0	0	
2007	8	23	0	0	-6.6
2007	8	24	0	0	
2007	8	25	0	0	
2007	8	26	0	0	
2007	8	27	0	0	
2007	8	28	0	0	-6.6
2007	8	29	0	0	-6.52
2007	8	30	0	0	-6.52
2007	8	31	0	0	
2007	9	1	0	0	-6.52
2007	9	2	0	0	
2007	9	3	0	0	-6.52
2007	9	4	0	0	-6.52
2007	9	5	0	0	-6.52
2007	9	6	0	0	-6.52
2007	9	7	0	0	
2007	9	8	0	0	
2007	9	9	0	0	
2007	9	10	0	0	
2007	9	11	0	0	-6.52
2007	9	12	0	0	
2007	9	13	0	0	
2007	9	14	0	0	-10.12
2007	9	15	0	0	
2007	9	16	0	0	
2007	9	17	0	0	-10.12
2007	9	18	0	0	-10.12
2007	9	19	0	0	
2007	9	20	0	0	
2007	9	21	0	0	
2007	9	22	0	0	
2007	9	23	0	0	
2007	9	24	0	0	-10.12
2007	9	25	0	0	-8.51
2007	9	26	0	0	-8.51
2007	9	27	0	0	-8.51
2007	9	28	0	0	-8.51
2007	9	29	0	0	-8.51
2007	9	30	0	0	-8.51
2007	10	1	0	0	
2007	10	2	0	0	
2007	10	3	0	0	
2007	10	4	0	0	-8.51
2007	10	5	0	0	-8.51
2007	10	6	0	0	
2007	10	7	0	0	
2007	10	8	0	0	
2007	10	9	0	0	
2007	10	10	0	0	
2007	10	11	0	0	
2007	10	12	0	0	
2007	10	13	0	0	
2007	10	14	0	0	
2007	10	15	0	0	
2007	10	16	0	0	
2007	10	17	0	0	-9.49
2007	10	18	0	0	-9.49
2007	10	19	0	0	-9.49
2007	10	20	0	0	-9.49
2007	10	21	0	0	-9.49
2007	10	22	0	0	-9.49
2007	10	23	0	0	
2007	10	24	0	0	
2007	10	25	0	0	
2007	10	26	0	0	
2007	10	27	0	0	
2007	10	28	0	0	
2007	10	29	0	0	
2007	10	30	0	0	-9.17
2007	10	31	0	0	-9.17
2007	11	1	0	0	
2007	11	2	0	0	
2007	11	3	0	0	
2007	11	4	0	0	-9.17
2007	11	5	0	0	
2007	11	6	0	0	-9.17
2007	11	7	0	0	-9.17
2007	11	8	0	0	-9.58
2007	11	9	0	0	-9.58
2007	11	10	0	0	-9.58
2007	11	11	0	0	-9.58
2007	11	12	0	0	-9.58
2007	11	13	0	0	-9.58
2007	11	14	0	0	-9.58
2007	11	15	0	0	-9.58
2007	11	16	0	0	
2007	11	17	0	0	
2007	11	18	0	0	
2007	11	19	0	0	
2007	11	20	0	0	
2007	11	21	0	0	
2007	11	22	0	0	
2007	11	23	0	0	-12.47
2007	11	24	0	0	-12.47
2007	11	25	0	0	-12.47
2007	11	26	0	0	
2007	11	27	0	0	
2007	11	28	0	0	
2007	11	29	0	0	
2007	11	30	0	0	-12.47
2007	12	1	0	0	-12.47
2007	12	2	0	0	-12.47
2007	12	3	0	0	-12.47
2007	12	4	0	0	-12.47
2007	12	5	0	0	-12.47
2007	12	6	0	0	-11.3
2007	12	7	0	0	-11.3
2007	12	8	0	0	-11.3
2007	12	9	0	0	-11.3
2007	12	10	0	0	-11.3
2007	12	11	0	0	-11.3
2007	12	12	0	0	-11.3
2007	12	13	0	0	-11.3
2007	12	14	0	0	
2007	12	15	0	0	
2007	12	16	0	0	
2007	12	17	0	0	
2007	12	18	0	0	
2007	12	19	0	0	
2007	12	20	0	0	
2007	12	21	0	0	
2007	12	22	0	0	
2007	12	23	0	0	
2007	12	24	0	0	
2007	12	25	0	0	
2007	12	26	0	0	-8.45
2007	12	27	0	0	
2007	12	28	0	0	
2007	12	29	0	0	
2007	12	30	0	0	-8.45
2007	12	31	0	0	
