YYYY	MM	DD	hh	mm	PET	R_R0
2011	1	1	0	0	0.08223902699999999	0
2011	1	2	0	0	0.105031081	0
2011	1	3	0	0	0.269983808	0
2011	1	4	0	0	0.068496379	0
2011	1	5	0	0	0.366773849	0
2011	1	6	0	0	0.385024512	0
2011	1	7	0	0	0.312318415	0
2011	1	8	0	0	0.558975402	0
2011	1	9	0	0	0.22319125999999997	0
2011	1	10	0	0	0.050520947	0
2011	1	11	0	0	0.28050042399999997	0
2011	1	12	0	0	0.213232473	0
2011	1	13	0	0	0.570205029	0
2011	1	14	0	0	0.345701918	0
2011	1	15	0	0	0.655753044	0
2011	1	16	0	0	0.295079294	0
2011	1	17	0	0	0.39469875	0
2011	1	18	0	0	0.214174848	0
2011	1	19	0	0	0.07578879499999999	0
2011	1	20	0	0	0.178794039	0
2011	1	21	0	0	0.40417927	0
2011	1	22	0	0	0.446540899	0
2011	1	23	0	0	0.487815224	0
2011	1	24	0	0	0.24414216900000002	0
2011	1	25	0	0	0.366749947	0
2011	1	26	0	0	0.403223425	0
2011	1	27	0	0	0.121321911	0
2011	1	28	0	0	0.353662927	0
2011	1	29	0	0	0.200483523	0
2011	1	30	0	0	0.058599364	0
2011	1	31	0	0	0.044282119	0
2011	2	1	0	0	0.053599855	0
2011	2	2	0	0	0.403180576	0
2011	2	3	0	0	0.390160253	0
2011	2	4	0	0	0.721968076	0
2011	2	5	0	0	1.119185269	0
2011	2	6	0	0	0.891629398	0
2011	2	7	0	0	1.029860273	0
2011	2	8	0	0	0.9187166019999999	0
2011	2	9	0	0	0.417256126	0
2011	2	10	0	0	0.77413221	0
2011	2	11	0	0	1.080151247	0
2011	2	12	0	0	1.054525398	0
2011	2	13	0	0	0.725817163	0
2011	2	14	0	0	0.950125762	0
2011	2	15	0	0	0.249978767	0
2011	2	16	0	0	0.097774042	0
2011	2	17	0	0	0.48807863	0
2011	2	18	0	0	0.272399483	0
2011	2	19	0	0	0.805722373	0
2011	2	20	0	0	0.045762371999999996	0
2011	2	21	0	0	0.110625975	0
2011	2	22	0	0	0.166706529	0
2011	2	23	0	0	0.880051522	0
2011	2	24	0	0	0.256443059	0
2011	2	25	0	0	0.154646658	0
2011	2	26	0	0	0.287558495	0
2011	2	27	0	0	0.324080231	0
2011	2	28	0	0	0.270055989	0
2011	3	1	0	0	0.999036348	0
2011	3	2	0	0	1.792808112	0
2011	3	3	0	0	1.146112029	0
2011	3	4	0	0	0.906532464	0
2011	3	5	0	0	0.413205211	0
2011	3	6	0	0	0.94757835	0
2011	3	7	0	0	1.740755154	0
2011	3	8	0	0	1.441912559	0
2011	3	9	0	0	1.7711609609999999	0
2011	3	10	0	0	1.543903852	0
2011	3	11	0	0	1.042068974	0
2011	3	12	0	0	1.187746814	0
2011	3	13	0	0	0.303933482	0
2011	3	14	0	0	1.959154841	0
2011	3	15	0	0	1.609253611	0
2011	3	16	0	0	0.7385336450000001	0
2011	3	17	0	0	0.246354976	0
2011	3	18	0	0	0.81731818	0
2011	3	19	0	0	0.261599956	0
2011	3	20	0	0	1.937269828	0
2011	3	21	0	0	2.3567799209999998	0
2011	3	22	0	0	2.014756001	0
2011	3	23	0	0	2.543911988	0
2011	3	24	0	0	2.245255845	0
2011	3	25	0	0	2.652002918	0
2011	3	26	0	0	2.128784361	0
2011	3	27	0	0	1.050144452	0
2011	3	28	0	0	0.921090049	0
2011	3	29	0	0	2.102195239	0
2011	3	30	0	0	1.273784191	0
2011	3	31	0	0	1.218862731	0
2011	4	1	0	0	1.871351783	0
2011	4	2	0	0	2.929292622	0
2011	4	3	0	0	3.094545938	0
2011	4	4	0	0	0.902199227	0
2011	4	5	0	0	2.438306357	0
2011	4	6	0	0	2.657287308	0
2011	4	7	0	0	3.557950177	0
2011	4	8	0	0	2.9174456429999998	0
2011	4	9	0	0	3.431463736	0
2011	4	10	0	0	3.577507528	0
2011	4	11	0	0	3.261960843	0
2011	4	12	0	0	1.012213595	0
2011	4	13	0	0	2.070400123	0
2011	4	14	0	0	2.122273299	0
2011	4	15	0	0	2.844914668	0
2011	4	16	0	0	2.75315166	0
2011	4	17	0	0	2.998817007	0
2011	4	18	0	0	3.159748334	0
2011	4	19	0	0	3.3599807580000003	0
2011	4	20	0	0	3.335287033	0
2011	4	21	0	0	3.309357751	0
2011	4	22	0	0	3.671259183	0
2011	4	23	0	0	2.965304221	0
2011	4	24	0	0	2.052229524	0
2011	4	25	0	0	4.142765833	0
2011	4	26	0	0	3.228742168	0
2011	4	27	0	0	0.959199573	0
2011	4	28	0	0	2.246462694	0
2011	4	29	0	0	1.715160422	0
2011	4	30	0	0	3.245033641	0
2011	5	1	0	0	2.9463400809999998	0
2011	5	2	0	0	3.291340792	0
2011	5	3	0	0	2.125836987	0
2011	5	4	0	0	3.205207534	0
2011	5	5	0	0	3.784543732	0
2011	5	6	0	0	3.844700171	0
2011	5	7	0	0	3.9431920639999998	0
2011	5	8	0	0	3.8351870900000002	0
2011	5	9	0	0	4.157918181	0
2011	5	10	0	0	3.6322104129999997	0
2011	5	11	0	0	3.744417498	0
2011	5	12	0	0	1.114623908	0
2011	5	13	0	0	3.764815876	0
2011	5	14	0	0	1.338202617	0
2011	5	15	0	0	1.526410527	0
2011	5	16	0	0	2.145986633	0
2011	5	17	0	0	2.561078153	0
2011	5	18	0	0	4.198346872	0
2011	5	19	0	0	4.37813215	0
2011	5	20	0	0	4.384016904	0
2011	5	21	0	0	4.25555504	0
2011	5	22	0	0	3.2642984420000003	0
2011	5	23	0	0	3.671150908	0
2011	5	24	0	0	5.145938101	0
2011	5	25	0	0	4.589827511	0
2011	5	26	0	0	4.420563971	0
2011	5	27	0	0	0.739159887	0
2011	5	28	0	0	3.378628734	0
2011	5	29	0	0	4.287496249	0
2011	5	30	0	0	4.771183423	0
2011	5	31	0	0	1.501177219	0
2011	6	1	0	0	0.619854562	0
2011	6	2	0	0	1.350572838	0
2011	6	3	0	0	2.107908045	0
2011	6	4	0	0	3.362283017	0
2011	6	5	0	0	3.733008863	0
2011	6	6	0	0	3.406832035	0
2011	6	7	0	0	3.088923238	0
2011	6	8	0	0	1.1310088249999999	0
2011	6	9	0	0	1.1291378650000001	0
2011	6	10	0	0	3.4117473609999998	0
2011	6	11	0	0	0.918709522	0
2011	6	12	0	0	4.14792786	0
2011	6	13	0	0	2.378992681	0
2011	6	14	0	0	2.550686055	0
2011	6	15	0	0	4.298567463	0
2011	6	16	0	0	3.792487655	0
2011	6	17	0	0	3.5909565490000004	0
2011	6	18	0	0	1.183455385	0
2011	6	19	0	0	3.055759321	0
2011	6	20	0	0	3.439469074	0
2011	6	21	0	0	4.249032757	0
2011	6	22	0	0	2.053344944	0
2011	6	23	0	0	1.605388942	0
2011	6	24	0	0	2.95719319	0
2011	6	25	0	0	3.158970987	0
2011	6	26	0	0	4.948418192	0
2011	6	27	0	0	4.868540134	0
2011	6	28	0	0	4.844063267	0
2011	6	29	0	0	2.159303905	0
2011	6	30	0	0	2.135274888	0
2011	7	1	0	0	3.668095766	0
2011	7	2	0	0	4.102673799	0
2011	7	3	0	0	4.455163166	0
2011	7	4	0	0	4.952438362	0
2011	7	5	0	0	5.099210955	0
2011	7	6	0	0	4.476496102	0
2011	7	7	0	0	3.748067442	0
2011	7	8	0	0	3.870870407	0
2011	7	9	0	0	3.356835292	0
2011	7	10	0	0	2.82272039	0
2011	7	11	0	0	4.687670452	0
2011	7	12	0	0	4.143760594	0
2011	7	13	0	0	0.631590768	0
2011	7	14	0	0	2.359584454	0
2011	7	15	0	0	3.317075645	0
2011	7	16	0	0	4.720611582	0
2011	7	17	0	0	0.712788893	0
2011	7	18	0	0	3.584819704	0
2011	7	19	0	0	2.137254129	0
2011	7	20	0	0	1.344649543	0
2011	7	21	0	0	1.504271062	0
2011	7	22	0	0	1.438517303	0
2011	7	23	0	0	2.5243756619999997	0
2011	7	24	0	0	2.200807206	0
2011	7	25	0	0	3.25476206	0
2011	7	26	0	0	3.557145481	0
2011	7	27	0	0	3.037981522	0
2011	7	28	0	0	2.300824357	0
2011	7	29	0	0	2.648632196	0
2011	7	30	0	0	2.048138942	0
2011	7	31	0	0	3.136683373	0
2011	8	1	0	0	2.951607064	0
2011	8	2	0	0	4.167471215	0
2011	8	3	0	0	1.164200068	0
2011	8	4	0	0	3.409805433	0
2011	8	5	0	0	2.49987342	0
2011	8	6	0	0	2.556100566	0
2011	8	7	0	0	1.255644499	0
2011	8	8	0	0	2.473470405	0
2011	8	9	0	0	2.599640206	0
2011	8	10	0	0	3.230952126	0
2011	8	11	0	0	3.762973036	0
2011	8	12	0	0	4.079149601	0
2011	8	13	0	0	3.270730183	0
2011	8	14	0	0	3.448108077	0
2011	8	15	0	0	1.717768518	0
2011	8	16	0	0	2.979880662	0
2011	8	17	0	0	3.74415226	0
2011	8	18	0	0	3.088039747	0
2011	8	19	0	0	4.177648358	0
2011	8	20	0	0	3.701611031	0
2011	8	21	0	0	3.786697309	0
2011	8	22	0	0	3.780656396	0
2011	8	23	0	0	3.966307294	0
2011	8	24	0	0	3.56276539	0
2011	8	25	0	0	2.785154642	0
2011	8	26	0	0	4.5547506570000005	0
2011	8	27	0	0	1.365439058	0
2011	8	28	0	0	3.266293453	0
2011	8	29	0	0	2.653893837	0
2011	8	30	0	0	3.044882329	0
2011	8	31	0	0	3.029343671	0
2011	9	1	0	0	2.1730837259999998	0
2011	9	2	0	0	2.50574557	0
2011	9	3	0	0	3.026055194	0
2011	9	4	0	0	0.84981112	0
2011	9	5	0	0	1.411163193	0
2011	9	6	0	0	3.074983203	0
2011	9	7	0	0	2.179016034	0
2011	9	8	0	0	2.5683196600000002	0
2011	9	9	0	0	2.624548438	0
2011	9	10	0	0	3.134470125	0
2011	9	11	0	0	2.976671246	0
2011	9	12	0	0	3.215017864	0
2011	9	13	0	0	2.761585632	0
2011	9	14	0	0	1.097576709	0
2011	9	15	0	0	2.453113053	0
2011	9	16	0	0	2.185912717	0
2011	9	17	0	0	1.427417323	0
2011	9	18	0	0	0.37880843799999997	0
2011	9	19	0	0	0.575240399	0
2011	9	20	0	0	1.853155064	0
2011	9	21	0	0	2.090856555	0
2011	9	22	0	0	1.9621038690000001	0
2011	9	23	0	0	1.861917308	0
2011	9	24	0	0	1.923367562	0
2011	9	25	0	0	1.5137668	0
2011	9	26	0	0	1.885356381	0
2011	9	27	0	0	2.113322809	0
2011	9	28	0	0	2.06977592	0
2011	9	29	0	0	0.635938103	0
2011	9	30	0	0	0.9090729869999999	0
2011	10	1	0	0	1.027157015	0
2011	10	2	0	0	0.759875066	0
2011	10	3	0	0	1.480154143	0
2011	10	4	0	0	1.915876883	0
2011	10	5	0	0	1.459007295	0
2011	10	6	0	0	1.906484783	0
2011	10	7	0	0	0.679439684	0
2011	10	8	0	0	0.373819409	0
2011	10	9	0	0	0.810987561	0
2011	10	10	0	0	0.356368605	0
2011	10	11	0	0	1.326977009	0
2011	10	12	0	0	0.7841684170000001	0
2011	10	13	0	0	0.635234408	0
2011	10	14	0	0	1.617615989	0
2011	10	15	0	0	0.239980663	0
2011	10	16	0	0	0.121014557	0
2011	10	17	0	0	0.829229157	0
2011	10	18	0	0	1.631150439	0
2011	10	19	0	0	0.083036509	0
2011	10	20	0	0	0.706437286	0
2011	10	21	0	0	0.778627464	0
2011	10	22	0	0	0.5704392500000001	0
2011	10	23	0	0	0.63559342	0
2011	10	24	0	0	1.010740574	0
2011	10	25	0	0	0.295954757	0
2011	10	26	0	0	0.904733792	0
2011	10	27	0	0	0.673590153	0
2011	10	28	0	0	0.5828387469999999	0
2011	10	29	0	0	0.475363981	0
2011	10	30	0	0	0.627234379	0
2011	10	31	0	0	0.076257742	0
2011	11	1	0	0	0.178616452	0
2011	11	2	0	0	0.37691648099999997	0
2011	11	3	0	0	0.235134696	0
2011	11	4	0	0	0.26145919	0
2011	11	5	0	0	0.27059365	0
2011	11	6	0	0	0.639479525	0
2011	11	7	0	0	0.111480441	0
2011	11	8	0	0	0.091368322	0
2011	11	9	0	0	0.472772515	0
2011	11	10	0	0	0.019481377	0
2011	11	11	0	0	0.022710588	0
2011	11	12	0	0	0.551777417	0
2011	11	13	0	0	0.070262398	0
2011	11	14	0	0	0.135685835	0
2011	11	15	0	0	0.043174301	0
2011	11	16	0	0	0.458211252	0
2011	11	17	0	0	0.595934518	0
2011	11	18	0	0	0.302649419	0
2011	11	19	0	0	0.172754498	0
2011	11	20	0	0	0.28162972	0
2011	11	21	0	0	0.31534956399999997	0
2011	11	22	0	0	0.079769376	0
2011	11	23	0	0	0.014968903999999998	0
2011	11	24	0	0	0.007310602	0
2011	11	25	0	0	0.276068375	0
2011	11	26	0	0	0.221498258	0
2011	11	27	0	0	0.535680009	0
2011	11	28	0	0	0.258261887	0
2011	11	29	0	0	0.30381636	0
2011	11	30	0	0	0.262681866	0
2011	12	1	0	0	0.45250731	0
2011	12	2	0	0	0.472297961	0
2011	12	3	0	0	0.586490609	0
2011	12	4	0	0	0.771597651	0
2011	12	5	0	0	0.591768777	0
2011	12	6	0	0	0.430447199	0
2011	12	7	0	0	0.644267064	0
2011	12	8	0	0	0.77927312	0
2011	12	9	0	0	1.065429489	0
2011	12	10	0	0	0.19157711700000002	0
2011	12	11	0	0	0.025572042	0
2011	12	12	0	0	0.171798586	0
2011	12	13	0	0	0.5004157690000001	0
2011	12	14	0	0	0.461368891	0
2011	12	15	0	0	0.404367178	0
2011	12	16	0	0	0.473414057	0
2011	12	17	0	0	0.382928928	0
2011	12	18	0	0	0.150919484	0
2011	12	19	0	0	0.149374668	0
2011	12	20	0	0	0.069431082	0
2011	12	21	0	0	0.062374419	0
2011	12	22	0	0	0.008140197000000002	0
2011	12	23	0	0	0.038229226000000005	0
2011	12	24	0	0	0.347938666	0
2011	12	25	0	0	0.375207494	0
2011	12	26	0	0	0.343418364	0
2011	12	27	0	0	0.06639076	0
2011	12	28	0	0	0.17187777199999998	0
2011	12	29	0	0	0.501626294	0
2011	12	30	0	0	0.456280422	0
2011	12	31	0	0	0.077717711	0
2012	1	1	0	0	0.377669523	0
2012	1	2	0	0	0.19457633000000002	0
2012	1	3	0	0	0.927060092	0
2012	1	4	0	0	0.734103647	0
2012	1	5	0	0	0.750347349	0
2012	1	6	0	0	0.40768166	0
2012	1	7	0	0	0.305142631	0
2012	1	8	0	0	0.171427852	0
2012	1	9	0	0	0.23831457	0
2012	1	10	0	0	0.171263347	0
2012	1	11	0	0	0.025833008	0
2012	1	12	0	0	0.159853394	0
2012	1	13	0	0	0.27988288699999997	0
2012	1	14	0	0	0.424053993	0
2012	1	15	0	0	0.614213919	0
2012	1	16	0	0	0.49086990199999997	0
2012	1	17	0	0	0.379304733	0
2012	1	18	0	0	0.436653617	0
2012	1	19	0	0	0.902467878	0
2012	1	20	0	0	0.722922701	0
2012	1	21	0	0	0.517834991	0
2012	1	22	0	0	0.872781342	0
2012	1	23	0	0	0.426177366	0
2012	1	24	0	0	0.371640055	0
2012	1	25	0	0	0.063680458	0
2012	1	26	0	0	0.05694739	0
2012	1	27	0	0	0.009976775	0
2012	1	28	0	0	0.132630634	0
2012	1	29	0	0	0.079181205	0
2012	1	30	0	0	0.028025596000000003	0
2012	1	31	0	0	0.073636888	0
2012	2	1	0	0	0.350066699	0
2012	2	2	0	0	0.251576254	0
2012	2	3	0	0	0.552632375	0
2012	2	4	0	0	0.532630872	0
2012	2	5	0	0	0.402024482	0
2012	2	6	0	0	0.442723238	0
2012	2	7	0	0	0.36548328	0
2012	2	8	0	0	0.441084617	0
2012	2	9	0	0	0.372577082	0
2012	2	10	0	0	0.407603222	0
2012	2	11	0	0	0.501573414	0
2012	2	12	0	0	0.447563487	0
2012	2	13	0	0	0.22316375900000002	0
2012	2	14	0	0	0.390772204	0
2012	2	15	0	0	0.223960234	0
2012	2	16	0	0	0.46790143300000003	0
2012	2	17	0	0	0.559046594	0
2012	2	18	0	0	0.958862267	0
2012	2	19	0	0	0.307539071	0
2012	2	20	0	0	0.753129597	0
2012	2	21	0	0	0.891991973	0
2012	2	22	0	0	0.985810578	0
2012	2	23	0	0	0.390665566	0
2012	2	24	0	0	1.399727867	0
2012	2	25	0	0	0.198011002	0
2012	2	26	0	0	0.500724434	0
2012	2	27	0	0	1.241561213	0
2012	2	28	0	0	1.305800272	0
2012	2	29	0	0	1.5820298179999999	0
2012	3	1	0	0	1.152970381	0
2012	3	2	0	0	1.65721118	0
2012	3	3	0	0	1.548258084	0
2012	3	4	0	0	0.761606653	0
2012	3	5	0	0	0.998503052	0
2012	3	6	0	0	1.140837652	0
2012	3	7	0	0	1.452870681	0
2012	3	8	0	0	0.555073563	0
2012	3	9	0	0	1.580110304	0
2012	3	10	0	0	1.621571492	0
2012	3	11	0	0	0.47877402799999996	0
2012	3	12	0	0	1.7591194970000001	0
2012	3	13	0	0	1.909348599	0
2012	3	14	0	0	1.457383495	0
2012	3	15	0	0	2.138560838	0
2012	3	16	0	0	2.656727064	0
2012	3	17	0	0	2.143659323	0
2012	3	18	0	0	0.92931951	0
2012	3	19	0	0	0.172141445	0
2012	3	20	0	0	1.599419556	0
2012	3	21	0	0	2.227838743	0
2012	3	22	0	0	2.338563393	0
2012	3	23	0	0	2.245688639	0
2012	3	24	0	0	2.268185169	0
2012	3	25	0	0	2.585384855	0
2012	3	26	0	0	2.915764041	0
2012	3	27	0	0	2.85308986	0
2012	3	28	0	0	2.7569354870000002	0
2012	3	29	0	0	2.659445385	0
2012	3	30	0	0	1.4295741830000002	0
2012	3	31	0	0	2.979817128	0
2012	4	1	0	0	2.569488559	0
2012	4	2	0	0	2.542612084	0
2012	4	3	0	0	1.646759853	0
2012	4	4	0	0	0.648761189	0
2012	4	5	0	0	0.24568684300000002	0
2012	4	6	0	0	0.932402162	0
2012	4	7	0	0	0.7891953230000001	0
2012	4	8	0	0	0.60233251	0
2012	4	9	0	0	1.217275939	0
2012	4	10	0	0	3.068119282	0
2012	4	11	0	0	0.580826627	0
2012	4	12	0	0	1.02492572	0
2012	4	13	0	0	1.062092893	0
2012	4	14	0	0	0.684079812	0
2012	4	15	0	0	0.22269413700000001	0
2012	4	16	0	0	0.334089944	0
2012	4	17	0	0	2.155135353	0
2012	4	18	0	0	1.34725209	0
2012	4	19	0	0	1.89836506	0
2012	4	20	0	0	1.125523866	0
2012	4	21	0	0	2.364320032	0
2012	4	22	0	0	1.591151332	0
2012	4	23	0	0	1.839358436	0
2012	4	24	0	0	1.371913337	0
2012	4	25	0	0	2.117923286	0
2012	4	26	0	0	4.006019082	0
2012	4	27	0	0	3.342215376	0
2012	4	28	0	0	6.364925579	0
2012	4	29	0	0	5.435897821	0
2012	4	30	0	0	2.732123475	0
2012	5	1	0	0	2.126381191	0
2012	5	2	0	0	3.049202218	0
2012	5	3	0	0	3.510020856	0
2012	5	4	0	0	4.036504433	0
2012	5	5	0	0	1.608969907	0
2012	5	6	0	0	1.50544572	0
2012	5	7	0	0	2.445566968	0
2012	5	8	0	0	2.981297139	0
2012	5	9	0	0	1.582035652	0
2012	5	10	0	0	3.954685362	0
2012	5	11	0	0	4.662240334	0
2012	5	12	0	0	0.275841644	0
2012	5	13	0	0	3.281444431	0
2012	5	14	0	0	3.839628223	0
2012	5	15	0	0	3.39989205	0
2012	5	16	0	0	1.489692188	0
2012	5	17	0	0	3.701431464	0
2012	5	18	0	0	1.4561550269999999	0
2012	5	19	0	0	2.907446029	0
2012	5	20	0	0	2.9099981120000002	0
2012	5	21	0	0	2.07390428	0
2012	5	22	0	0	3.132783449	0
2012	5	23	0	0	1.076304985	0
2012	5	24	0	0	2.67612914	0
2012	5	25	0	0	5.13023851	0
2012	5	26	0	0	5.086422557	0
2012	5	27	0	0	3.210608073	0
2012	5	28	0	0	4.2304808419999995	0
2012	5	29	0	0	3.698451131	0
2012	5	30	0	0	4.750663621	0
2012	5	31	0	0	3.845028889	0
2012	6	1	0	0	1.892439161	0
2012	6	2	0	0	4.479608526	0
2012	6	3	0	0	0.70057718	0
2012	6	4	0	0	1.7586718399999999	0
2012	6	5	0	0	2.485590829	0
2012	6	6	0	0	1.207893323	0
2012	6	7	0	0	3.329005426	0
2012	6	8	0	0	1.3557807709999998	0
2012	6	9	0	0	2.511975371	0
2012	6	10	0	0	2.321072557	0
2012	6	11	0	0	2.797054508	0
2012	6	12	0	0	0.524763473	0
2012	6	13	0	0	2.28249306	0
2012	6	14	0	0	3.794949816	0
2012	6	15	0	0	4.591724549	0
2012	6	16	0	0	5.466154669	0
2012	6	17	0	0	4.28102226	0
2012	6	18	0	0	4.815709333	0
2012	6	19	0	0	3.50501711	0
2012	6	20	0	0	1.601210732	0
2012	6	21	0	0	3.686875387	0
2012	6	22	0	0	4.079739643	0
2012	6	23	0	0	4.496198905	0
2012	6	24	0	0	3.702022977	0
2012	6	25	0	0	2.688544162	0
2012	6	26	0	0	2.419259642	0
2012	6	27	0	0	4.129850999	0
2012	6	28	0	0	3.797573194	0
2012	6	29	0	0	4.834380613	0
2012	6	30	0	0	4.408573948	0
2012	7	1	0	0	0.45338592	0
2012	7	2	0	0	1.186823309	0
2012	7	3	0	0	1.490174034	0
2012	7	4	0	0	2.483216692	0
2012	7	5	0	0	3.457234143	0
2012	7	6	0	0	0.702171834	0
2012	7	7	0	0	4.126488437	0
2012	7	8	0	0	2.899546539	0
2012	7	9	0	0	4.072236841	0
2012	7	10	0	0	2.93716802	0
2012	7	11	0	0	2.414839132	0
2012	7	12	0	0	2.052926932	0
2012	7	13	0	0	2.709211495	0
2012	7	14	0	0	4.149553082	0
2012	7	15	0	0	2.4070802860000002	0
2012	7	16	0	0	3.618563173	0
2012	7	17	0	0	4.890321732	0
2012	7	18	0	0	4.320604626	0
2012	7	19	0	0	3.838464966	0
2012	7	20	0	0	1.516508896	0
2012	7	21	0	0	1.237312554	0
2012	7	22	0	0	3.70079314	0
2012	7	23	0	0	4.628344358	0
2012	7	24	0	0	4.221464367	0
2012	7	25	0	0	3.584733317	0
2012	7	26	0	0	4.68437208	0
2012	7	27	0	0	4.691263325	0
2012	7	28	0	0	2.235084159	0
2012	7	29	0	0	1.076328687	0
2012	7	30	0	0	3.911664189	0
2012	7	31	0	0	3.977848526	0
2012	8	1	0	0	4.352351052	0
2012	8	2	0	0	3.759674372	0
2012	8	3	0	0	3.2285259020000003	0
2012	8	4	0	0	3.998869091	0
2012	8	5	0	0	3.153269135	0
2012	8	6	0	0	0.984497968	0
2012	8	7	0	0	3.687867906	0
2012	8	8	0	0	3.842922932	0
2012	8	9	0	0	3.612415424	0
2012	8	10	0	0	3.655444708	0
2012	8	11	0	0	3.9052140090000003	0
2012	8	12	0	0	3.568024492	0
2012	8	13	0	0	3.175883948	0
2012	8	14	0	0	3.270915895	0
2012	8	15	0	0	4.105900101	0
2012	8	16	0	0	1.9344424470000001	0
2012	8	17	0	0	3.5440224689999997	0
2012	8	18	0	0	3.825585202	0
2012	8	19	0	0	3.773378968	0
2012	8	20	0	0	3.993651939	0
2012	8	21	0	0	3.169401191	0
2012	8	22	0	0	2.602759819	0
2012	8	23	0	0	2.606269145	0
2012	8	24	0	0	1.172938267	0
2012	8	25	0	0	2.699919831	0
2012	8	26	0	0	2.666427852	0
2012	8	27	0	0	3.3397220489999997	0
2012	8	28	0	0	2.691878855	0
2012	8	29	0	0	2.8810507860000003	0
2012	8	30	0	0	0.493854133	0
2012	8	31	0	0	0.499760417	0
2012	9	1	0	0	0.352680944	0
2012	9	2	0	0	1.446583561	0
2012	9	3	0	0	1.079444131	0
2012	9	4	0	0	1.6379868690000001	0
2012	9	5	0	0	1.222833909	0
2012	9	6	0	0	1.496908329	0
2012	9	7	0	0	2.762546438	0
2012	9	8	0	0	2.5333376899999998	0
2012	9	9	0	0	2.832160109	0
2012	9	10	0	0	2.852446251	0
2012	9	11	0	0	2.1111435689999998	0
2012	9	12	0	0	0.572819867	0
2012	9	13	0	0	1.335147244	0
2012	9	14	0	0	2.123829133	0
2012	9	15	0	0	1.950871344	0
2012	9	16	0	0	1.911725302	0
2012	9	17	0	0	2.245613813	0
2012	9	18	0	0	1.891664926	0
2012	9	19	0	0	0.765877426	0
2012	9	20	0	0	1.998511417	0
2012	9	21	0	0	2.293380387	0
2012	9	22	0	0	0.117027593	0
2012	9	23	0	0	1.423572108	0
2012	9	24	0	0	1.107955793	0
2012	9	25	0	0	1.909518434	0
2012	9	26	0	0	1.66902496	0
2012	9	27	0	0	1.958595205	0
2012	9	28	0	0	1.9136206839999998	0
2012	9	29	0	0	0.126838747	0
2012	9	30	0	0	0.296349821	0
2012	10	1	0	0	0.7137987250000001	0
2012	10	2	0	0	1.758235602	0
2012	10	3	0	0	1.315310194	0
2012	10	4	0	0	0.809728488	0
2012	10	5	0	0	1.701137356	0
2012	10	6	0	0	1.965131559	0
2012	10	7	0	0	0.45471554000000003	0
2012	10	8	0	0	0.406665212	0
2012	10	9	0	0	0.409907854	0
2012	10	10	0	0	0.292298167	0
2012	10	11	0	0	0.5153118289999999	0
2012	10	12	0	0	0.327291275	0
2012	10	13	0	0	0.841329538	0
2012	10	14	0	0	0.631050639	0
2012	10	15	0	0	0.29772970400000004	0
2012	10	16	0	0	0.988511772	0
2012	10	17	0	0	1.111915741	0
2012	10	18	0	0	1.148849356	0
2012	10	19	0	0	1.378507993	0
2012	10	20	0	0	1.085857689	0
2012	10	21	0	0	1.144873829	0
2012	10	22	0	0	0.612589153	0
2012	10	23	0	0	0.098824306	0
2012	10	24	0	0	0.083480054	0
2012	10	25	0	0	0.112790249	0
2012	10	26	0	0	0.154151917	0
2012	10	27	0	0	0.056582233999999995	0
2012	10	28	0	0	0.088293752	0
2012	10	29	0	0	0.747447516	0
2012	10	30	0	0	0.855165676	0
2012	10	31	0	0	0.304617254	0
2012	11	1	0	0	0.9248536039999999	0
2012	11	2	0	0	0.989647536	0
2012	11	3	0	0	1.415510754	0
2012	11	4	0	0	0.831878237	0
2012	11	5	0	0	0.665022405	0
2012	11	6	0	0	0.263000541	0
2012	11	7	0	0	0.457305799	0
2012	11	8	0	0	0.41832582900000004	0
2012	11	9	0	0	0.629094465	0
2012	11	10	0	0	0.137429457	0
2012	11	11	0	0	0.047180577	0
2012	11	12	0	0	0.052433036	0
2012	11	13	0	0	0.165784626	0
2012	11	14	0	0	0.382282676	0
2012	11	15	0	0	0.08041697	0
2012	11	16	0	0	0.09008232399999999	0
2012	11	17	0	0	0.233927259	0
2012	11	18	0	0	0.365493784	0
2012	11	19	0	0	0.081913727	0
2012	11	20	0	0	0.122054726	0
2012	11	21	0	0	0.166263392	0
2012	11	22	0	0	0.11596726199999999	0
2012	11	23	0	0	0.453980179	0
2012	11	24	0	0	0.368226788	0
2012	11	25	0	0	0.37978241	0
2012	11	26	0	0	0.055197784	0
2012	11	27	0	0	0.146406923	0
2012	11	28	0	0	0.009491765	0
2012	11	29	0	0	0.036569022	0
2012	11	30	0	0	0.349182612	0
2012	12	1	0	0	0.065061828	0
2012	12	2	0	0	0.161217739	0
2012	12	3	0	0	0.302639937	0
2012	12	4	0	0	0.26272920699999996	0
2012	12	5	0	0	0.153417842	0
2012	12	6	0	0	0.29701009899999997	0
2012	12	7	0	0	0.018778703	0
2012	12	8	0	0	0.117562049	0
2012	12	9	0	0	0.285985199	0
2012	12	10	0	0	0.272084681	0
2012	12	11	0	0	0.243278839	0
2012	12	12	0	0	0.220644723	0
2012	12	13	0	0	0.077695495	0
2012	12	14	0	0	0.251821594	0
2012	12	15	0	0	0.203475419	0
2012	12	16	0	0	0.216986825	0
2012	12	17	0	0	0.256371203	0
2012	12	18	0	0	0.08144566700000001	0
2012	12	19	0	0	0.28319644	0
2012	12	20	0	0	0.018031321	0
2012	12	21	0	0	0.305787037	0
2012	12	22	0	0	0.188243069	0
2012	12	23	0	0	0.520163066	0
2012	12	24	0	0	0.41850391200000003	0
2012	12	25	0	0	1.1203625990000001	0
2012	12	26	0	0	0.759928556	0
2012	12	27	0	0	0.701101582	0
2012	12	28	0	0	0.520354838	0
2012	12	29	0	0	0.411595959	0
2012	12	30	0	0	0.84042466	0
2012	12	31	0	0	0.447126297	0
2013	1	1	0	0	0.197033831	0
2013	1	2	0	0	0.235968975	0
2013	1	3	0	0	0.228636509	0
2013	1	4	0	0	0.102576133	0
2013	1	5	0	0	0.212754815	0
2013	1	6	0	0	0.071601067	0
2013	1	7	0	0	0.062975469	0
2013	1	8	0	0	0.391322297	0
2013	1	9	0	0	0.091685261	0
2013	1	10	0	0	0.088583329	0
2013	1	11	0	0	0.06073774	0
2013	1	12	0	0	0.36141117300000003	0
2013	1	13	0	0	0.085759319	0
2013	1	14	0	0	0.07075813	0
2013	1	15	0	0	0.177102376	0
2013	1	16	0	0	0.221802428	0
2013	1	17	0	0	0.15004631300000001	0
2013	1	18	0	0	0.290895429	0
2013	1	19	0	0	0.099473897	0
2013	1	20	0	0	0.140031154	0
2013	1	21	0	0	0.225516302	0
2013	1	22	0	0	0.209186929	0
2013	1	23	0	0	0.482198921	0
2013	1	24	0	0	0.050054538	0
2013	1	25	0	0	0.281046895	0
2013	1	26	0	0	0.392575296	0
2013	1	27	0	0	0.445839302	0
2013	1	28	0	0	0.271742857	0
2013	1	29	0	0	0.698748933	0
2013	1	30	0	0	0.890129041	0
2013	1	31	0	0	1.707766103	0
2013	2	1	0	0	0.25794470599999997	0
2013	2	2	0	0	0.385112609	0
2013	2	3	0	0	0.418423385	0
2013	2	4	0	0	0.398172477	0
2013	2	5	0	0	0.808557051	0
2013	2	6	0	0	0.316827806	0
2013	2	7	0	0	0.32887903100000004	0
2013	2	8	0	0	0.45658658100000005	0
2013	2	9	0	0	0.48230048000000003	0
2013	2	10	0	0	0.676963356	0
2013	2	11	0	0	0.292903778	0
2013	2	12	0	0	0.184689807	0
2013	2	13	0	0	0.478079623	0
2013	2	14	0	0	0.561152027	0
2013	2	15	0	0	0.29295778	0
2013	2	16	0	0	0.649476034	0
2013	2	17	0	0	0.324072181	0
2013	2	18	0	0	0.9615612889999999	0
2013	2	19	0	0	0.927758528	0
2013	2	20	0	0	0.342120353	0
2013	2	21	0	0	0.693158322	0
2013	2	22	0	0	0.455235927	0
2013	2	23	0	0	0.329005211	0
2013	2	24	0	0	0.505532436	0
2013	2	25	0	0	0.7114324049999999	0
2013	2	26	0	0	0.357249427	0
2013	2	27	0	0	0.030570352000000002	0
2013	2	28	0	0	0.217058137	0
2013	3	1	0	0	0.253788395	0
2013	3	2	0	0	0.162119796	0
2013	3	3	0	0	0.746423256	0
2013	3	4	0	0	0.800906896	0
2013	3	5	0	0	1.008565773	0
2013	3	6	0	0	1.084252669	0
2013	3	7	0	0	1.201276883	0
2013	3	8	0	0	1.276241086	0
2013	3	9	0	0	1.304838714	0
2013	3	10	0	0	1.116178218	0
2013	3	11	0	0	0.516122128	0
2013	3	12	0	0	0.8668389169999999	0
2013	3	13	0	0	0.264144614	0
2013	3	14	0	0	0.931107449	0
2013	3	15	0	0	1.052717412	0
2013	3	16	0	0	1.352089556	0
2013	3	17	0	0	0.43382867599999997	0
2013	3	18	0	0	0.394923274	0
2013	3	19	0	0	1.448146191	0
2013	3	20	0	0	0.897102871	0
2013	3	21	0	0	1.1996466	0
2013	3	22	0	0	2.141253461	0
2013	3	23	0	0	0.888709013	0
2013	3	24	0	0	0.70590655	0
2013	3	25	0	0	0.31817337900000003	0
2013	3	26	0	0	0.589907129	0
2013	3	27	0	0	1.034595778	0
2013	3	28	0	0	0.19688724700000002	0
2013	3	29	0	0	0.461245981	0
2013	3	30	0	0	0.234188309	0
2013	3	31	0	0	0.41090093600000005	0
2013	4	1	0	0	1.626940871	0
2013	4	2	0	0	0.640477724	0
2013	4	3	0	0	0.723237989	0
2013	4	4	0	0	1.353100308	0
2013	4	5	0	0	0.280270833	0
2013	4	6	0	0	1.178783022	0
2013	4	7	0	0	0.91291118	0
2013	4	8	0	0	0.734415002	0
2013	4	9	0	0	0.953054453	0
2013	4	10	0	0	2.147875973	0
2013	4	11	0	0	1.26090502	0
2013	4	12	0	0	1.915505146	0
2013	4	13	0	0	2.380842253	0
2013	4	14	0	0	3.318962741	0
2013	4	15	0	0	3.750235679	0
2013	4	16	0	0	2.938912828	0
2013	4	17	0	0	3.359940898	0
2013	4	18	0	0	3.725500967	0
2013	4	19	0	0	0.188264643	0
2013	4	20	0	0	0.20598283	0
2013	4	21	0	0	0.398210586	0
2013	4	22	0	0	0.755796071	0
2013	4	23	0	0	2.134063934	0
2013	4	24	0	0	3.553043247	0
2013	4	25	0	0	3.763269701	0
2013	4	26	0	0	2.866991589	0
2013	4	27	0	0	0.465941579	0
2013	4	28	0	0	1.432769538	0
2013	4	29	0	0	0.657991474	0
2013	4	30	0	0	0.49916546	0
2013	5	1	0	0	2.47937304	0
2013	5	2	0	0	2.219430402	0
2013	5	3	0	0	0.711902656	0
2013	5	4	0	0	1.303662311	0
2013	5	5	0	0	3.192325154	0
2013	5	6	0	0	2.588518046	0
2013	5	7	0	0	3.018680385	0
2013	5	8	0	0	4.160392039	0
2013	5	9	0	0	1.821768234	0
2013	5	10	0	0	0.987954997	0
2013	5	11	0	0	1.122498416	0
2013	5	12	0	0	2.177388359	0
2013	5	13	0	0	1.96540651	0
2013	5	14	0	0	3.587785794	0
2013	5	15	0	0	2.303336629	0
2013	5	16	0	0	1.377218138	0
2013	5	17	0	0	1.246129744	0
2013	5	18	0	0	3.961155755	0
2013	5	19	0	0	2.46268157	0
2013	5	20	0	0	3.365487358	0
2013	5	21	0	0	0.972435776	0
2013	5	22	0	0	0.574796431	0
2013	5	23	0	0	1.828227333	0
2013	5	24	0	0	1.147183444	0
2013	5	25	0	0	1.518697897	0
2013	5	26	0	0	1.575804591	0
2013	5	27	0	0	3.460985392	0
2013	5	28	0	0	3.245838122	0
2013	5	29	0	0	1.581885224	0
2013	5	30	0	0	1.6850844059999999	0
2013	5	31	0	0	0.367680665	0
2013	6	1	0	0	0.47231634100000003	0
2013	6	2	0	0	1.7309488450000001	0
2013	6	3	0	0	2.257829348	0
2013	6	4	0	0	2.9338208089999998	0
2013	6	5	0	0	4.551112052	0
2013	6	6	0	0	4.906912796	0
2013	6	7	0	0	4.387024594	0
2013	6	8	0	0	4.652825477	0
2013	6	9	0	0	2.908532764	0
2013	6	10	0	0	1.601371758	0
2013	6	11	0	0	2.0124681349999998	0
2013	6	12	0	0	4.053613662	0
2013	6	13	0	0	5.171343708	0
2013	6	14	0	0	1.493049772	0
2013	6	15	0	0	4.3122946419999995	0
2013	6	16	0	0	4.414320984	0
2013	6	17	0	0	5.292805235	0
2013	6	18	0	0	5.589837517	0
2013	6	19	0	0	3.528807279	0
2013	6	20	0	0	2.243755985	0
2013	6	21	0	0	3.179901669	0
2013	6	22	0	0	2.920121776	0
2013	6	23	0	0	1.03414301	0
2013	6	24	0	0	1.925320678	0
2013	6	25	0	0	2.420000878	0
2013	6	26	0	0	3.097633066	0
2013	6	27	0	0	1.938632792	0
2013	6	28	0	0	2.929184581	0
2013	6	29	0	0	0.683993538	0
2013	6	30	0	0	3.64976523	0
2013	7	1	0	0	4.516500599	0
2013	7	2	0	0	4.160767765	0
2013	7	3	0	0	0.506064701	0
2013	7	4	0	0	2.745846591	0
2013	7	5	0	0	2.841566776	0
2013	7	6	0	0	4.433602208	0
2013	7	7	0	0	3.892819629	0
2013	7	8	0	0	4.376939679	0
2013	7	9	0	0	4.325556615	0
2013	7	10	0	0	4.731474067	0
2013	7	11	0	0	4.196057008	0
2013	7	12	0	0	4.512645036	0
2013	7	13	0	0	4.275748347	0
2013	7	14	0	0	4.54632801	0
2013	7	15	0	0	4.675633862	0
2013	7	16	0	0	4.789792348	0
2013	7	17	0	0	2.639728451	0
2013	7	18	0	0	4.287327543	0
2013	7	19	0	0	4.403048608	0
2013	7	20	0	0	4.580892264	0
2013	7	21	0	0	4.597174972	0
2013	7	22	0	0	4.71531087	0
2013	7	23	0	0	4.628068377	0
2013	7	24	0	0	2.681636231	0
2013	7	25	0	0	3.986563168	0
2013	7	26	0	0	4.538029274	0
2013	7	27	0	0	4.66538949	0
2013	7	28	0	0	4.031015629	0
2013	7	29	0	0	0.46614429500000004	0
2013	7	30	0	0	3.60708068	0
2013	7	31	0	0	4.312713517	0
2013	8	1	0	0	4.541712335	0
2013	8	2	0	0	4.659472003	0
2013	8	3	0	0	3.584619769	0
2013	8	4	0	0	3.0448500000000003	0
2013	8	5	0	0	4.088407171	0
2013	8	6	0	0	3.920885568	0
2013	8	7	0	0	2.220674162	0
2013	8	8	0	0	0.559792644	0
2013	8	9	0	0	0.653382641	0
2013	8	10	0	0	3.845992445	0
2013	8	11	0	0	3.655089981	0
2013	8	12	0	0	3.848510146	0
2013	8	13	0	0	2.9932594999999997	0
2013	8	14	0	0	3.294833292	0
2013	8	15	0	0	3.684641868	0
2013	8	16	0	0	3.919764331	0
2013	8	17	0	0	3.833711864	0
2013	8	18	0	0	3.777437703	0
2013	8	19	0	0	1.489853775	0
2013	8	20	0	0	3.716705973	0
2013	8	21	0	0	3.325351077	0
2013	8	22	0	0	3.469412458	0
2013	8	23	0	0	3.258511956	0
2013	8	24	0	0	0.92697638	0
2013	8	25	0	0	2.238985762	0
2013	8	26	0	0	2.532147093	0
2013	8	27	0	0	0.887881423	0
2013	8	28	0	0	0.874185342	0
2013	8	29	0	0	2.828305496	0
2013	8	30	0	0	3.105749268	0
2013	8	31	0	0	3.074501764	0
2013	9	1	0	0	2.258137293	0
2013	9	2	0	0	3.05577503	0
2013	9	3	0	0	3.386412403	0
2013	9	4	0	0	3.093858972	0
2013	9	5	0	0	2.999812637	0
2013	9	6	0	0	3.091156715	0
2013	9	7	0	0	2.87985164	0
2013	9	8	0	0	0.605138169	0
2013	9	9	0	0	2.363557125	0
2013	9	10	0	0	0.8154090860000001	0
2013	9	11	0	0	1.3134417250000001	0
2013	9	12	0	0	0.8125292	0
2013	9	13	0	0	2.217349144	0
2013	9	14	0	0	1.513372965	0
2013	9	15	0	0	1.0571495260000001	0
2013	9	16	0	0	0.445840922	0
2013	9	17	0	0	1.752544075	0
2013	9	18	0	0	1.314017844	0
2013	9	19	0	0	1.252156824	0
2013	9	20	0	0	1.196805361	0
2013	9	21	0	0	2.110704403	0
2013	9	22	0	0	1.5676102140000001	0
2013	9	23	0	0	2.113412826	0
2013	9	24	0	0	1.3975235639999999	0
2013	9	25	0	0	2.136570814	0
2013	9	26	0	0	0.960541012	0
2013	9	27	0	0	1.577184294	0
2013	9	28	0	0	0.5930728160000001	0
2013	9	29	0	0	0.216061589	0
2013	9	30	0	0	0.394931829	0
2013	10	1	0	0	0.500974133	0
2013	10	2	0	0	0.703102667	0
2013	10	3	0	0	0.824103702	0
2013	10	4	0	0	0.599058737	0
2013	10	5	0	0	1.115706048	0
2013	10	6	0	0	0.5377997369999999	0
2013	10	7	0	0	0.206580214	0
2013	10	8	0	0	0.221593288	0
2013	10	9	0	0	0.450169371	0
2013	10	10	0	0	0.128070882	0
2013	10	11	0	0	0.563190696	0
2013	10	12	0	0	0.806986912	0
2013	10	13	0	0	1.13240134	0
2013	10	14	0	0	0.595351791	0
2013	10	15	0	0	1.070073573	0
2013	10	16	0	0	1.115303836	0
2013	10	17	0	0	1.3504092170000002	0
2013	10	18	0	0	1.002796326	0
2013	10	19	0	0	1.061918089	0
2013	10	20	0	0	0.362641779	0
2013	10	21	0	0	0.819635749	0
2013	10	22	0	0	0.758274068	0
2013	10	23	0	0	0.183320111	0
2013	10	24	0	0	0.609715599	0
2013	10	25	0	0	0.673585837	0
2013	10	26	0	0	0.98497385	0
2013	10	27	0	0	0.867102576	0
2013	10	28	0	0	2.243130886	0
2013	10	29	0	0	0.540062597	0
2013	10	30	0	0	0.652606596	0
2013	10	31	0	0	0.28024959899999996	0
2013	11	1	0	0	0.230854441	0
2013	11	2	0	0	1.028901342	0
2013	11	3	0	0	0.616064426	0
2013	11	4	0	0	0.391472539	0
2013	11	5	0	0	0.701453861	0
2013	11	6	0	0	0.855417308	0
2013	11	7	0	0	1.650735794	0
2013	11	8	0	0	0.8504405030000001	0
2013	11	9	0	0	0.514298447	0
2013	11	10	0	0	0.247597204	0
2013	11	11	0	0	0.48383812	0
2013	11	12	0	0	0.143812608	0
2013	11	13	0	0	0.297275467	0
2013	11	14	0	0	0.10955084000000001	0
2013	11	15	0	0	0.376524826	0
2013	11	16	0	0	0.11477227799999999	0
2013	11	17	0	0	0.040283715	0
2013	11	18	0	0	0.061903545	0
2013	11	19	0	0	0.013537691000000001	0
2013	11	20	0	0	0.082409457	0
2013	11	21	0	0	0.012386717	0
2013	11	22	0	0	0.155994373	0
2013	11	23	0	0	0.001228383	0
2013	11	24	0	0	0.024762183	0
2013	11	25	0	0	0.618059366	0
2013	11	26	0	0	0.236656403	0
2013	11	27	0	0	0.519204029	0
2013	11	28	0	0	0.09324785499999999	0
2013	11	29	0	0	0.364041809	0
2013	11	30	0	0	0.199349517	0
2013	12	1	0	0	0.371421561	0
2013	12	2	0	0	0.56210965	0
2013	12	3	0	0	0.089250863	0
2013	12	4	0	0	0.443103367	0
2013	12	5	0	0	0.436826178	0
2013	12	6	0	0	0.622921672	0
2013	12	7	0	0	0.558222123	0
2013	12	8	0	0	0.365630855	0
2013	12	9	0	0	0.359303447	0
2013	12	10	0	0	0.345611325	0
2013	12	11	0	0	0.101407124	0
2013	12	12	0	0	0.024221577	0
2013	12	13	0	0	0.065887592	0
2013	12	14	0	0	0.006258534	0
2013	12	15	0	0	0.061496524	0
2013	12	16	0	0	0.281243282	0
2013	12	17	0	0	0.29087994500000003	0
2013	12	18	0	0	0.209249257	0
2013	12	19	0	0	0.059908255	0
2013	12	20	0	0	0.07303077399999999	0
2013	12	21	0	0	0.17130088100000002	0
2013	12	22	0	0	0.413368929	0
2013	12	23	0	0	0.789176186	0
2013	12	24	0	0	0.345006891	0
2013	12	25	0	0	0.106724947	0
2013	12	26	0	0	0.001004677	0
2013	12	27	0	0	0.268825872	0
2013	12	28	0	0	0.220309438	0
2013	12	29	0	0	0.28031283	0
2013	12	30	0	0	0.10130484499999999	0
2013	12	31	0	0	0.261892481	0
2014	1	1	0	0	0.319838728	0
2014	1	2	0	0	0.145197438	0
2014	1	3	0	0	0.280178314	0
2014	1	4	0	0	0.003974359	0
2014	1	5	0	0	0.332890458	0
2014	1	6	0	0	0.417994835	0
2014	1	7	0	0	0.606699016	0
2014	1	8	0	0	0.346108328	0
2014	1	9	0	0	0.819027575	0
2014	1	10	0	0	0.145522247	0
2014	1	11	0	0	0.162891593	0
2014	1	12	0	0	0.220173086	0
2014	1	13	0	0	0.129776412	0
2014	1	14	0	0	0.01263534	0
2014	1	15	0	0	0.275460115	0
2014	1	16	0	0	0.111176948	0
2014	1	17	0	0	0.153419871	0
2014	1	18	0	0	0.007506425	0
2014	1	19	0	0	0.030837498999999997	0
2014	1	20	0	0	0.12767030499999998	0
2014	1	21	0	0	0.047815813	0
2014	1	22	0	0	0.144707087	0
2014	1	23	0	0	0.139299959	0
2014	1	24	0	0	0.328983971	0
2014	1	25	0	0	0.291152104	0
2014	1	26	0	0	0.846520883	0
2014	1	27	0	0	0.32945832	0
2014	1	28	0	0	0.570247791	0
2014	1	29	0	0	0.388992357	0
2014	1	30	0	0	0.10225353100000001	0
2014	1	31	0	0	0.493040168	0
2014	2	1	0	0	0.543419187	0
2014	2	2	0	0	0.14512793499999999	0
2014	2	3	0	0	0.128608508	0
2014	2	4	0	0	0.13601403	0
2014	2	5	0	0	0.126692088	0
2014	2	6	0	0	0.944975973	0
2014	2	7	0	0	0.287283752	0
2014	2	8	0	0	0.255144502	0
2014	2	9	0	0	1.081255837	0
2014	2	10	0	0	0.72370324	0
2014	2	11	0	0	0.614309276	0
2014	2	12	0	0	0.663652527	0
2014	2	13	0	0	0.323819778	0
2014	2	14	0	0	0.44493573	0
2014	2	15	0	0	1.055674167	0
2014	2	16	0	0	0.346590269	0
2014	2	17	0	0	0.944483606	0
2014	2	18	0	0	0.62473693	0
2014	2	19	0	0	0.158577652	0
2014	2	20	0	0	1.153776688	0
2014	2	21	0	0	0.202001922	0
2014	2	22	0	0	1.196649899	0
2014	2	23	0	0	0.754385709	0
2014	2	24	0	0	1.184759411	0
2014	2	25	0	0	1.159951156	0
2014	2	26	0	0	0.67384756	0
2014	2	27	0	0	0.799752976	0
2014	2	28	0	0	1.101077725	0
2014	3	1	0	0	0.529431976	0
2014	3	2	0	0	0.287471838	0
2014	3	3	0	0	0.319810997	0
2014	3	4	0	0	0.072836879	0
2014	3	5	0	0	0.86731246	0
2014	3	6	0	0	1.13544989	0
2014	3	7	0	0	1.501771789	0
2014	3	8	0	0	1.879713742	0
2014	3	9	0	0	1.7259792299999999	0
2014	3	10	0	0	1.6860565170000001	0
2014	3	11	0	0	1.676536383	0
2014	3	12	0	0	1.7674445429999999	0
2014	3	13	0	0	1.69336105	0
2014	3	14	0	0	1.749619021	0
2014	3	15	0	0	1.029817156	0
2014	3	16	0	0	1.9290161909999999	0
2014	3	17	0	0	2.383308254	0
2014	3	18	0	0	2.747579411	0
2014	3	19	0	0	1.980405516	0
2014	3	20	0	0	2.340025941	0
2014	3	21	0	0	2.791420434	0
2014	3	22	0	0	0.33543903	0
2014	3	23	0	0	0.316577866	0
2014	3	24	0	0	1.043487456	0
2014	3	25	0	0	1.08331059	0
2014	3	26	0	0	0.705815831	0
2014	3	27	0	0	1.911372927	0
2014	3	28	0	0	2.277242335	0
2014	3	29	0	0	2.408423461	0
2014	3	30	0	0	2.519281986	0
2014	3	31	0	0	2.43348282	0
2014	4	1	0	0	2.445211154	0
2014	4	2	0	0	2.59388143	0
2014	4	3	0	0	1.014842983	0
2014	4	4	0	0	1.509662346	0
2014	4	5	0	0	0.294746502	0
2014	4	6	0	0	1.889446556	0
2014	4	7	0	0	2.467182506	0
2014	4	8	0	0	1.157698426	0
2014	4	9	0	0	2.788775045	0
2014	4	10	0	0	2.8605217389999997	0
2014	4	11	0	0	2.9956242029999998	0
2014	4	12	0	0	3.079504798	0
2014	4	13	0	0	3.24641423	0
2014	4	14	0	0	3.354085969	0
2014	4	15	0	0	2.657579378	0
2014	4	16	0	0	3.066474094	0
2014	4	17	0	0	3.001188657	0
2014	4	18	0	0	0.341980007	0
2014	4	19	0	0	0.542647051	0
2014	4	20	0	0	2.837540787	0
2014	4	21	0	0	1.241521024	0
2014	4	22	0	0	2.434024528	0
2014	4	23	0	0	3.520452531	0
2014	4	24	0	0	3.429598563	0
2014	4	25	0	0	3.266405771	0
2014	4	26	0	0	2.08291433	0
2014	4	27	0	0	0.714553809	0
2014	4	28	0	0	0.338027262	0
2014	4	29	0	0	1.0247933550000001	0
2014	4	30	0	0	0.459601632	0
2014	5	1	0	0	1.451686338	0
2014	5	2	0	0	0.806260925	0
2014	5	3	0	0	0.329892757	0
2014	5	4	0	0	2.5703377339999998	0
2014	5	5	0	0	3.370349144	0
2014	5	6	0	0	3.122369377	0
2014	5	7	0	0	1.232348499	0
2014	5	8	0	0	3.313142564	0
2014	5	9	0	0	2.015483188	0
2014	5	10	0	0	3.752661304	0
2014	5	11	0	0	2.830143203	0
2014	5	12	0	0	2.278027748	0
2014	5	13	0	0	1.339219348	0
2014	5	14	0	0	1.4665748650000001	0
2014	5	15	0	0	1.105691781	0
2014	5	16	0	0	2.594450652	0
2014	5	17	0	0	3.052019352	0
2014	5	18	0	0	3.929263891	0
2014	5	19	0	0	4.292607258	0
2014	5	20	0	0	3.987248605	0
2014	5	21	0	0	4.690846295	0
2014	5	22	0	0	3.275079656	0
2014	5	23	0	0	3.34970903	0
2014	5	24	0	0	3.245359557	0
2014	5	25	0	0	3.58062763	0
2014	5	26	0	0	2.337693637	0
2014	5	27	0	0	1.270593829	0
2014	5	28	0	0	2.487950531	0
2014	5	29	0	0	3.2566051270000003	0
2014	5	30	0	0	0.938130265	0
2014	5	31	0	0	3.837892191	0
2014	6	1	0	0	4.174768651	0
2014	6	2	0	0	3.182556598	0
2014	6	3	0	0	3.353328602	0
2014	6	4	0	0	1.68781894	0
2014	6	5	0	0	3.823904991	0
2014	6	6	0	0	4.285940255	0
2014	6	7	0	0	4.620772253	0
2014	6	8	0	0	4.854196546	0
2014	6	9	0	0	5.601574003	0
2014	6	10	0	0	5.5042734499999995	0
2014	6	11	0	0	4.9258691930000005	0
2014	6	12	0	0	4.005975595	0
2014	6	13	0	0	3.854424102	0
2014	6	14	0	0	3.884472436	0
2014	6	15	0	0	4.756077366	0
2014	6	16	0	0	4.716671729	0
2014	6	17	0	0	4.438162051	0
2014	6	18	0	0	4.7697229949999995	0
2014	6	19	0	0	3.92066837	0
2014	6	20	0	0	3.836078094	0
2014	6	21	0	0	4.764533681	0
2014	6	22	0	0	4.919041894	0
2014	6	23	0	0	3.043581057	0
2014	6	24	0	0	3.236206901	0
2014	6	25	0	0	3.1285424280000003	0
2014	6	26	0	0	4.189551117	0
2014	6	27	0	0	4.491337804	0
2014	6	28	0	0	2.340200033	0
2014	6	29	0	0	0.716208598	0
2014	6	30	0	0	2.508054341	0
2014	7	1	0	0	4.325454053	0
2014	7	2	0	0	0.767698903	0
2014	7	3	0	0	4.221902361	0
2014	7	4	0	0	2.359960823	0
2014	7	5	0	0	2.06041348	0
2014	7	6	0	0	4.587231471	0
2014	7	7	0	0	2.323290688	0
2014	7	8	0	0	0.9898290279999999	0
2014	7	9	0	0	0.803089931	0
2014	7	10	0	0	0.529974874	0
2014	7	11	0	0	0.9344200469999999	0
2014	7	12	0	0	2.3939985520000002	0
2014	7	13	0	0	1.820202991	0
2014	7	14	0	0	3.319496843	0
2014	7	15	0	0	3.381266848	0
2014	7	16	0	0	4.462091255	0
2014	7	17	0	0	4.45515804	0
2014	7	18	0	0	5.093171808	0
2014	7	19	0	0	4.320182294	0
2014	7	20	0	0	2.067818133	0
2014	7	21	0	0	1.533323513	0
2014	7	22	0	0	0.448769682	0
2014	7	23	0	0	3.23380506	0
2014	7	24	0	0	3.293332026	0
2014	7	25	0	0	4.29798965	0
2014	7	26	0	0	0.769834572	0
2014	7	27	0	0	0.9778178200000001	0
2014	7	28	0	0	3.105904315	0
2014	7	29	0	0	1.5692048650000001	0
2014	7	30	0	0	0.746182529	0
2014	7	31	0	0	3.415252993	0
2014	8	1	0	0	3.3408399220000002	0
2014	8	2	0	0	2.698653601	0
2014	8	3	0	0	1.843157931	0
2014	8	4	0	0	3.257613218	0
2014	8	5	0	0	3.838214506	0
2014	8	6	0	0	3.024379942	0
2014	8	7	0	0	2.532317995	0
2014	8	8	0	0	3.703792734	0
2014	8	9	0	0	2.456631911	0
2014	8	10	0	0	2.081743282	0
2014	8	11	0	0	0.7193583299999999	0
2014	8	12	0	0	2.760840565	0
2014	8	13	0	0	1.6149039980000002	0
2014	8	14	0	0	2.317030001	0
2014	8	15	0	0	1.867340239	0
2014	8	16	0	0	1.807278036	0
2014	8	17	0	0	3.438099972	0
2014	8	18	0	0	3.2651022469999997	0
2014	8	19	0	0	2.03130854	0
2014	8	20	0	0	2.082219109	0
2014	8	21	0	0	2.953014228	0
2014	8	22	0	0	3.495828763	0
2014	8	23	0	0	0.9894014409999999	0
2014	8	24	0	0	2.3015311290000002	0
2014	8	25	0	0	1.418188424	0
2014	8	26	0	0	0.850504571	0
2014	8	27	0	0	2.011599292	0
2014	8	28	0	0	2.844634902	0
2014	8	29	0	0	1.4060416009999999	0
2014	8	30	0	0	2.52856495	0
2014	8	31	0	0	0.639219897	0
2014	9	1	0	0	1.5500795840000001	0
2014	9	2	0	0	2.234553348	0
2014	9	3	0	0	1.292183308	0
2014	9	4	0	0	1.993083754	0
2014	9	5	0	0	1.45091736	0
2014	9	6	0	0	2.888110371	0
2014	9	7	0	0	2.804352539	0
2014	9	8	0	0	2.86293917	0
2014	9	9	0	0	1.855188379	0
2014	9	10	0	0	1.95515171	0
2014	9	11	0	0	1.485667718	0
2014	9	12	0	0	0.584440993	0
2014	9	13	0	0	1.415386072	0
2014	9	14	0	0	1.352881301	0
2014	9	15	0	0	1.812587819	0
2014	9	16	0	0	1.88436506	0
2014	9	17	0	0	2.064653438	0
2014	9	18	0	0	1.038043042	0
2014	9	19	0	0	1.484051929	0
2014	9	20	0	0	1.772002421	0
2014	9	21	0	0	0.947749174	0
2014	9	22	0	0	1.448155931	0
2014	9	23	0	0	2.201190115	0
2014	9	24	0	0	1.782450743	0
2014	9	25	0	0	1.318455988	0
2014	9	26	0	0	1.525312225	0
2014	9	27	0	0	2.023090858	0
2014	9	28	0	0	1.194382125	0
2014	9	29	0	0	1.657961018	0
2014	9	30	0	0	0.417105897	0
2014	10	1	0	0	1.1279264820000001	0
2014	10	2	0	0	1.5647692819999999	0
2014	10	3	0	0	0.469578339	0
2014	10	4	0	0	0.81567911	0
2014	10	5	0	0	1.365106076	0
2014	10	6	0	0	1.240917257	0
2014	10	7	0	0	0.642968235	0
2014	10	8	0	0	0.998508221	0
2014	10	9	0	0	1.74978303	0
2014	10	10	0	0	0.96622196	0
2014	10	11	0	0	0.629857862	0
2014	10	12	0	0	1.035076166	0
2014	10	13	0	0	0.183946641	0
2014	10	14	0	0	1.28259072	0
2014	10	15	0	0	0.975259021	0
2014	10	16	0	0	0.535967179	0
2014	10	17	0	0	1.26257655	0
2014	10	18	0	0	0.9979995580000001	0
2014	10	19	0	0	1.634408316	0
2014	10	20	0	0	1.160640238	0
2014	10	21	0	0	1.143472392	0
2014	10	22	0	0	0.557136702	0
2014	10	23	0	0	0.46316830400000003	0
2014	10	24	0	0	0.781149477	0
2014	10	25	0	0	0.42211908200000003	0
2014	10	26	0	0	0.939516521	0
2014	10	27	0	0	0.156835869	0
2014	10	28	0	0	0.580826811	0
2014	10	29	0	0	0.9616158730000001	0
2014	10	30	0	0	0.65277051	0
2014	10	31	0	0	0.649371748	0
2014	11	1	0	0	0.48696471	0
2014	11	2	0	0	0.788182573	0
2014	11	3	0	0	0.839966663	0
2014	11	4	0	0	0.634507584	0
2014	11	5	0	0	0.057292211	0
2014	11	6	0	0	0.105046013	0
2014	11	7	0	0	0.779439508	0
2014	11	8	0	0	0.801910293	0
2014	11	9	0	0	0.208776739	0
2014	11	10	0	0	0.07746689699999999	0
2014	11	11	0	0	0.032483665	0
2014	11	12	0	0	0.175264195	0
2014	11	13	0	0	0.28306882099999997	0
2014	11	14	0	0	0.23834573699999997	0
2014	11	15	0	0	0.433738703	0
2014	11	16	0	0	0.476936306	0
2014	11	17	0	0	0.233346364	0
2014	11	18	0	0	0.531007506	0
2014	11	19	0	0	0.227627896	0
2014	11	20	0	0	0.23149541699999998	0
2014	11	21	0	0	0.42495450500000004	0
2014	11	22	0	0	0.09684934	0
2014	11	23	0	0	0.052991688	0
2014	11	24	0	0	0.368327842	0
2014	11	25	0	0	0.037095227	0
2014	11	26	0	0	0.057424170999999996	0
2014	11	27	0	0	0.018024394	0
2014	11	28	0	0	0.121372701	0
2014	11	29	0	0	0.016245274	0
2014	11	30	0	0	0.021105244	0
2014	12	1	0	0	0.013758194	0
2014	12	2	0	0	0.050927005	0
2014	12	3	0	0	0.077909487	0
2014	12	4	0	0	0.013180118	0
2014	12	5	0	0	0.0	0
2014	12	6	0	0	0.108744807	0
2014	12	7	0	0	0.06218158	0
2014	12	8	0	0	0.052119965	0
2014	12	9	0	0	0.093954582	0
2014	12	10	0	0	0.24196114	0
2014	12	11	0	0	0.661268962	0
2014	12	12	0	0	0.994500151	0
2014	12	13	0	0	0.705074914	0
2014	12	14	0	0	0.100866605	0
2014	12	15	0	0	0.151855681	0
2014	12	16	0	0	0.30850318	0
2014	12	17	0	0	0.170467522	0
2014	12	18	0	0	0.295293774	0
2014	12	19	0	0	0.814388377	0
2014	12	20	0	0	0.802457632	0
2014	12	21	0	0	0.469630194	0
2014	12	22	0	0	0.405723512	0
2014	12	23	0	0	0.540502362	0
2014	12	24	0	0	0.403495092	0
2014	12	25	0	0	0.340613358	0
2014	12	26	0	0	0.193273647	0
2014	12	27	0	0	0.058927116	0
2014	12	28	0	0	0.056542135	0
2014	12	29	0	0	0.01364543	0
2014	12	30	0	0	0.031270497	0
2014	12	31	0	0	0.315363275	0
2015	1	1	0	0	0.09269285099999999	0
2015	1	2	0	0	0.143053054	0
2015	1	3	0	0	0.243268948	0
2015	1	4	0	0	0.232678841	0
2015	1	5	0	0	0.384274803	0
2015	1	6	0	0	0.222813775	0
2015	1	7	0	0	0.350272619	0
2015	1	8	0	0	0.649383601	0
2015	1	9	0	0	0.783033659	0
2015	1	10	0	0	2.004927473	0
2015	1	11	0	0	0.622766649	0
2015	1	12	0	0	0.748298179	0
2015	1	13	0	0	1.146165613	0
2015	1	14	0	0	0.6031421140000001	0
2015	1	15	0	0	0.43015348600000003	0
2015	1	16	0	0	0.225250284	0
2015	1	17	0	0	0.01563858	0
2015	1	18	0	0	0.132743154	0
2015	1	19	0	0	0.250501959	0
2015	1	20	0	0	0.085215719	0
2015	1	21	0	0	0.081777356	0
2015	1	22	0	0	0.034755756	0
2015	1	23	0	0	0.028571422	0
2015	1	24	0	0	0.179870067	0
2015	1	25	0	0	0.193022123	0
2015	1	26	0	0	0.101247756	0
2015	1	27	0	0	0.390323578	0
2015	1	28	0	0	0.64349481	0
2015	1	29	0	0	0.092736577	0
2015	1	30	0	0	0.562551695	0
2015	1	31	0	0	0.575343476	0
2015	2	1	0	0	0.395465643	0
2015	2	2	0	0	0.293531332	0
2015	2	3	0	0	0.333119582	0
2015	2	4	0	0	0.507837671	0
2015	2	5	0	0	0.39215463	0
2015	2	6	0	0	0.636708221	0
2015	2	7	0	0	0.572821289	0
2015	2	8	0	0	0.230162929	0
2015	2	9	0	0	0.35288674600000003	0
2015	2	10	0	0	0.832774334	0
2015	2	11	0	0	0.354475987	0
2015	2	12	0	0	0.31108846	0
2015	2	13	0	0	0.376939792	0
2015	2	14	0	0	0.7020857819999999	0
2015	2	15	0	0	0.36324663	0
2015	2	16	0	0	0.24865457400000002	0
2015	2	17	0	0	0.130077122	0
2015	2	18	0	0	0.133753161	0
2015	2	19	0	0	0.881568123	0
2015	2	20	0	0	1.398327611	0
2015	2	21	0	0	0.33750301	0
2015	2	22	0	0	0.416264059	0
2015	2	23	0	0	0.181847504	0
2015	2	24	0	0	0.500173748	0
2015	2	25	0	0	0.7074221039999999	0
2015	2	26	0	0	1.253224995	0
2015	2	27	0	0	0.170153173	0
2015	2	28	0	0	0.41383739399999997	0
2015	3	1	0	0	0.470433177	0
2015	3	2	0	0	0.850392228	0
2015	3	3	0	0	1.6432068420000001	0
2015	3	4	0	0	0.696460251	0
2015	3	5	0	0	0.979341847	0
2015	3	6	0	0	1.468855617	0
2015	3	7	0	0	1.317184989	0
2015	3	8	0	0	1.584590517	0
2015	3	9	0	0	1.8374547589999999	0
2015	3	10	0	0	1.488172198	0
2015	3	11	0	0	1.15652405	0
2015	3	12	0	0	2.060206901	0
2015	3	13	0	0	1.647997954	0
2015	3	14	0	0	1.495142983	0
2015	3	15	0	0	0.851914623	0
2015	3	16	0	0	1.481569215	0
2015	3	17	0	0	1.764355576	0
2015	3	18	0	0	2.104780358	0
2015	3	19	0	0	2.158884766	0
2015	3	20	0	0	1.8080187220000001	0
2015	3	21	0	0	0.450022101	0
2015	3	22	0	0	0.452831616	0
2015	3	23	0	0	1.583850679	0
2015	3	24	0	0	1.934133398	0
2015	3	25	0	0	0.847363998	0
2015	3	26	0	0	0.320025959	0
2015	3	27	0	0	1.614578442	0
2015	3	28	0	0	2.238281883	0
2015	3	29	0	0	1.115777914	0
2015	3	30	0	0	1.333541275	0
2015	3	31	0	0	2.264589632	0
2015	4	1	0	0	1.507232544	0
2015	4	2	0	0	0.688200073	0
2015	4	3	0	0	1.48031662	0
2015	4	4	0	0	0.253559967	0
2015	4	5	0	0	1.556582099	0
2015	4	6	0	0	1.30774034	0
2015	4	7	0	0	2.531764074	0
2015	4	8	0	0	3.011849639	0
2015	4	9	0	0	2.892529847	0
2015	4	10	0	0	2.898319714	0
2015	4	11	0	0	2.774947654	0
2015	4	12	0	0	3.081354041	0
2015	4	13	0	0	3.369660944	0
2015	4	14	0	0	3.113992502	0
2015	4	15	0	0	3.571426955	0
2015	4	16	0	0	2.42588349	0
2015	4	17	0	0	0.374827929	0
2015	4	18	0	0	2.844552908	0
2015	4	19	0	0	3.401192804	0
2015	4	20	0	0	3.48154581	0
2015	4	21	0	0	3.79747005	0
2015	4	22	0	0	4.083043017	0
2015	4	23	0	0	3.199042511	0
2015	4	24	0	0	3.538336194	0
2015	4	25	0	0	1.6458181570000001	0
2015	4	26	0	0	2.364363536	0
2015	4	27	0	0	2.307262766	0
2015	4	28	0	0	0.56441573	0
2015	4	29	0	0	2.314777433	0
2015	4	30	0	0	3.073867182	0
2015	5	1	0	0	0.365926575	0
2015	5	2	0	0	1.711547374	0
2015	5	3	0	0	0.762353297	0
2015	5	4	0	0	1.256573835	0
2015	5	5	0	0	1.513756898	0
2015	5	6	0	0	2.47419566	0
2015	5	7	0	0	3.228242049	0
2015	5	8	0	0	3.304580778	0
2015	5	9	0	0	2.47286487	0
2015	5	10	0	0	3.868881441	0
2015	5	11	0	0	3.671571755	0
2015	5	12	0	0	4.813452483	0
2015	5	13	0	0	3.686166941	0
2015	5	14	0	0	3.3885265860000002	0
2015	5	15	0	0	0.184683225	0
2015	5	16	0	0	2.282049536	0
2015	5	17	0	0	3.17089578	0
2015	5	18	0	0	4.249114845	0
2015	5	19	0	0	0.800785926	0
2015	5	20	0	0	0.987411028	0
2015	5	21	0	0	1.007740868	0
2015	5	22	0	0	2.832171009	0
2015	5	23	0	0	2.389459866	0
2015	5	24	0	0	3.011255971	0
2015	5	25	0	0	1.699072785	0
2015	5	26	0	0	0.5543578539999999	0
2015	5	27	0	0	2.665505804	0
2015	5	28	0	0	4.275125558	0
2015	5	29	0	0	4.541539342	0
2015	5	30	0	0	3.457282259	0
2015	5	31	0	0	3.845054377	0
2015	6	1	0	0	4.223626805	0
2015	6	2	0	0	4.428725555	0
2015	6	3	0	0	5.013679282	0
2015	6	4	0	0	4.648257766	0
2015	6	5	0	0	4.754266266	0
2015	6	6	0	0	5.020885699	0
2015	6	7	0	0	4.7738641600000005	0
2015	6	8	0	0	2.957192178	0
2015	6	9	0	0	0.714433205	0
2015	6	10	0	0	1.488484888	0
2015	6	11	0	0	4.164176007	0
2015	6	12	0	0	3.975858943	0
2015	6	13	0	0	3.700554455	0
2015	6	14	0	0	2.603388314	0
2015	6	15	0	0	1.1579736569999999	0
2015	6	16	0	0	1.655032659	0
2015	6	17	0	0	4.047441625	0
2015	6	18	0	0	1.210567446	0
2015	6	19	0	0	3.88350326	0
2015	6	20	0	0	1.931443607	0
2015	6	21	0	0	1.345694012	0
2015	6	22	0	0	2.247527395	0
2015	6	23	0	0	3.276844684	0
2015	6	24	0	0	4.453322517	0
2015	6	25	0	0	3.811467447	0
2015	6	26	0	0	4.382324303	0
2015	6	27	0	0	3.850833466	0
2015	6	28	0	0	4.725369118	0
2015	6	29	0	0	3.7825263650000003	0
2015	6	30	0	0	5.165538017	0
2015	7	1	0	0	4.853779897	0
2015	7	2	0	0	4.867225059	0
2015	7	3	0	0	4.844836276	0
2015	7	4	0	0	5.067458198	0
2015	7	5	0	0	4.855332739	0
2015	7	6	0	0	4.299826089	0
2015	7	7	0	0	5.57715661	0
2015	7	8	0	0	3.5898374520000003	0
2015	7	9	0	0	4.442402545	0
2015	7	10	0	0	4.926033406	0
2015	7	11	0	0	5.76325507	0
2015	7	12	0	0	4.996635239	0
2015	7	13	0	0	3.7300459399999997	0
2015	7	14	0	0	5.221152235	0
2015	7	15	0	0	4.654431752	0
2015	7	16	0	0	5.242226538	0
2015	7	17	0	0	4.408728791	0
2015	7	18	0	0	2.288790812	0
2015	7	19	0	0	4.782228683	0
2015	7	20	0	0	4.914747164	0
2015	7	21	0	0	4.898801665000001	0
2015	7	22	0	0	4.212138253	0
2015	7	23	0	0	2.604540575	0
2015	7	24	0	0	4.146643282	0
2015	7	25	0	0	3.022408458	0
2015	7	26	0	0	2.598227459	0
2015	7	27	0	0	4.642475155	0
2015	7	28	0	0	3.0237097619999997	0
2015	7	29	0	0	0.665367169	0
2015	7	30	0	0	3.3684925779999997	0
2015	7	31	0	0	3.999902475	0
2015	8	1	0	0	1.456305728	0
2015	8	2	0	0	3.862928453	0
2015	8	3	0	0	4.654868722	0
2015	8	4	0	0	2.424238421	0
2015	8	5	0	0	3.911986244	0
2015	8	6	0	0	3.875252608	0
2015	8	7	0	0	3.662753303	0
2015	8	8	0	0	4.816990143	0
2015	8	9	0	0	2.898871703	0
2015	8	10	0	0	3.053614063	0
2015	8	11	0	0	3.481912268	0
2015	8	12	0	0	3.978380259	0
2015	8	13	0	0	4.104587283	0
2015	8	14	0	0	1.334388953	0
2015	8	15	0	0	0.87216571	0
2015	8	16	0	0	0.931792028	0
2015	8	17	0	0	1.87714828	0
2015	8	18	0	0	2.191459958	0
2015	8	19	0	0	0.5107861180000001	0
2015	8	20	0	0	2.892991001	0
2015	8	21	0	0	3.319074071	0
2015	8	22	0	0	3.633866793	0
2015	8	23	0	0	1.547948282	0
2015	8	24	0	0	1.317350569	0
2015	8	25	0	0	3.422609328	0
2015	8	26	0	0	3.2108415470000002	0
2015	8	27	0	0	3.3678969320000003	0
2015	8	28	0	0	3.9212566090000003	0
2015	8	29	0	0	3.668572189	0
2015	8	30	0	0	3.783498746	0
2015	8	31	0	0	4.143160481	0
2015	9	1	0	0	0.78456633	0
2015	9	2	0	0	1.558423575	0
2015	9	3	0	0	1.040074994	0
2015	9	4	0	0	2.453819648	0
2015	9	5	0	0	1.738888487	0
2015	9	6	0	0	1.3791254880000001	0
2015	9	7	0	0	2.7619067530000003	0
2015	9	8	0	0	2.679820905	0
2015	9	9	0	0	2.86010783	0
2015	9	10	0	0	2.240194325	0
2015	9	11	0	0	2.01583549	0
2015	9	12	0	0	2.904426655	0
2015	9	13	0	0	1.335481359	0
2015	9	14	0	0	2.069783676	0
2015	9	15	0	0	1.5268971740000001	0
2015	9	16	0	0	1.096492309	0
2015	9	17	0	0	0.558510103	0
2015	9	18	0	0	0.744395492	0
2015	9	19	0	0	1.773670228	0
2015	9	20	0	0	1.500369806	0
2015	9	21	0	0	1.723164277	0
2015	9	22	0	0	1.07549316	0
2015	9	23	0	0	0.572998321	0
2015	9	24	0	0	1.40414344	0
2015	9	25	0	0	1.964560115	0
2015	9	26	0	0	1.35435488	0
2015	9	27	0	0	1.711927415	0
2015	9	28	0	0	2.59127011	0
2015	9	29	0	0	2.5962337460000002	0
2015	9	30	0	0	1.394749579	0
2015	10	1	0	0	1.534499992	0
2015	10	2	0	0	1.607081834	0
2015	10	3	0	0	1.796035982	0
2015	10	4	0	0	1.412909125	0
2015	10	5	0	0	1.198082001	0
2015	10	6	0	0	0.592290495	0
2015	10	7	0	0	1.090325043	0
2015	10	8	0	0	0.776131943	0
2015	10	9	0	0	0.896325824	0
2015	10	10	0	0	0.19805753499999998	0
2015	10	11	0	0	0.48647260600000003	0
2015	10	12	0	0	1.095557877	0
2015	10	13	0	0	0.167092646	0
2015	10	14	0	0	0.809867965	0
2015	10	15	0	0	0.199656273	0
2015	10	16	0	0	0.244352626	0
2015	10	17	0	0	0.243266272	0
2015	10	18	0	0	0.094423249	0
2015	10	19	0	0	0.988882787	0
2015	10	20	0	0	0.7961617369999999	0
2015	10	21	0	0	0.397387848	0
2015	10	22	0	0	0.781081332	0
2015	10	23	0	0	0.387618617	0
2015	10	24	0	0	1.110804023	0
2015	10	25	0	0	0.705701582	0
2015	10	26	0	0	0.68265913	0
2015	10	27	0	0	0.112495813	0
2015	10	28	0	0	0.762903094	0
2015	10	29	0	0	0.314480798	0
2015	10	30	0	0	0.379324031	0
2015	10	31	0	0	0.238265363	0
2015	11	1	0	0	0.424188746	0
2015	11	2	0	0	0.094784817	0
2015	11	3	0	0	0.350489881	0
2015	11	4	0	0	0.662790789	0
2015	11	5	0	0	0.804153966	0
2015	11	6	0	0	0.9367519759999999	0
2015	11	7	0	0	0.81565391	0
2015	11	8	0	0	0.800651744	0
2015	11	9	0	0	1.0526198629999999	0
2015	11	10	0	0	0.867751796	0
2015	11	11	0	0	0.44540792199999996	0
2015	11	12	0	0	0.054951609	0
2015	11	13	0	0	0.745903023	0
2015	11	14	0	0	0.515832006	0
2015	11	15	0	0	1.39449658	0
2015	11	16	0	0	0.701389134	0
2015	11	17	0	0	1.078265622	0
2015	11	18	0	0	1.668959843	0
2015	11	19	0	0	1.992261779	0
2015	11	20	0	0	0.6536135909999999	0
2015	11	21	0	0	0.370532074	0
2015	11	22	0	0	0.358154063	0
2015	11	23	0	0	0.22972763	0
2015	11	24	0	0	0.398168966	0
2015	11	25	0	0	0.158252165	0
2015	11	26	0	0	0.089383169	0
2015	11	27	0	0	0.145015568	0
2015	11	28	0	0	0.212409463	0
2015	11	29	0	0	0.557656019	0
2015	11	30	0	0	1.395440758	0
2015	12	1	0	0	1.027748117	0
2015	12	2	0	0	0.398614488	0
2015	12	3	0	0	0.022021623	0
2015	12	4	0	0	0.07838571	0
2015	12	5	0	0	0.040884637	0
2015	12	6	0	0	0.43477303700000003	0
2015	12	7	0	0	0.154351183	0
2015	12	8	0	0	0.265704601	0
2015	12	9	0	0	0.110685395	0
2015	12	10	0	0	0.072139403	0
2015	12	11	0	0	0.394665186	0
2015	12	12	0	0	0.42453344	0
2015	12	13	0	0	0.393064766	0
2015	12	14	0	0	0.043080993	0
2015	12	15	0	0	0.187786677	0
2015	12	16	0	0	0.152232785	0
2015	12	17	0	0	0.460183199	0
2015	12	18	0	0	0.151853443	0
2015	12	19	0	0	0.246372969	0
2015	12	20	0	0	0.26064783599999997	0
2015	12	21	0	0	0.17167503	0
2015	12	22	0	0	0.503199572	0
2015	12	23	0	0	0.663220594	0
2015	12	24	0	0	0.369709912	0
2015	12	25	0	0	0.448790346	0
2015	12	26	0	0	0.399837339	0
2015	12	27	0	0	0.33523976	0
2015	12	28	0	0	0.075166643	0
2015	12	29	0	0	0.35161187699999996	0
2015	12	30	0	0	0.036924679	0
2015	12	31	0	0	0.005717055	0
2016	1	1	0	0	0.041647468	0
2016	1	2	0	0	0.048792866000000004	0
2016	1	3	0	0	0.254140173	0
2016	1	4	0	0	0.112397447	0
2016	1	5	0	0	0.46646775	0
2016	1	6	0	0	0.299420609	0
2016	1	7	0	0	0.075796623	0
2016	1	8	0	0	0.051008608000000004	0
2016	1	9	0	0	0.056649936	0
2016	1	10	0	0	0.069101445	0
2016	1	11	0	0	0.334125532	0
2016	1	12	0	0	0.5545126579999999	0
2016	1	13	0	0	0.396852432	0
2016	1	14	0	0	0.187671838	0
2016	1	15	0	0	0.737947067	0
2016	1	16	0	0	0.284664983	0
2016	1	17	0	0	0.265791498	0
2016	1	18	0	0	0.341551304	0
2016	1	19	0	0	0.033904204	0
2016	1	20	0	0	0.162206554	0
2016	1	21	0	0	0.396271327	0
2016	1	22	0	0	0.49291437	0
2016	1	23	0	0	0.430916653	0
2016	1	24	0	0	0.182437054	0
2016	1	25	0	0	0.623784158	0
2016	1	26	0	0	0.545922025	0
2016	1	27	0	0	0.5112245759999999	0
2016	1	28	0	0	0.418822983	0
2016	1	29	0	0	0.39660405	0
2016	1	30	0	0	0.912073689	0
2016	1	31	0	0	0.251322944	0
2016	2	1	0	0	1.062822131	0
2016	2	2	0	0	0.924389284	0
2016	2	3	0	0	0.287894757	0
2016	2	4	0	0	0.459652823	0
2016	2	5	0	0	0.469394478	0
2016	2	6	0	0	0.740798445	0
2016	2	7	0	0	0.338423897	0
2016	2	8	0	0	1.427552908	0
2016	2	9	0	0	0.409440584	0
2016	2	10	0	0	0.753229807	0
2016	2	11	0	0	0.914224811	0
2016	2	12	0	0	0.573463132	0
2016	2	13	0	0	0.5143956439999999	0
2016	2	14	0	0	0.243823606	0
2016	2	15	0	0	0.16665846	0
2016	2	16	0	0	0.275569599	0
2016	2	17	0	0	0.123054077	0
2016	2	18	0	0	0.922205806	0
2016	2	19	0	0	0.376791185	0
2016	2	20	0	0	0.429756127	0
2016	2	21	0	0	1.686499955	0
2016	2	22	0	0	1.530696035	0
2016	2	23	0	0	0.578367206	0
2016	2	24	0	0	0.465865614	0
2016	2	25	0	0	0.24707278300000002	0
2016	2	26	0	0	1.023902036	0
2016	2	27	0	0	0.735239724	0
2016	2	28	0	0	0.675976074	0
2016	2	29	0	0	0.061341523	0
2016	3	1	0	0	0.472432257	0
2016	3	2	0	0	0.384636271	0
2016	3	3	0	0	0.429086375	0
2016	3	4	0	0	0.506580717	0
2016	3	5	0	0	0.060863005	0
2016	3	6	0	0	0.812804076	0
2016	3	7	0	0	1.104921465	0
2016	3	8	0	0	0.418265541	0
2016	3	9	0	0	1.128601173	0
2016	3	10	0	0	1.546834426	0
2016	3	11	0	0	1.162220462	0
2016	3	12	0	0	0.343062656	0
2016	3	13	0	0	1.021888146	0
2016	3	14	0	0	0.7698812190000001	0
2016	3	15	0	0	0.867810579	0
2016	3	16	0	0	1.176522902	0
2016	3	17	0	0	1.634114145	0
2016	3	18	0	0	1.956102902	0
2016	3	19	0	0	2.070087245	0
2016	3	20	0	0	1.166182386	0
2016	3	21	0	0	0.676263024	0
2016	3	22	0	0	2.083987231	0
2016	3	23	0	0	0.710924089	0
2016	3	24	0	0	1.407609614	0
2016	3	25	0	0	0.570643491	0
2016	3	26	0	0	2.317447356	0
2016	3	27	0	0	0.746078189	0
2016	3	28	0	0	2.038393477	0
2016	3	29	0	0	1.882916549	0
2016	3	30	0	0	1.995248693	0
2016	3	31	0	0	2.370762301	0
2016	4	1	0	0	1.347619035	0
2016	4	2	0	0	1.307997629	0
2016	4	3	0	0	2.238704029	0
2016	4	4	0	0	2.6714022219999998	0
2016	4	5	0	0	2.108029751	0
2016	4	6	0	0	1.939202385	0
2016	4	7	0	0	0.829024144	0
2016	4	8	0	0	0.605981115	0
2016	4	9	0	0	0.303742463	0
2016	4	10	0	0	2.8586291090000002	0
2016	4	11	0	0	2.896811607	0
2016	4	12	0	0	2.701144453	0
2016	4	13	0	0	0.691528542	0
2016	4	14	0	0	1.483404573	0
2016	4	15	0	0	0.799115856	0
2016	4	16	0	0	1.2246902530000001	0
2016	4	17	0	0	1.006402344	0
2016	4	18	0	0	0.211302995	0
2016	4	19	0	0	2.11543517	0
2016	4	20	0	0	3.4421498170000002	0
2016	4	21	0	0	3.045743939	0
2016	4	22	0	0	2.960865506	0
2016	4	23	0	0	0.607381678	0
2016	4	24	0	0	1.390460356	0
2016	4	25	0	0	1.655793798	0
2016	4	26	0	0	0.8960612450000001	0
2016	4	27	0	0	1.621383394	0
2016	4	28	0	0	2.740282343	0
2016	4	29	0	0	3.404633124	0
2016	4	30	0	0	2.769623192	0
2016	5	1	0	0	0.20591583100000002	0
2016	5	2	0	0	1.943704143	0
2016	5	3	0	0	2.076945728	0
2016	5	4	0	0	3.119488237	0
2016	5	5	0	0	4.082011055	0
2016	5	6	0	0	4.043501384	0
2016	5	7	0	0	3.373565599	0
2016	5	8	0	0	3.772060027	0
2016	5	9	0	0	2.987195476	0
2016	5	10	0	0	3.027627248	0
2016	5	11	0	0	1.846324272	0
2016	5	12	0	0	0.40253743599999997	0
2016	5	13	0	0	0.292550136	0
2016	5	14	0	0	1.250878005	0
2016	5	15	0	0	2.356718627	0
2016	5	16	0	0	1.354108573	0
2016	5	17	0	0	2.76154689	0
2016	5	18	0	0	3.41537616	0
2016	5	19	0	0	1.335143503	0
2016	5	20	0	0	3.290948877	0
2016	5	21	0	0	4.172083525	0
2016	5	22	0	0	4.164796978	0
2016	5	23	0	0	0.68665749	0
2016	5	24	0	0	1.673709217	0
2016	5	25	0	0	3.039596139	0
2016	5	26	0	0	4.295297022	0
2016	5	27	0	0	3.939030502	0
2016	5	28	0	0	2.389224976	0
2016	5	29	0	0	0.870645513	0
2016	5	30	0	0	2.493069232	0
2016	5	31	0	0	2.879218895	0
2016	6	1	0	0	2.156091047	0
2016	6	2	0	0	2.746176613	0
2016	6	3	0	0	1.868053953	0
2016	6	4	0	0	1.605233876	0
2016	6	5	0	0	1.976175627	0
2016	6	6	0	0	3.639755897	0
2016	6	7	0	0	3.290162177	0
2016	6	8	0	0	0.247281147	0
2016	6	9	0	0	2.469062	0
2016	6	10	0	0	4.300910696	0
2016	6	11	0	0	2.212572673	0
2016	6	12	0	0	1.549462096	0
2016	6	13	0	0	1.246140334	0
2016	6	14	0	0	1.760359878	0
2016	6	15	0	0	2.017265481	0
2016	6	16	0	0	0.660491119	0
2016	6	17	0	0	3.106140374	0
2016	6	18	0	0	2.250798508	0
2016	6	19	0	0	1.495554408	0
2016	6	20	0	0	3.843804537	0
2016	6	21	0	0	1.696195533	0
2016	6	22	0	0	4.730960446	0
2016	6	23	0	0	4.83742999	0
2016	6	24	0	0	4.782671087	0
2016	6	25	0	0	1.496695522	0
2016	6	26	0	0	1.854528412	0
2016	6	27	0	0	4.09117715	0
2016	6	28	0	0	4.471484982	0
2016	6	29	0	0	3.515430837	0
2016	6	30	0	0	2.445109225	0
2016	7	1	0	0	3.657248858	0
2016	7	2	0	0	0.637236011	0
2016	7	3	0	0	3.413937552	0
2016	7	4	0	0	4.418275932	0
2016	7	5	0	0	4.265701788	0
2016	7	6	0	0	3.957778297	0
2016	7	7	0	0	4.657469649	0
2016	7	8	0	0	4.307622625	0
2016	7	9	0	0	4.44004208	0
2016	7	10	0	0	5.024564103	0
2016	7	11	0	0	2.984702136	0
2016	7	12	0	0	0.537502595	0
2016	7	13	0	0	0.832208877	0
2016	7	14	0	0	1.346950397	0
2016	7	15	0	0	1.859058302	0
2016	7	16	0	0	3.445128567	0
2016	7	17	0	0	4.340159266	0
2016	7	18	0	0	4.562152162	0
2016	7	19	0	0	4.668931448	0
2016	7	20	0	0	4.777004085	0
2016	7	21	0	0	2.791686189	0
2016	7	22	0	0	1.969902083	0
2016	7	23	0	0	2.674131203	0
2016	7	24	0	0	3.890740251	0
2016	7	25	0	0	2.327756719	0
2016	7	26	0	0	3.82813661	0
2016	7	27	0	0	3.309246132	0
2016	7	28	0	0	3.7328984210000002	0
2016	7	29	0	0	3.8864628320000003	0
2016	7	30	0	0	4.126606337	0
2016	7	31	0	0	0.916185936	0
2016	8	1	0	0	3.1534473210000002	0
2016	8	2	0	0	2.519352398	0
2016	8	3	0	0	3.642167546	0
2016	8	4	0	0	3.5084022950000002	0
2016	8	5	0	0	1.327177277	0
2016	8	6	0	0	3.280317435	0
2016	8	7	0	0	3.931107067	0
2016	8	8	0	0	3.963599254	0
2016	8	9	0	0	0.389263607	0
2016	8	10	0	0	2.7739807	0
2016	8	11	0	0	3.419640208	0
2016	8	12	0	0	2.291187975	0
2016	8	13	0	0	3.781130687	0
2016	8	14	0	0	3.810814266	0
2016	8	15	0	0	3.373382009	0
2016	8	16	0	0	3.362973776	0
2016	8	17	0	0	2.8955182170000002	0
2016	8	18	0	0	1.431538364	0
2016	8	19	0	0	2.624926443	0
2016	8	20	0	0	0.61108886	0
2016	8	21	0	0	2.403022422	0
2016	8	22	0	0	3.19000102	0
2016	8	23	0	0	3.7507737850000002	0
2016	8	24	0	0	3.592832004	0
2016	8	25	0	0	3.470562295	0
2016	8	26	0	0	3.5325369	0
2016	8	27	0	0	3.482047625	0
2016	8	28	0	0	4.121742407	0
2016	8	29	0	0	1.1469536070000002	0
2016	8	30	0	0	3.169572927	0
2016	8	31	0	0	3.178728389	0
2016	9	1	0	0	2.835418026	0
2016	9	2	0	0	3.0500188759999998	0
2016	9	3	0	0	2.264055653	0
2016	9	4	0	0	1.301337499	0
2016	9	5	0	0	0.853815564	0
2016	9	6	0	0	2.9454686100000003	0
2016	9	7	0	0	2.800186072	0
2016	9	8	0	0	3.06840173	0
2016	9	9	0	0	2.995549903	0
2016	9	10	0	0	2.55620846	0
2016	9	11	0	0	2.723366098	0
2016	9	12	0	0	2.771689171	0
2016	9	13	0	0	2.727779358	0
2016	9	14	0	0	2.70428493	0
2016	9	15	0	0	1.287920251	0
2016	9	16	0	0	1.422648944	0
2016	9	17	0	0	1.341034451	0
2016	9	18	0	0	0.64947302	0
2016	9	19	0	0	0.831319483	0
2016	9	20	0	0	1.383647742	0
2016	9	21	0	0	1.414518201	0
2016	9	22	0	0	1.648313234	0
2016	9	23	0	0	1.677918815	0
2016	9	24	0	0	1.732166595	0
2016	9	25	0	0	1.855565253	0
2016	9	26	0	0	1.5864457650000001	0
2016	9	27	0	0	1.268267283	0
2016	9	28	0	0	1.940352081	0
2016	9	29	0	0	2.403915213	0
2016	9	30	0	0	2.82962608	0
2016	10	1	0	0	1.478162959	0
2016	10	2	0	0	0.991094433	0
2016	10	3	0	0	1.091888341	0
2016	10	4	0	0	1.7385532639999999	0
2016	10	5	0	0	1.380985302	0
2016	10	6	0	0	1.18991603	0
2016	10	7	0	0	0.86092315	0
2016	10	8	0	0	0.36966097600000003	0
2016	10	9	0	0	0.768227447	0
2016	10	10	0	0	0.797547201	0
2016	10	11	0	0	0.891635245	0
2016	10	12	0	0	0.929024731	0
2016	10	13	0	0	0.636802176	0
2016	10	14	0	0	0.446982574	0
2016	10	15	0	0	0.746119404	0
2016	10	16	0	0	0.527779204	0
2016	10	17	0	0	0.264622685	0
2016	10	18	0	0	0.508144292	0
2016	10	19	0	0	0.346287191	0
2016	10	20	0	0	0.948840609	0
2016	10	21	0	0	0.139063599	0
2016	10	22	0	0	0.632201993	0
2016	10	23	0	0	0.140392563	0
2016	10	24	0	0	0.634619764	0
2016	10	25	0	0	0.07043197100000001	0
2016	10	26	0	0	0.211224536	0
2016	10	27	0	0	0.923089496	0
2016	10	28	0	0	0.44180646700000004	0
2016	10	29	0	0	0.329349475	0
2016	10	30	0	0	0.680796455	0
2016	10	31	0	0	0.10428043299999999	0
2016	11	1	0	0	0.693372306	0
2016	11	2	0	0	0.593687022	0
2016	11	3	0	0	0.891188223	0
2016	11	4	0	0	0.691485463	0
2016	11	5	0	0	0.229076805	0
2016	11	6	0	0	0.0	0
2016	11	7	0	0	0.0	0
2016	11	8	0	0	0.0	0
2016	11	9	0	0	0.275467163	0
2016	11	10	0	0	0.32493746700000004	0
2016	11	11	0	0	0.205979003	0
2016	11	12	0	0	0.389291311	0
2016	11	13	0	0	0.17818516	0
2016	11	14	0	0	0.12239789100000001	0
2016	11	15	0	0	0.5052372629999999	0
2016	11	16	0	0	0.21127871099999998	0
2016	11	17	0	0	0.428052118	0
2016	11	18	0	0	0.271878136	0
2016	11	19	0	0	0.283169997	0
2016	11	20	0	0	0.368718365	0
2016	11	21	0	0	0.216358462	0
2016	11	22	0	0	0.369669326	0
2016	11	23	0	0	0.219738653	0
2016	11	24	0	0	0.234364517	0
2016	11	25	0	0	0.116884048	0
2016	11	26	0	0	0.068658884	0
2016	11	27	0	0	0.196974829	0
2016	11	28	0	0	0.959834648	0
2016	11	29	0	0	0.43490165	0
2016	11	30	0	0	0.394980444	0
2016	12	1	0	0	0.274344937	0
2016	12	2	0	0	0.426110144	0
2016	12	3	0	0	0.122899906	0
2016	12	4	0	0	0.284728545	0
2016	12	5	0	0	0.124615479	0
2016	12	6	0	0	0.33954841399999997	0
2016	12	7	0	0	0.03128094	0
2016	12	8	0	0	0.333560885	0
2016	12	9	0	0	0.31424478100000003	0
2016	12	10	0	0	0.381925664	0
2016	12	11	0	0	0.071942216	0
2016	12	12	0	0	0.138500005	0
2016	12	13	0	0	0.042385394	0
2016	12	14	0	0	0.092851085	0
2016	12	15	0	0	0.013105447999999999	0
2016	12	16	0	0	0.005127304	0
2016	12	17	0	0	0.034251001	0
2016	12	18	0	0	0.20328578	0
2016	12	19	0	0	0.19452160699999999	0
2016	12	20	0	0	0.124062638	0
2016	12	21	0	0	0.023696042	0
2016	12	22	0	0	0.15908841499999998	0
2016	12	23	0	0	0.062193129	0
2016	12	24	0	0	0.340827563	0
2016	12	25	0	0	0.344035194	0
2016	12	26	0	0	0.317989463	0
2016	12	27	0	0	0.32324601399999997	0
2016	12	28	0	0	0.368812713	0
2016	12	29	0	0	0.21165452399999998	0
2016	12	30	0	0	0.036619601	0
