YYYY MM DOY hh EVENT_ID EVENT_ID_FF time_step PREC PET TA itt
2018 1 1 0.0 0 0 3600.0 0.0 0.09712075103552704 15.027610585618012 0
2018 1 1 1.0 0 0 3600.0 0.0 0.09712075103552704 15.027610585618012 1
2018 1 1 2.0 0 1 600.0 2.309786701199439 0.01618679183925451 15.027610585618012 2
2018 1 1 2.0 0 1 600.0 5.709214407818505 0.01618679183925451 15.027610585618012 3
2018 1 1 2.0 0 1 600.0 4.41876425668729 0.01618679183925451 15.027610585618012 4
2018 1 1 2.0 0 1 600.0 3.632085056762516 0.01618679183925451 15.027610585618012 5
2018 1 1 2.0 0 1 600.0 1.0205099786103755 0.01618679183925451 15.027610585618012 6
2018 1 1 2.0 0 1 600.0 1.0203676699835955 0.01618679183925451 15.027610585618012 7
2018 1 1 3.0 0 1 600.0 0.4426933117923768 0.01618679183925451 15.027610585618012 8
2018 1 1 3.0 0 1 600.0 5.210439260072118 0.01618679183925451 15.027610585618012 9
2018 1 1 3.0 0 1 600.0 3.646578569284933 0.01618679183925451 15.027610585618012 10
2018 1 1 3.0 0 1 600.0 4.277628208996668 0.01618679183925451 15.027610585618012 11
2018 1 1 3.0 0 1 600.0 0.2214485163452344 0.01618679183925451 15.027610585618012 12
2018 1 1 3.0 0 1 600.0 5.822468127755767 0.01618679183925451 15.027610585618012 13
2018 1 1 4.0 0 1 600.0 5.011411580722489 0.01618679183925451 15.027610585618012 14
2018 1 1 4.0 0 1 600.0 1.3528007530018296 0.01618679183925451 15.027610585618012 15
2018 1 1 4.0 0 1 600.0 1.1727673065218938 0.01618679183925451 15.027610585618012 16
2018 1 1 4.0 0 1 600.0 1.1820866081352597 0.01618679183925451 15.027610585618012 17
2018 1 1 4.0 0 1 600.0 1.8950292334612728 0.01618679183925451 15.027610585618012 18
2018 1 1 4.0 0 1 600.0 3.1960629466302035 0.01618679183925451 15.027610585618012 19
2018 1 1 5.0 0 1 600.0 2.648475609988483 0.01618679183925451 15.027610585618012 20
2018 1 1 5.0 0 1 600.0 1.8182519271684476 0.01618679183925451 15.027610585618012 21
2018 1 1 5.0 0 1 600.0 3.70993207886204 0.01618679183925451 15.027610585618012 22
2018 1 1 5.0 0 1 600.0 0.9230137778470467 0.01618679183925451 15.027610585618012 23
2018 1 1 5.0 0 1 600.0 1.8236534263577877 0.01618679183925451 15.027610585618012 24
2018 1 1 5.0 0 1 600.0 2.261534875432781 0.01618679183925451 15.027610585618012 25
2018 1 1 6.0 0 1 600.0 2.7908129068805123 0.01618679183925451 15.027610585618012 26
2018 1 1 6.0 0 1 600.0 4.7325381722187805 0.01618679183925451 15.027610585618012 27
2018 1 1 6.0 0 1 600.0 1.278075314734323 0.01618679183925451 15.027610585618012 28
2018 1 1 6.0 0 1 600.0 3.1339831866403087 0.01618679183925451 15.027610585618012 29
2018 1 1 6.0 0 1 600.0 3.595245956286051 0.01618679183925451 15.027610585618012 30
2018 1 1 6.0 0 1 600.0 0.3740574350479866 0.01618679183925451 15.027610585618012 31
2018 1 1 7.0 0 1 600.0 3.6845146262184874 0.01618679183925451 15.027610585618012 32
2018 1 1 7.0 0 1 600.0 1.1060923297550205 0.01618679183925451 15.027610585618012 33
2018 1 1 7.0 0 1 600.0 0.4838043986131491 0.01618679183925451 15.027610585618012 34
2018 1 1 7.0 0 1 600.0 5.698424669794666 0.01618679183925451 15.027610585618012 35
2018 1 1 7.0 0 1 600.0 5.7972289951399 0.01618679183925451 15.027610585618012 36
2018 1 1 7.0 0 1 600.0 4.869544353887121 0.01618679183925451 15.027610585618012 37
2018 1 1 8.0 0 1 600.0 1.8972212381228872 0.01618679183925451 15.027610585618012 38
2018 1 1 8.0 0 1 600.0 0.6762654726376649 0.01618679183925451 15.027610585618012 39
2018 1 1 8.0 0 1 600.0 4.136974856421726 0.01618679183925451 15.027610585618012 40
2018 1 1 8.0 0 1 600.0 2.696899713063648 0.01618679183925451 15.027610585618012 41
2018 1 1 8.0 0 1 600.0 0.8200255855841951 0.01618679183925451 15.027610585618012 42
2018 1 1 8.0 0 1 600.0 3.0215437696564944 0.01618679183925451 15.027610585618012 43
2018 1 1 9.0 0 1 600.0 0.3028922745797885 0.01618679183925451 15.027610585618012 44
2018 1 1 9.0 0 1 600.0 5.464990372264814 0.01618679183925451 15.027610585618012 45
2018 1 1 9.0 0 1 600.0 1.6268018914401 0.01618679183925451 15.027610585618012 46
2018 1 1 9.0 0 1 600.0 4.008881477688494 0.01618679183925451 15.027610585618012 47
2018 1 1 9.0 0 1 600.0 1.9390953489275249 0.01618679183925451 15.027610585618012 48
2018 1 1 9.0 0 1 600.0 3.168401324949084 0.01618679183925451 15.027610585618012 49
2018 1 1 10.0 0 1 600.0 3.3255906481253503 0.01618679183925451 15.027610585618012 50
2018 1 1 10.0 0 1 600.0 1.1906412876006096 0.01618679183925451 15.027610585618012 51
2018 1 1 10.0 0 1 600.0 5.820549303810895 0.01618679183925451 15.027610585618012 52
2018 1 1 10.0 0 1 600.0 4.673283657830575 0.01618679183925451 15.027610585618012 53
2018 1 1 10.0 0 1 600.0 5.643043755228716 0.01618679183925451 15.027610585618012 54
2018 1 1 10.0 0 1 600.0 5.379481367523128 0.01618679183925451 15.027610585618012 55
2018 1 1 11.0 0 1 600.0 3.6276098749854016 0.01618679183925451 15.027610585618012 56
2018 1 1 11.0 0 1 600.0 5.539057986636389 0.01618679183925451 15.027610585618012 57
2018 1 1 11.0 0 1 600.0 0.6221057621063251 0.01618679183925451 15.027610585618012 58
2018 1 1 11.0 0 1 600.0 1.2562988882729569 0.01618679183925451 15.027610585618012 59
2018 1 1 11.0 0 1 600.0 0.3668410045721746 0.01618679183925451 15.027610585618012 60
2018 1 1 11.0 0 1 600.0 2.01944895150326 0.01618679183925451 15.027610585618012 61
2018 1 1 12.0 0 1 600.0 2.3931960091679443 0.01618679183925451 15.027610585618012 62
2018 1 1 12.0 0 1 600.0 1.700959287465986 0.01618679183925451 15.027610585618012 63
2018 1 1 12.0 0 1 600.0 4.989551303996383 0.01618679183925451 15.027610585618012 64
2018 1 1 12.0 0 1 600.0 2.204844627492177 0.01618679183925451 15.027610585618012 65
2018 1 1 12.0 0 1 600.0 1.7575136071555466 0.01618679183925451 15.027610585618012 66
2018 1 1 12.0 0 1 600.0 3.301906890633666 0.01618679183925451 15.027610585618012 67
2018 1 1 13.0 0 1 600.0 0.9314529273510996 0.01618679183925451 15.027610585618012 68
2018 1 1 13.0 0 1 600.0 4.832962186448834 0.01618679183925451 15.027610585618012 69
2018 1 1 13.0 0 1 600.0 0.5398487977106479 0.01618679183925451 15.027610585618012 70
2018 1 1 13.0 0 1 600.0 5.922632925943052 0.01618679183925451 15.027610585618012 71
2018 1 1 13.0 0 1 600.0 4.656244138850279 0.01618679183925451 15.027610585618012 72
2018 1 1 13.0 0 1 600.0 1.2724225210516174 0.01618679183925451 15.027610585618012 73
2018 1 1 14.0 0 1 600.0 0.0 0.01618679183925451 15.027610585618012 74
2018 1 1 14.0 0 1 600.0 0.0 0.01618679183925451 15.027610585618012 75
2018 1 1 14.0 0 1 600.0 0.0 0.01618679183925451 15.027610585618012 76
2018 1 1 14.0 0 1 600.0 0.0 0.01618679183925451 15.027610585618012 77
2018 1 1 14.0 0 1 600.0 0.0 0.01618679183925451 15.027610585618012 78
2018 1 1 14.0 0 1 600.0 0.0 0.01618679183925451 15.027610585618012 79
2018 1 1 15.0 0 1 600.0 0.0 0.01618679183925451 15.027610585618012 80
2018 1 1 15.0 0 1 600.0 0.0 0.01618679183925451 15.027610585618012 81
2018 1 1 15.0 0 1 600.0 0.0 0.01618679183925451 15.027610585618012 82
2018 1 1 15.0 0 1 600.0 0.0 0.01618679183925451 15.027610585618012 83
2018 1 1 15.0 0 1 600.0 0.0 0.01618679183925451 15.027610585618012 84
2018 1 1 15.0 0 1 600.0 0.0 0.01618679183925451 15.027610585618012 85
2018 1 1 16.0 0 1 600.0 0.0 0.01618679183925451 15.027610585618012 86
2018 1 1 16.0 0 1 600.0 0.0 0.01618679183925451 15.027610585618012 87
2018 1 1 16.0 0 1 600.0 0.0 0.01618679183925451 15.027610585618012 88
2018 1 1 16.0 0 1 600.0 0.0 0.01618679183925451 15.027610585618012 89
2018 1 1 16.0 0 1 600.0 0.0 0.01618679183925451 15.027610585618012 90
2018 1 1 16.0 0 1 600.0 0.0 0.01618679183925451 15.027610585618012 91
2018 1 1 17.0 0 1 600.0 0.0 0.01618679183925451 15.027610585618012 92
2018 1 1 17.0 0 1 600.0 0.0 0.01618679183925451 15.027610585618012 93
2018 1 1 17.0 0 1 600.0 0.0 0.01618679183925451 15.027610585618012 94
2018 1 1 17.0 0 1 600.0 0.0 0.01618679183925451 15.027610585618012 95
2018 1 1 17.0 0 1 600.0 0.0 0.01618679183925451 15.027610585618012 96
2018 1 1 17.0 0 1 600.0 0.0 0.01618679183925451 15.027610585618012 97
2018 1 1 18.0 0 1 600.0 0.0 0.01618679183925451 15.027610585618012 98
2018 1 1 18.0 0 1 600.0 0.0 0.01618679183925451 15.027610585618012 99
2018 1 1 18.0 0 1 600.0 0.0 0.01618679183925451 15.027610585618012 100
2018 1 1 18.0 0 1 600.0 0.0 0.01618679183925451 15.027610585618012 101
2018 1 1 18.0 0 1 600.0 0.0 0.01618679183925451 15.027610585618012 102
2018 1 1 18.0 0 1 600.0 0.0 0.01618679183925451 15.027610585618012 103
2018 1 1 19.0 0 1 600.0 0.0 0.01618679183925451 15.027610585618012 104
2018 1 1 19.0 0 1 600.0 0.0 0.01618679183925451 15.027610585618012 105
2018 1 1 19.0 0 1 600.0 0.0 0.01618679183925451 15.027610585618012 106
2018 1 1 19.0 0 1 600.0 0.0 0.01618679183925451 15.027610585618012 107
2018 1 1 19.0 0 1 600.0 0.0 0.01618679183925451 15.027610585618012 108
2018 1 1 19.0 0 1 600.0 0.0 0.01618679183925451 15.027610585618012 109
2018 1 1 20.0 0 1 600.0 0.0 0.01618679183925451 15.027610585618012 110
2018 1 1 20.0 0 1 600.0 0.0 0.01618679183925451 15.027610585618012 111
2018 1 1 20.0 0 1 600.0 0.0 0.01618679183925451 15.027610585618012 112
2018 1 1 20.0 0 1 600.0 0.0 0.01618679183925451 15.027610585618012 113
2018 1 1 20.0 0 1 600.0 0.0 0.01618679183925451 15.027610585618012 114
2018 1 1 20.0 0 1 600.0 0.0 0.01618679183925451 15.027610585618012 115
2018 1 1 21.0 0 1 600.0 0.0 0.01618679183925451 15.027610585618012 116
2018 1 1 21.0 0 1 600.0 0.0 0.01618679183925451 15.027610585618012 117
2018 1 1 21.0 0 1 600.0 0.0 0.01618679183925451 15.027610585618012 118
2018 1 1 21.0 0 1 600.0 0.0 0.01618679183925451 15.027610585618012 119
2018 1 1 21.0 0 1 600.0 0.0 0.01618679183925451 15.027610585618012 120
2018 1 1 21.0 0 1 600.0 0.0 0.01618679183925451 15.027610585618012 121
2018 1 1 22.0 0 1 600.0 0.0 0.01618679183925451 15.027610585618012 122
2018 1 1 22.0 0 1 600.0 0.0 0.01618679183925451 15.027610585618012 123
2018 1 1 22.0 0 1 600.0 0.0 0.01618679183925451 15.027610585618012 124
2018 1 1 22.0 0 1 600.0 0.0 0.01618679183925451 15.027610585618012 125
2018 1 1 22.0 0 1 600.0 0.0 0.01618679183925451 15.027610585618012 126
2018 1 1 22.0 0 1 600.0 0.0 0.01618679183925451 15.027610585618012 127
2018 1 1 23.0 0 1 600.0 0.0 0.01618679183925451 15.027610585618012 128
2018 1 1 23.0 0 1 600.0 0.0 0.01618679183925451 15.027610585618012 129
2018 1 1 23.0 0 1 600.0 0.0 0.01618679183925451 15.027610585618012 130
2018 1 1 23.0 0 1 600.0 0.0 0.01618679183925451 15.027610585618012 131
2018 1 1 23.0 0 1 600.0 0.0 0.01618679183925451 15.027610585618012 132
2018 1 1 23.0 0 1 600.0 0.0 0.01618679183925451 15.027610585618012 133
2018 1 2 0.0 0 1 600.0 0.0 0.014330266321430724 19.07730714227417 134
2018 1 2 0.0 0 1 600.0 0.0 0.014330266321430724 19.07730714227417 135
2018 1 2 0.0 0 1 600.0 0.0 0.014330266321430724 19.07730714227417 136
2018 1 2 0.0 0 1 600.0 0.0 0.014330266321430724 19.07730714227417 137
2018 1 2 0.0 0 1 600.0 0.0 0.014330266321430724 19.07730714227417 138
2018 1 2 0.0 0 1 600.0 0.0 0.014330266321430724 19.07730714227417 139
2018 1 2 1.0 0 1 600.0 0.0 0.014330266321430724 19.07730714227417 140
2018 1 2 1.0 0 1 600.0 0.0 0.014330266321430724 19.07730714227417 141
2018 1 2 1.0 0 1 600.0 0.0 0.014330266321430724 19.07730714227417 142
2018 1 2 1.0 0 1 600.0 0.0 0.014330266321430724 19.07730714227417 143
2018 1 2 1.0 0 1 600.0 0.0 0.014330266321430724 19.07730714227417 144
2018 1 2 1.0 0 1 600.0 0.0 0.014330266321430724 19.07730714227417 145
2018 1 2 2.0 0 1 600.0 0.0 0.014330266321430724 19.07730714227417 146
2018 1 2 2.0 0 1 600.0 0.0 0.014330266321430724 19.07730714227417 147
2018 1 2 2.0 0 1 600.0 0.0 0.014330266321430724 19.07730714227417 148
2018 1 2 2.0 0 1 600.0 0.0 0.014330266321430724 19.07730714227417 149
2018 1 2 2.0 0 1 600.0 0.0 0.014330266321430724 19.07730714227417 150
2018 1 2 2.0 0 1 600.0 0.0 0.014330266321430724 19.07730714227417 151
2018 1 2 3.0 0 1 600.0 0.0 0.014330266321430724 19.07730714227417 152
2018 1 2 3.0 0 1 600.0 0.0 0.014330266321430724 19.07730714227417 153
2018 1 2 3.0 0 1 600.0 0.0 0.014330266321430724 19.07730714227417 154
2018 1 2 3.0 0 1 600.0 0.0 0.014330266321430724 19.07730714227417 155
2018 1 2 3.0 0 1 600.0 0.0 0.014330266321430724 19.07730714227417 156
2018 1 2 3.0 0 1 600.0 0.0 0.014330266321430724 19.07730714227417 157
2018 1 2 4.0 0 1 600.0 0.0 0.014330266321430724 19.07730714227417 158
2018 1 2 4.0 0 1 600.0 0.0 0.014330266321430724 19.07730714227417 159
2018 1 2 4.0 0 1 600.0 0.0 0.014330266321430724 19.07730714227417 160
2018 1 2 4.0 0 1 600.0 0.0 0.014330266321430724 19.07730714227417 161
2018 1 2 4.0 0 1 600.0 0.0 0.014330266321430724 19.07730714227417 162
2018 1 2 4.0 0 1 600.0 0.0 0.014330266321430724 19.07730714227417 163
2018 1 2 5.0 0 1 600.0 0.0 0.014330266321430724 19.07730714227417 164
2018 1 2 5.0 0 1 600.0 0.0 0.014330266321430724 19.07730714227417 165
2018 1 2 5.0 0 1 600.0 0.0 0.014330266321430724 19.07730714227417 166
2018 1 2 5.0 0 1 600.0 0.0 0.014330266321430724 19.07730714227417 167
2018 1 2 5.0 0 1 600.0 0.0 0.014330266321430724 19.07730714227417 168
2018 1 2 5.0 0 1 600.0 0.0 0.014330266321430724 19.07730714227417 169
2018 1 2 6.0 0 1 600.0 0.0 0.014330266321430724 19.07730714227417 170
2018 1 2 6.0 0 1 600.0 0.0 0.014330266321430724 19.07730714227417 171
2018 1 2 6.0 0 1 600.0 0.0 0.014330266321430724 19.07730714227417 172
2018 1 2 6.0 0 1 600.0 0.0 0.014330266321430724 19.07730714227417 173
2018 1 2 6.0 0 1 600.0 0.0 0.014330266321430724 19.07730714227417 174
2018 1 2 6.0 0 1 600.0 0.0 0.014330266321430724 19.07730714227417 175
2018 1 2 7.0 0 1 600.0 0.0 0.014330266321430724 19.07730714227417 176
2018 1 2 7.0 0 1 600.0 0.0 0.014330266321430724 19.07730714227417 177
2018 1 2 7.0 0 1 600.0 0.0 0.014330266321430724 19.07730714227417 178
2018 1 2 7.0 0 1 600.0 0.0 0.014330266321430724 19.07730714227417 179
2018 1 2 7.0 0 1 600.0 0.0 0.014330266321430724 19.07730714227417 180
2018 1 2 7.0 0 1 600.0 0.0 0.014330266321430724 19.07730714227417 181
2018 1 2 8.0 0 1 600.0 0.0 0.014330266321430724 19.07730714227417 182
2018 1 2 8.0 0 1 600.0 0.0 0.014330266321430724 19.07730714227417 183
2018 1 2 8.0 0 1 600.0 0.0 0.014330266321430724 19.07730714227417 184
2018 1 2 8.0 0 1 600.0 0.0 0.014330266321430724 19.07730714227417 185
2018 1 2 8.0 0 1 600.0 0.0 0.014330266321430724 19.07730714227417 186
2018 1 2 8.0 0 1 600.0 0.0 0.014330266321430724 19.07730714227417 187
2018 1 2 9.0 0 1 600.0 0.0 0.014330266321430724 19.07730714227417 188
2018 1 2 9.0 0 1 600.0 0.0 0.014330266321430724 19.07730714227417 189
2018 1 2 9.0 0 1 600.0 0.0 0.014330266321430724 19.07730714227417 190
2018 1 2 9.0 0 1 600.0 0.0 0.014330266321430724 19.07730714227417 191
2018 1 2 9.0 0 1 600.0 0.0 0.014330266321430724 19.07730714227417 192
2018 1 2 9.0 0 1 600.0 0.0 0.014330266321430724 19.07730714227417 193
2018 1 2 10.0 0 1 600.0 0.0 0.014330266321430724 19.07730714227417 194
2018 1 2 10.0 0 1 600.0 0.0 0.014330266321430724 19.07730714227417 195
2018 1 2 10.0 0 1 600.0 0.0 0.014330266321430724 19.07730714227417 196
2018 1 2 10.0 0 1 600.0 0.0 0.014330266321430724 19.07730714227417 197
2018 1 2 10.0 0 1 600.0 0.0 0.014330266321430724 19.07730714227417 198
2018 1 2 10.0 0 1 600.0 0.0 0.014330266321430724 19.07730714227417 199
2018 1 2 11.0 0 1 600.0 0.0 0.014330266321430724 19.07730714227417 200
2018 1 2 11.0 0 1 600.0 0.0 0.014330266321430724 19.07730714227417 201
2018 1 2 11.0 0 1 600.0 0.0 0.014330266321430724 19.07730714227417 202
2018 1 2 11.0 0 1 600.0 0.0 0.014330266321430724 19.07730714227417 203
2018 1 2 11.0 0 1 600.0 0.0 0.014330266321430724 19.07730714227417 204
2018 1 2 11.0 0 1 600.0 0.0 0.014330266321430724 19.07730714227417 205
2018 1 2 12.0 0 1 600.0 0.0 0.014330266321430724 19.07730714227417 206
2018 1 2 12.0 0 1 600.0 0.0 0.014330266321430724 19.07730714227417 207
2018 1 2 12.0 0 1 600.0 0.0 0.014330266321430724 19.07730714227417 208
2018 1 2 12.0 0 1 600.0 0.0 0.014330266321430724 19.07730714227417 209
2018 1 2 12.0 0 1 600.0 0.0 0.014330266321430724 19.07730714227417 210
2018 1 2 12.0 0 1 600.0 0.0 0.014330266321430724 19.07730714227417 211
2018 1 2 13.0 0 1 600.0 0.0 0.014330266321430724 19.07730714227417 212
2018 1 2 13.0 0 1 600.0 0.0 0.014330266321430724 19.07730714227417 213
2018 1 2 13.0 0 1 600.0 0.0 0.014330266321430724 19.07730714227417 214
2018 1 2 13.0 0 1 600.0 0.0 0.014330266321430724 19.07730714227417 215
2018 1 2 13.0 0 1 600.0 0.0 0.014330266321430724 19.07730714227417 216
2018 1 2 13.0 0 1 600.0 0.0 0.014330266321430724 19.07730714227417 217
2018 1 2 14.0 0 1 600.0 0.0 0.014330266321430724 19.07730714227417 218
2018 1 2 14.0 0 1 600.0 0.0 0.014330266321430724 19.07730714227417 219
2018 1 2 14.0 0 1 600.0 0.0 0.014330266321430724 19.07730714227417 220
2018 1 2 14.0 0 1 600.0 0.0 0.014330266321430724 19.07730714227417 221
2018 1 2 14.0 0 1 600.0 0.0 0.014330266321430724 19.07730714227417 222
2018 1 2 14.0 0 1 600.0 0.0 0.014330266321430724 19.07730714227417 223
2018 1 2 15.0 0 1 600.0 0.0 0.014330266321430724 19.07730714227417 224
2018 1 2 15.0 0 1 600.0 0.0 0.014330266321430724 19.07730714227417 225
2018 1 2 15.0 0 1 600.0 0.0 0.014330266321430724 19.07730714227417 226
2018 1 2 15.0 0 1 600.0 0.0 0.014330266321430724 19.07730714227417 227
2018 1 2 15.0 0 1 600.0 0.0 0.014330266321430724 19.07730714227417 228
2018 1 2 15.0 0 1 600.0 0.0 0.014330266321430724 19.07730714227417 229
2018 1 2 16.0 0 1 600.0 0.0 0.014330266321430724 19.07730714227417 230
2018 1 2 16.0 0 1 600.0 0.0 0.014330266321430724 19.07730714227417 231
2018 1 2 16.0 0 1 600.0 0.0 0.014330266321430724 19.07730714227417 232
2018 1 2 16.0 0 1 600.0 0.0 0.014330266321430724 19.07730714227417 233
2018 1 2 16.0 0 1 600.0 0.0 0.014330266321430724 19.07730714227417 234
2018 1 2 16.0 0 1 600.0 0.0 0.014330266321430724 19.07730714227417 235
2018 1 2 17.0 0 1 600.0 0.0 0.014330266321430724 19.07730714227417 236
2018 1 2 17.0 0 1 600.0 0.0 0.014330266321430724 19.07730714227417 237
2018 1 2 17.0 0 1 600.0 0.0 0.014330266321430724 19.07730714227417 238
2018 1 2 17.0 0 1 600.0 0.0 0.014330266321430724 19.07730714227417 239
2018 1 2 17.0 0 1 600.0 0.0 0.014330266321430724 19.07730714227417 240
2018 1 2 17.0 0 1 600.0 0.0 0.014330266321430724 19.07730714227417 241
2018 1 2 18.0 0 1 600.0 0.0 0.014330266321430724 19.07730714227417 242
2018 1 2 18.0 0 1 600.0 0.0 0.014330266321430724 19.07730714227417 243
2018 1 2 18.0 0 1 600.0 0.0 0.014330266321430724 19.07730714227417 244
2018 1 2 18.0 0 1 600.0 0.0 0.014330266321430724 19.07730714227417 245
2018 1 2 18.0 0 1 600.0 0.0 0.014330266321430724 19.07730714227417 246
2018 1 2 18.0 0 1 600.0 0.0 0.014330266321430724 19.07730714227417 247
2018 1 2 19.0 0 1 600.0 0.0 0.014330266321430724 19.07730714227417 248
2018 1 2 19.0 0 1 600.0 0.0 0.014330266321430724 19.07730714227417 249
2018 1 2 19.0 0 1 600.0 0.0 0.014330266321430724 19.07730714227417 250
2018 1 2 19.0 0 1 600.0 0.0 0.014330266321430724 19.07730714227417 251
2018 1 2 19.0 0 1 600.0 0.0 0.014330266321430724 19.07730714227417 252
2018 1 2 19.0 0 1 600.0 0.0 0.014330266321430724 19.07730714227417 253
2018 1 2 20.0 0 1 600.0 0.0 0.014330266321430724 19.07730714227417 254
2018 1 2 20.0 0 1 600.0 0.0 0.014330266321430724 19.07730714227417 255
2018 1 2 20.0 0 1 600.0 0.0 0.014330266321430724 19.07730714227417 256
2018 1 2 20.0 0 1 600.0 0.0 0.014330266321430724 19.07730714227417 257
2018 1 2 20.0 0 1 600.0 0.0 0.014330266321430724 19.07730714227417 258
2018 1 2 20.0 0 1 600.0 0.0 0.014330266321430724 19.07730714227417 259
2018 1 2 21.0 0 1 600.0 0.0 0.014330266321430724 19.07730714227417 260
2018 1 2 21.0 0 1 600.0 0.0 0.014330266321430724 19.07730714227417 261
2018 1 2 21.0 0 1 600.0 0.0 0.014330266321430724 19.07730714227417 262
2018 1 2 21.0 0 1 600.0 0.0 0.014330266321430724 19.07730714227417 263
2018 1 2 21.0 0 1 600.0 0.0 0.014330266321430724 19.07730714227417 264
2018 1 2 21.0 0 1 600.0 0.0 0.014330266321430724 19.07730714227417 265
2018 1 2 22.0 0 1 600.0 0.0 0.014330266321430724 19.07730714227417 266
2018 1 2 22.0 0 1 600.0 0.0 0.014330266321430724 19.07730714227417 267
2018 1 2 22.0 0 1 600.0 0.0 0.014330266321430724 19.07730714227417 268
2018 1 2 22.0 0 1 600.0 0.0 0.014330266321430724 19.07730714227417 269
2018 1 2 22.0 0 1 600.0 0.0 0.014330266321430724 19.07730714227417 270
2018 1 2 22.0 0 1 600.0 0.0 0.014330266321430724 19.07730714227417 271
2018 1 2 23.0 0 1 600.0 0.0 0.014330266321430724 19.07730714227417 272
2018 1 2 23.0 0 1 600.0 0.0 0.014330266321430724 19.07730714227417 273
2018 1 2 23.0 0 1 600.0 0.0 0.014330266321430724 19.07730714227417 274
2018 1 2 23.0 0 1 600.0 0.0 0.014330266321430724 19.07730714227417 275
2018 1 2 23.0 0 1 600.0 0.0 0.014330266321430724 19.07730714227417 276
2018 1 2 23.0 0 1 600.0 0.0 0.014330266321430724 19.07730714227417 277
2018 1 3 0.0 0 1 600.0 0.0 0.016048488345247653 18.53428671923809 278
2018 1 3 0.0 0 1 600.0 0.0 0.016048488345247653 18.53428671923809 279
2018 1 3 0.0 0 1 600.0 0.0 0.016048488345247653 18.53428671923809 280
2018 1 3 0.0 0 1 600.0 0.0 0.016048488345247653 18.53428671923809 281
2018 1 3 0.0 0 1 600.0 0.0 0.016048488345247653 18.53428671923809 282
2018 1 3 0.0 0 1 600.0 0.0 0.016048488345247653 18.53428671923809 283
2018 1 3 1.0 0 1 600.0 0.0 0.016048488345247653 18.53428671923809 284
2018 1 3 1.0 0 1 600.0 0.0 0.016048488345247653 18.53428671923809 285
2018 1 3 1.0 0 1 600.0 0.0 0.016048488345247653 18.53428671923809 286
2018 1 3 1.0 0 1 600.0 0.0 0.016048488345247653 18.53428671923809 287
2018 1 3 1.0 0 1 600.0 0.0 0.016048488345247653 18.53428671923809 288
2018 1 3 1.0 0 1 600.0 0.0 0.016048488345247653 18.53428671923809 289
2018 1 3 2.0 0 1 600.0 0.0 0.016048488345247653 18.53428671923809 290
2018 1 3 2.0 0 1 600.0 0.0 0.016048488345247653 18.53428671923809 291
2018 1 3 2.0 0 1 600.0 0.0 0.016048488345247653 18.53428671923809 292
2018 1 3 2.0 0 1 600.0 0.0 0.016048488345247653 18.53428671923809 293
2018 1 3 2.0 0 1 600.0 0.0 0.016048488345247653 18.53428671923809 294
2018 1 3 2.0 0 1 600.0 0.0 0.016048488345247653 18.53428671923809 295
2018 1 3 3.0 0 1 600.0 0.0 0.016048488345247653 18.53428671923809 296
2018 1 3 3.0 0 1 600.0 0.0 0.016048488345247653 18.53428671923809 297
2018 1 3 3.0 0 1 600.0 0.0 0.016048488345247653 18.53428671923809 298
2018 1 3 3.0 0 1 600.0 0.0 0.016048488345247653 18.53428671923809 299
2018 1 3 3.0 0 1 600.0 0.0 0.016048488345247653 18.53428671923809 300
2018 1 3 3.0 0 1 600.0 0.0 0.016048488345247653 18.53428671923809 301
2018 1 3 4.0 0 1 600.0 0.0 0.016048488345247653 18.53428671923809 302
2018 1 3 4.0 0 1 600.0 0.0 0.016048488345247653 18.53428671923809 303
2018 1 3 4.0 0 1 600.0 0.0 0.016048488345247653 18.53428671923809 304
2018 1 3 4.0 0 1 600.0 0.0 0.016048488345247653 18.53428671923809 305
2018 1 3 4.0 0 1 600.0 0.0 0.016048488345247653 18.53428671923809 306
2018 1 3 4.0 0 1 600.0 0.0 0.016048488345247653 18.53428671923809 307
2018 1 3 5.0 0 1 600.0 0.0 0.016048488345247653 18.53428671923809 308
2018 1 3 5.0 0 1 600.0 0.0 0.016048488345247653 18.53428671923809 309
2018 1 3 5.0 0 1 600.0 0.0 0.016048488345247653 18.53428671923809 310
2018 1 3 5.0 0 1 600.0 0.0 0.016048488345247653 18.53428671923809 311
2018 1 3 5.0 0 1 600.0 0.0 0.016048488345247653 18.53428671923809 312
2018 1 3 5.0 0 1 600.0 0.0 0.016048488345247653 18.53428671923809 313
2018 1 3 6.0 0 1 600.0 0.0 0.016048488345247653 18.53428671923809 314
2018 1 3 6.0 0 1 600.0 0.0 0.016048488345247653 18.53428671923809 315
2018 1 3 6.0 0 1 600.0 0.0 0.016048488345247653 18.53428671923809 316
2018 1 3 6.0 0 1 600.0 0.0 0.016048488345247653 18.53428671923809 317
2018 1 3 6.0 0 1 600.0 0.0 0.016048488345247653 18.53428671923809 318
2018 1 3 6.0 0 1 600.0 0.0 0.016048488345247653 18.53428671923809 319
2018 1 3 7.0 0 1 600.0 0.0 0.016048488345247653 18.53428671923809 320
2018 1 3 7.0 0 1 600.0 0.0 0.016048488345247653 18.53428671923809 321
2018 1 3 7.0 0 1 600.0 0.0 0.016048488345247653 18.53428671923809 322
2018 1 3 7.0 0 1 600.0 0.0 0.016048488345247653 18.53428671923809 323
2018 1 3 7.0 0 1 600.0 0.0 0.016048488345247653 18.53428671923809 324
2018 1 3 7.0 0 1 600.0 0.0 0.016048488345247653 18.53428671923809 325
2018 1 3 8.0 0 1 600.0 0.0 0.016048488345247653 18.53428671923809 326
2018 1 3 8.0 0 1 600.0 0.0 0.016048488345247653 18.53428671923809 327
2018 1 3 8.0 0 1 600.0 0.0 0.016048488345247653 18.53428671923809 328
2018 1 3 8.0 0 1 600.0 0.0 0.016048488345247653 18.53428671923809 329
2018 1 3 8.0 0 1 600.0 0.0 0.016048488345247653 18.53428671923809 330
2018 1 3 8.0 0 1 600.0 0.0 0.016048488345247653 18.53428671923809 331
2018 1 3 9.0 0 1 600.0 0.0 0.016048488345247653 18.53428671923809 332
2018 1 3 9.0 0 1 600.0 0.0 0.016048488345247653 18.53428671923809 333
2018 1 3 9.0 0 1 600.0 0.0 0.016048488345247653 18.53428671923809 334
2018 1 3 9.0 0 1 600.0 0.0 0.016048488345247653 18.53428671923809 335
2018 1 3 9.0 0 1 600.0 0.0 0.016048488345247653 18.53428671923809 336
2018 1 3 9.0 0 1 600.0 0.0 0.016048488345247653 18.53428671923809 337
2018 1 3 10.0 0 1 600.0 0.0 0.016048488345247653 18.53428671923809 338
2018 1 3 10.0 0 1 600.0 0.0 0.016048488345247653 18.53428671923809 339
2018 1 3 10.0 0 1 600.0 0.0 0.016048488345247653 18.53428671923809 340
2018 1 3 10.0 0 1 600.0 0.0 0.016048488345247653 18.53428671923809 341
2018 1 3 10.0 0 1 600.0 0.0 0.016048488345247653 18.53428671923809 342
2018 1 3 10.0 0 1 600.0 0.0 0.016048488345247653 18.53428671923809 343
2018 1 3 11.0 0 1 600.0 0.0 0.016048488345247653 18.53428671923809 344
2018 1 3 11.0 0 1 600.0 0.0 0.016048488345247653 18.53428671923809 345
2018 1 3 11.0 0 1 600.0 0.0 0.016048488345247653 18.53428671923809 346
2018 1 3 11.0 0 1 600.0 0.0 0.016048488345247653 18.53428671923809 347
2018 1 3 11.0 0 1 600.0 0.0 0.016048488345247653 18.53428671923809 348
2018 1 3 11.0 0 1 600.0 0.0 0.016048488345247653 18.53428671923809 349
2018 1 3 12.0 0 1 600.0 0.0 0.016048488345247653 18.53428671923809 350
2018 1 3 12.0 0 1 600.0 0.0 0.016048488345247653 18.53428671923809 351
2018 1 3 12.0 0 1 600.0 0.0 0.016048488345247653 18.53428671923809 352
2018 1 3 12.0 0 1 600.0 0.0 0.016048488345247653 18.53428671923809 353
2018 1 3 12.0 0 1 600.0 0.0 0.016048488345247653 18.53428671923809 354
2018 1 3 12.0 0 1 600.0 0.0 0.016048488345247653 18.53428671923809 355
2018 1 3 13.0 0 1 600.0 0.0 0.016048488345247653 18.53428671923809 356
2018 1 3 13.0 0 1 600.0 0.0 0.016048488345247653 18.53428671923809 357
2018 1 3 13.0 0 1 600.0 0.0 0.016048488345247653 18.53428671923809 358
2018 1 3 13.0 0 1 600.0 0.0 0.016048488345247653 18.53428671923809 359
2018 1 3 13.0 0 1 600.0 0.0 0.016048488345247653 18.53428671923809 360
2018 1 3 13.0 0 1 600.0 0.0 0.016048488345247653 18.53428671923809 361
2018 1 3 14.0 0 1 600.0 0.0 0.016048488345247653 18.53428671923809 362
2018 1 3 14.0 0 1 600.0 0.0 0.016048488345247653 18.53428671923809 363
2018 1 3 14.0 0 1 600.0 0.0 0.016048488345247653 18.53428671923809 364
2018 1 3 14.0 0 1 600.0 0.0 0.016048488345247653 18.53428671923809 365
2018 1 3 14.0 0 1 600.0 0.0 0.016048488345247653 18.53428671923809 366
2018 1 3 14.0 0 1 600.0 0.0 0.016048488345247653 18.53428671923809 367
2018 1 3 15.0 0 1 600.0 0.0 0.016048488345247653 18.53428671923809 368
2018 1 3 15.0 0 1 600.0 0.0 0.016048488345247653 18.53428671923809 369
2018 1 3 15.0 0 1 600.0 0.0 0.016048488345247653 18.53428671923809 370
2018 1 3 15.0 0 1 600.0 0.0 0.016048488345247653 18.53428671923809 371
2018 1 3 15.0 0 1 600.0 0.0 0.016048488345247653 18.53428671923809 372
2018 1 3 15.0 0 1 600.0 0.0 0.016048488345247653 18.53428671923809 373
2018 1 3 16.0 0 1 600.0 0.0 0.016048488345247653 18.53428671923809 374
2018 1 3 16.0 0 1 600.0 0.0 0.016048488345247653 18.53428671923809 375
2018 1 3 16.0 0 1 600.0 0.0 0.016048488345247653 18.53428671923809 376
2018 1 3 16.0 0 1 600.0 0.0 0.016048488345247653 18.53428671923809 377
2018 1 3 16.0 0 1 600.0 0.0 0.016048488345247653 18.53428671923809 378
2018 1 3 16.0 0 1 600.0 0.0 0.016048488345247653 18.53428671923809 379
2018 1 3 17.0 0 1 600.0 0.0 0.016048488345247653 18.53428671923809 380
2018 1 3 17.0 0 1 600.0 0.0 0.016048488345247653 18.53428671923809 381
2018 1 3 17.0 0 1 600.0 0.0 0.016048488345247653 18.53428671923809 382
2018 1 3 17.0 0 1 600.0 0.0 0.016048488345247653 18.53428671923809 383
2018 1 3 17.0 0 1 600.0 0.0 0.016048488345247653 18.53428671923809 384
2018 1 3 17.0 0 1 600.0 0.0 0.016048488345247653 18.53428671923809 385
2018 1 3 18.0 0 1 600.0 0.0 0.016048488345247653 18.53428671923809 386
2018 1 3 18.0 0 1 600.0 0.0 0.016048488345247653 18.53428671923809 387
2018 1 3 18.0 0 1 600.0 0.0 0.016048488345247653 18.53428671923809 388
2018 1 3 18.0 0 1 600.0 0.0 0.016048488345247653 18.53428671923809 389
2018 1 3 18.0 0 1 600.0 0.0 0.016048488345247653 18.53428671923809 390
2018 1 3 18.0 0 1 600.0 0.0 0.016048488345247653 18.53428671923809 391
2018 1 3 19.0 0 1 600.0 0.0 0.016048488345247653 18.53428671923809 392
2018 1 3 19.0 0 1 600.0 0.0 0.016048488345247653 18.53428671923809 393
2018 1 3 19.0 0 1 600.0 0.0 0.016048488345247653 18.53428671923809 394
2018 1 3 19.0 0 1 600.0 0.0 0.016048488345247653 18.53428671923809 395
2018 1 3 19.0 0 1 600.0 0.0 0.016048488345247653 18.53428671923809 396
2018 1 3 19.0 0 1 600.0 0.0 0.016048488345247653 18.53428671923809 397
2018 1 3 20.0 0 1 600.0 0.0 0.016048488345247653 18.53428671923809 398
2018 1 3 20.0 0 1 600.0 0.0 0.016048488345247653 18.53428671923809 399
2018 1 3 20.0 0 1 600.0 0.0 0.016048488345247653 18.53428671923809 400
2018 1 3 20.0 0 1 600.0 0.0 0.016048488345247653 18.53428671923809 401
2018 1 3 20.0 0 1 600.0 0.0 0.016048488345247653 18.53428671923809 402
2018 1 3 20.0 0 1 600.0 0.0 0.016048488345247653 18.53428671923809 403
2018 1 3 21.0 0 1 600.0 0.0 0.016048488345247653 18.53428671923809 404
2018 1 3 21.0 0 1 600.0 0.0 0.016048488345247653 18.53428671923809 405
2018 1 3 21.0 0 1 600.0 0.0 0.016048488345247653 18.53428671923809 406
2018 1 3 21.0 0 1 600.0 0.0 0.016048488345247653 18.53428671923809 407
2018 1 3 21.0 0 1 600.0 0.0 0.016048488345247653 18.53428671923809 408
2018 1 3 21.0 0 1 600.0 0.0 0.016048488345247653 18.53428671923809 409
2018 1 3 22.0 0 1 600.0 0.0 0.016048488345247653 18.53428671923809 410
2018 1 3 22.0 0 1 600.0 0.0 0.016048488345247653 18.53428671923809 411
2018 1 3 22.0 0 1 600.0 0.0 0.016048488345247653 18.53428671923809 412
2018 1 3 22.0 0 1 600.0 0.0 0.016048488345247653 18.53428671923809 413
2018 1 3 22.0 0 1 600.0 0.0 0.016048488345247653 18.53428671923809 414
2018 1 3 22.0 0 1 600.0 0.0 0.016048488345247653 18.53428671923809 415
2018 1 3 23.0 0 1 600.0 0.0 0.016048488345247653 18.53428671923809 416
2018 1 3 23.0 0 1 600.0 0.0 0.016048488345247653 18.53428671923809 417
2018 1 3 23.0 0 1 600.0 0.0 0.016048488345247653 18.53428671923809 418
2018 1 3 23.0 0 1 600.0 0.0 0.016048488345247653 18.53428671923809 419
2018 1 3 23.0 0 1 600.0 0.0 0.016048488345247653 18.53428671923809 420
2018 1 3 23.0 0 1 600.0 0.0 0.016048488345247653 18.53428671923809 421
2018 1 4 0.0 0 1 600.0 0.0 0.01614710640296352 18.645035840204937 422
2018 1 4 0.0 0 1 600.0 0.0 0.01614710640296352 18.645035840204937 423
2018 1 4 0.0 0 1 600.0 0.0 0.01614710640296352 18.645035840204937 424
2018 1 4 0.0 0 1 600.0 0.0 0.01614710640296352 18.645035840204937 425
2018 1 4 0.0 0 1 600.0 0.0 0.01614710640296352 18.645035840204937 426
2018 1 4 0.0 0 1 600.0 0.0 0.01614710640296352 18.645035840204937 427
2018 1 4 1.0 0 1 600.0 0.0 0.01614710640296352 18.645035840204937 428
2018 1 4 1.0 0 1 600.0 0.0 0.01614710640296352 18.645035840204937 429
2018 1 4 1.0 0 1 600.0 0.0 0.01614710640296352 18.645035840204937 430
2018 1 4 1.0 0 1 600.0 0.0 0.01614710640296352 18.645035840204937 431
2018 1 4 1.0 0 1 600.0 0.0 0.01614710640296352 18.645035840204937 432
2018 1 4 1.0 0 1 600.0 0.0 0.01614710640296352 18.645035840204937 433
2018 1 4 2.0 0 1 600.0 0.0 0.01614710640296352 18.645035840204937 434
2018 1 4 2.0 0 1 600.0 0.0 0.01614710640296352 18.645035840204937 435
2018 1 4 2.0 0 1 600.0 0.0 0.01614710640296352 18.645035840204937 436
2018 1 4 2.0 0 1 600.0 0.0 0.01614710640296352 18.645035840204937 437
2018 1 4 2.0 0 1 600.0 0.0 0.01614710640296352 18.645035840204937 438
2018 1 4 2.0 0 1 600.0 0.0 0.01614710640296352 18.645035840204937 439
2018 1 4 3.0 0 1 600.0 0.0 0.01614710640296352 18.645035840204937 440
2018 1 4 3.0 0 1 600.0 0.0 0.01614710640296352 18.645035840204937 441
2018 1 4 3.0 0 1 600.0 0.0 0.01614710640296352 18.645035840204937 442
2018 1 4 3.0 0 1 600.0 0.0 0.01614710640296352 18.645035840204937 443
2018 1 4 3.0 0 1 600.0 0.0 0.01614710640296352 18.645035840204937 444
2018 1 4 3.0 0 1 600.0 0.0 0.01614710640296352 18.645035840204937 445
2018 1 4 4.0 0 1 600.0 0.0 0.01614710640296352 18.645035840204937 446
2018 1 4 4.0 0 1 600.0 0.0 0.01614710640296352 18.645035840204937 447
2018 1 4 4.0 0 1 600.0 0.0 0.01614710640296352 18.645035840204937 448
2018 1 4 4.0 0 1 600.0 0.0 0.01614710640296352 18.645035840204937 449
2018 1 4 4.0 0 1 600.0 0.0 0.01614710640296352 18.645035840204937 450
2018 1 4 4.0 0 1 600.0 0.0 0.01614710640296352 18.645035840204937 451
2018 1 4 5.0 0 1 600.0 0.0 0.01614710640296352 18.645035840204937 452
2018 1 4 5.0 0 1 600.0 0.0 0.01614710640296352 18.645035840204937 453
2018 1 4 5.0 0 1 600.0 0.0 0.01614710640296352 18.645035840204937 454
2018 1 4 5.0 0 1 600.0 0.0 0.01614710640296352 18.645035840204937 455
2018 1 4 5.0 0 1 600.0 0.0 0.01614710640296352 18.645035840204937 456
2018 1 4 5.0 0 1 600.0 0.0 0.01614710640296352 18.645035840204937 457
2018 1 4 6.0 0 1 600.0 0.0 0.01614710640296352 18.645035840204937 458
2018 1 4 6.0 0 1 600.0 0.0 0.01614710640296352 18.645035840204937 459
2018 1 4 6.0 0 1 600.0 0.0 0.01614710640296352 18.645035840204937 460
2018 1 4 6.0 0 1 600.0 0.0 0.01614710640296352 18.645035840204937 461
2018 1 4 6.0 0 1 600.0 0.0 0.01614710640296352 18.645035840204937 462
2018 1 4 6.0 0 1 600.0 0.0 0.01614710640296352 18.645035840204937 463
2018 1 4 7.0 0 1 600.0 0.0 0.01614710640296352 18.645035840204937 464
2018 1 4 7.0 0 1 600.0 0.0 0.01614710640296352 18.645035840204937 465
2018 1 4 7.0 0 1 600.0 0.0 0.01614710640296352 18.645035840204937 466
2018 1 4 7.0 0 1 600.0 0.0 0.01614710640296352 18.645035840204937 467
2018 1 4 7.0 0 1 600.0 0.0 0.01614710640296352 18.645035840204937 468
2018 1 4 7.0 0 1 600.0 0.0 0.01614710640296352 18.645035840204937 469
2018 1 4 8.0 0 1 600.0 0.0 0.01614710640296352 18.645035840204937 470
2018 1 4 8.0 0 1 600.0 0.0 0.01614710640296352 18.645035840204937 471
2018 1 4 8.0 0 1 600.0 0.0 0.01614710640296352 18.645035840204937 472
2018 1 4 8.0 0 1 600.0 0.0 0.01614710640296352 18.645035840204937 473
2018 1 4 8.0 0 1 600.0 0.0 0.01614710640296352 18.645035840204937 474
2018 1 4 8.0 0 1 600.0 0.0 0.01614710640296352 18.645035840204937 475
2018 1 4 9.0 0 1 600.0 0.0 0.01614710640296352 18.645035840204937 476
2018 1 4 9.0 0 1 600.0 0.0 0.01614710640296352 18.645035840204937 477
2018 1 4 9.0 0 1 600.0 0.0 0.01614710640296352 18.645035840204937 478
2018 1 4 9.0 0 1 600.0 0.0 0.01614710640296352 18.645035840204937 479
2018 1 4 9.0 0 1 600.0 0.0 0.01614710640296352 18.645035840204937 480
2018 1 4 9.0 0 1 600.0 0.0 0.01614710640296352 18.645035840204937 481
2018 1 4 10.0 0 1 600.0 0.0 0.01614710640296352 18.645035840204937 482
2018 1 4 10.0 0 1 600.0 0.0 0.01614710640296352 18.645035840204937 483
2018 1 4 10.0 0 1 600.0 0.0 0.01614710640296352 18.645035840204937 484
2018 1 4 10.0 0 1 600.0 0.0 0.01614710640296352 18.645035840204937 485
2018 1 4 10.0 0 1 600.0 0.0 0.01614710640296352 18.645035840204937 486
2018 1 4 10.0 0 1 600.0 0.0 0.01614710640296352 18.645035840204937 487
2018 1 4 11.0 0 1 600.0 0.0 0.01614710640296352 18.645035840204937 488
2018 1 4 11.0 0 1 600.0 0.0 0.01614710640296352 18.645035840204937 489
2018 1 4 11.0 0 1 600.0 0.0 0.01614710640296352 18.645035840204937 490
2018 1 4 11.0 0 1 600.0 0.0 0.01614710640296352 18.645035840204937 491
2018 1 4 11.0 0 1 600.0 0.0 0.01614710640296352 18.645035840204937 492
2018 1 4 11.0 0 1 600.0 0.0 0.01614710640296352 18.645035840204937 493
2018 1 4 12.0 0 1 600.0 0.0 0.01614710640296352 18.645035840204937 494
2018 1 4 12.0 0 1 600.0 0.0 0.01614710640296352 18.645035840204937 495
2018 1 4 12.0 0 1 600.0 0.0 0.01614710640296352 18.645035840204937 496
2018 1 4 12.0 0 1 600.0 0.0 0.01614710640296352 18.645035840204937 497
2018 1 4 12.0 0 1 600.0 0.0 0.01614710640296352 18.645035840204937 498
2018 1 4 12.0 0 1 600.0 0.0 0.01614710640296352 18.645035840204937 499
2018 1 4 13.0 0 1 600.0 0.0 0.01614710640296352 18.645035840204937 500
2018 1 4 13.0 0 1 600.0 0.0 0.01614710640296352 18.645035840204937 501
2018 1 4 13.0 0 1 600.0 0.0 0.01614710640296352 18.645035840204937 502
2018 1 4 13.0 0 1 600.0 0.0 0.01614710640296352 18.645035840204937 503
2018 1 4 13.0 0 1 600.0 0.0 0.01614710640296352 18.645035840204937 504
2018 1 4 13.0 0 1 600.0 0.0 0.01614710640296352 18.645035840204937 505
2018 1 4 14.0 0 1 600.0 0.0 0.01614710640296352 18.645035840204937 506
2018 1 4 14.0 0 1 600.0 0.0 0.01614710640296352 18.645035840204937 507
2018 1 4 14.0 0 1 600.0 0.0 0.01614710640296352 18.645035840204937 508
2018 1 4 14.0 0 1 600.0 0.0 0.01614710640296352 18.645035840204937 509
2018 1 4 14.0 0 1 600.0 0.0 0.01614710640296352 18.645035840204937 510
2018 1 4 14.0 0 1 600.0 0.0 0.01614710640296352 18.645035840204937 511
2018 1 4 15.0 0 1 600.0 0.0 0.01614710640296352 18.645035840204937 512
2018 1 4 15.0 0 1 600.0 0.0 0.01614710640296352 18.645035840204937 513
2018 1 4 15.0 0 1 600.0 0.0 0.01614710640296352 18.645035840204937 514
2018 1 4 15.0 0 1 600.0 0.0 0.01614710640296352 18.645035840204937 515
2018 1 4 15.0 0 1 600.0 0.0 0.01614710640296352 18.645035840204937 516
2018 1 4 15.0 0 1 600.0 0.0 0.01614710640296352 18.645035840204937 517
2018 1 4 16.0 0 1 600.0 0.0 0.01614710640296352 18.645035840204937 518
2018 1 4 16.0 0 1 600.0 0.0 0.01614710640296352 18.645035840204937 519
2018 1 4 16.0 0 1 600.0 0.0 0.01614710640296352 18.645035840204937 520
2018 1 4 16.0 0 1 600.0 0.0 0.01614710640296352 18.645035840204937 521
2018 1 4 16.0 0 1 600.0 0.0 0.01614710640296352 18.645035840204937 522
2018 1 4 16.0 0 1 600.0 0.0 0.01614710640296352 18.645035840204937 523
2018 1 4 17.0 0 1 600.0 0.0 0.01614710640296352 18.645035840204937 524
2018 1 4 17.0 0 1 600.0 0.0 0.01614710640296352 18.645035840204937 525
2018 1 4 17.0 0 1 600.0 0.0 0.01614710640296352 18.645035840204937 526
2018 1 4 17.0 0 1 600.0 0.0 0.01614710640296352 18.645035840204937 527
2018 1 4 17.0 0 1 600.0 0.0 0.01614710640296352 18.645035840204937 528
2018 1 4 17.0 0 1 600.0 0.0 0.01614710640296352 18.645035840204937 529
2018 1 4 18.0 0 1 600.0 0.0 0.01614710640296352 18.645035840204937 530
2018 1 4 18.0 0 1 600.0 0.0 0.01614710640296352 18.645035840204937 531
2018 1 4 18.0 0 1 600.0 0.0 0.01614710640296352 18.645035840204937 532
2018 1 4 18.0 0 1 600.0 0.0 0.01614710640296352 18.645035840204937 533
2018 1 4 18.0 0 1 600.0 0.0 0.01614710640296352 18.645035840204937 534
2018 1 4 18.0 0 1 600.0 0.0 0.01614710640296352 18.645035840204937 535
2018 1 4 19.0 0 1 600.0 0.0 0.01614710640296352 18.645035840204937 536
2018 1 4 19.0 0 1 600.0 0.0 0.01614710640296352 18.645035840204937 537
2018 1 4 19.0 0 1 600.0 0.0 0.01614710640296352 18.645035840204937 538
2018 1 4 19.0 0 1 600.0 0.0 0.01614710640296352 18.645035840204937 539
2018 1 4 19.0 0 1 600.0 0.0 0.01614710640296352 18.645035840204937 540
2018 1 4 19.0 0 1 600.0 0.0 0.01614710640296352 18.645035840204937 541
2018 1 4 20.0 0 1 600.0 0.0 0.01614710640296352 18.645035840204937 542
2018 1 4 20.0 0 1 600.0 0.0 0.01614710640296352 18.645035840204937 543
2018 1 4 20.0 0 1 600.0 0.0 0.01614710640296352 18.645035840204937 544
2018 1 4 20.0 0 1 600.0 0.0 0.01614710640296352 18.645035840204937 545
2018 1 4 20.0 0 1 600.0 0.0 0.01614710640296352 18.645035840204937 546
2018 1 4 20.0 0 1 600.0 0.0 0.01614710640296352 18.645035840204937 547
2018 1 4 21.0 0 1 3600.0 0.0 0.09688263841778112 18.645035840204937 548
2018 1 4 22.0 0 1 3600.0 0.0 0.09688263841778112 18.645035840204937 549
2018 1 4 23.0 0 1 3600.0 0.0 0.09688263841778112 18.645035840204937 550
2018 1 5 0.0 0 0 86400.0 0.0 2.729606178338064 18.85635173342973 551
2018 1 6 0.0 0 2 600.0 2.309786701199439 0.018316371328855646 15.370223258670451 552
2018 1 6 0.0 0 2 600.0 5.709214407818505 0.018316371328855646 15.370223258670451 553
2018 1 6 0.0 0 2 600.0 4.41876425668729 0.018316371328855646 15.370223258670451 554
2018 1 6 0.0 0 2 600.0 3.632085056762516 0.018316371328855646 15.370223258670451 555
2018 1 6 0.0 0 2 600.0 1.0205099786103755 0.018316371328855646 15.370223258670451 556
2018 1 6 0.0 0 2 600.0 1.0203676699835955 0.018316371328855646 15.370223258670451 557
2018 1 6 1.0 0 2 600.0 0.4426933117923768 0.018316371328855646 15.370223258670451 558
2018 1 6 1.0 0 2 600.0 5.210439260072118 0.018316371328855646 15.370223258670451 559
2018 1 6 1.0 0 2 600.0 3.646578569284933 0.018316371328855646 15.370223258670451 560
2018 1 6 1.0 0 2 600.0 4.277628208996668 0.018316371328855646 15.370223258670451 561
2018 1 6 1.0 0 2 600.0 0.2214485163452344 0.018316371328855646 15.370223258670451 562
2018 1 6 1.0 0 2 600.0 5.822468127755767 0.018316371328855646 15.370223258670451 563
2018 1 6 2.0 0 2 600.0 5.011411580722489 0.018316371328855646 15.370223258670451 564
2018 1 6 2.0 0 2 600.0 1.3528007530018296 0.018316371328855646 15.370223258670451 565
2018 1 6 2.0 0 2 600.0 1.1727673065218938 0.018316371328855646 15.370223258670451 566
2018 1 6 2.0 0 2 600.0 1.1820866081352597 0.018316371328855646 15.370223258670451 567
2018 1 6 2.0 0 2 600.0 1.8950292334612728 0.018316371328855646 15.370223258670451 568
2018 1 6 2.0 0 2 600.0 3.1960629466302035 0.018316371328855646 15.370223258670451 569
2018 1 6 3.0 0 2 600.0 2.648475609988483 0.018316371328855646 15.370223258670451 570
2018 1 6 3.0 0 2 600.0 1.8182519271684476 0.018316371328855646 15.370223258670451 571
2018 1 6 3.0 0 2 600.0 3.70993207886204 0.018316371328855646 15.370223258670451 572
2018 1 6 3.0 0 2 600.0 0.9230137778470467 0.018316371328855646 15.370223258670451 573
2018 1 6 3.0 0 2 600.0 1.8236534263577877 0.018316371328855646 15.370223258670451 574
2018 1 6 3.0 0 2 600.0 2.261534875432781 0.018316371328855646 15.370223258670451 575
2018 1 6 4.0 0 2 600.0 2.7908129068805123 0.018316371328855646 15.370223258670451 576
2018 1 6 4.0 0 2 600.0 4.7325381722187805 0.018316371328855646 15.370223258670451 577
2018 1 6 4.0 0 2 600.0 1.278075314734323 0.018316371328855646 15.370223258670451 578
2018 1 6 4.0 0 2 600.0 3.1339831866403087 0.018316371328855646 15.370223258670451 579
2018 1 6 4.0 0 2 600.0 3.595245956286051 0.018316371328855646 15.370223258670451 580
2018 1 6 4.0 0 2 600.0 0.3740574350479866 0.018316371328855646 15.370223258670451 581
2018 1 6 5.0 0 2 600.0 3.6845146262184874 0.018316371328855646 15.370223258670451 582
2018 1 6 5.0 0 2 600.0 1.1060923297550205 0.018316371328855646 15.370223258670451 583
2018 1 6 5.0 0 2 600.0 0.4838043986131491 0.018316371328855646 15.370223258670451 584
2018 1 6 5.0 0 2 600.0 5.698424669794666 0.018316371328855646 15.370223258670451 585
2018 1 6 5.0 0 2 600.0 5.7972289951399 0.018316371328855646 15.370223258670451 586
2018 1 6 5.0 0 2 600.0 4.869544353887121 0.018316371328855646 15.370223258670451 587
2018 1 6 6.0 0 2 600.0 1.8972212381228872 0.018316371328855646 15.370223258670451 588
2018 1 6 6.0 0 2 600.0 0.6762654726376649 0.018316371328855646 15.370223258670451 589
2018 1 6 6.0 0 2 600.0 4.136974856421726 0.018316371328855646 15.370223258670451 590
2018 1 6 6.0 0 2 600.0 2.696899713063648 0.018316371328855646 15.370223258670451 591
2018 1 6 6.0 0 2 600.0 0.8200255855841951 0.018316371328855646 15.370223258670451 592
2018 1 6 6.0 0 2 600.0 3.0215437696564944 0.018316371328855646 15.370223258670451 593
2018 1 6 7.0 0 2 600.0 0.3028922745797885 0.018316371328855646 15.370223258670451 594
2018 1 6 7.0 0 2 600.0 5.464990372264814 0.018316371328855646 15.370223258670451 595
2018 1 6 7.0 0 2 600.0 1.6268018914401 0.018316371328855646 15.370223258670451 596
2018 1 6 7.0 0 2 600.0 4.008881477688494 0.018316371328855646 15.370223258670451 597
2018 1 6 7.0 0 2 600.0 1.9390953489275249 0.018316371328855646 15.370223258670451 598
2018 1 6 7.0 0 2 600.0 3.168401324949084 0.018316371328855646 15.370223258670451 599
2018 1 6 8.0 0 2 600.0 3.3255906481253503 0.018316371328855646 15.370223258670451 600
2018 1 6 8.0 0 2 600.0 1.1906412876006096 0.018316371328855646 15.370223258670451 601
2018 1 6 8.0 0 2 600.0 5.820549303810895 0.018316371328855646 15.370223258670451 602
2018 1 6 8.0 0 2 600.0 4.673283657830575 0.018316371328855646 15.370223258670451 603
2018 1 6 8.0 0 2 600.0 5.643043755228716 0.018316371328855646 15.370223258670451 604
2018 1 6 8.0 0 2 600.0 5.379481367523128 0.018316371328855646 15.370223258670451 605
2018 1 6 9.0 0 2 600.0 3.6276098749854016 0.018316371328855646 15.370223258670451 606
2018 1 6 9.0 0 2 600.0 5.539057986636389 0.018316371328855646 15.370223258670451 607
2018 1 6 9.0 0 2 600.0 0.6221057621063251 0.018316371328855646 15.370223258670451 608
2018 1 6 9.0 0 2 600.0 1.2562988882729569 0.018316371328855646 15.370223258670451 609
2018 1 6 9.0 0 2 600.0 0.3668410045721746 0.018316371328855646 15.370223258670451 610
2018 1 6 9.0 0 2 600.0 2.01944895150326 0.018316371328855646 15.370223258670451 611
2018 1 6 10.0 0 2 600.0 2.3931960091679443 0.018316371328855646 15.370223258670451 612
2018 1 6 10.0 0 2 600.0 1.700959287465986 0.018316371328855646 15.370223258670451 613
2018 1 6 10.0 0 2 600.0 4.989551303996383 0.018316371328855646 15.370223258670451 614
2018 1 6 10.0 0 2 600.0 2.204844627492177 0.018316371328855646 15.370223258670451 615
2018 1 6 10.0 0 2 600.0 1.7575136071555466 0.018316371328855646 15.370223258670451 616
2018 1 6 10.0 0 2 600.0 3.301906890633666 0.018316371328855646 15.370223258670451 617
2018 1 6 11.0 0 2 600.0 0.9314529273510996 0.018316371328855646 15.370223258670451 618
2018 1 6 11.0 0 2 600.0 4.832962186448834 0.018316371328855646 15.370223258670451 619
2018 1 6 11.0 0 2 600.0 0.5398487977106479 0.018316371328855646 15.370223258670451 620
2018 1 6 11.0 0 2 600.0 5.922632925943052 0.018316371328855646 15.370223258670451 621
2018 1 6 11.0 0 2 600.0 4.656244138850279 0.018316371328855646 15.370223258670451 622
2018 1 6 11.0 0 2 600.0 1.2724225210516174 0.018316371328855646 15.370223258670451 623
2018 1 6 12.0 0 2 600.0 0.0 0.018316371328855646 15.370223258670451 624
2018 1 6 12.0 0 2 600.0 0.0 0.018316371328855646 15.370223258670451 625
2018 1 6 12.0 0 2 600.0 0.0 0.018316371328855646 15.370223258670451 626
2018 1 6 12.0 0 2 600.0 0.0 0.018316371328855646 15.370223258670451 627
2018 1 6 12.0 0 2 600.0 0.0 0.018316371328855646 15.370223258670451 628
2018 1 6 12.0 0 2 600.0 0.0 0.018316371328855646 15.370223258670451 629
2018 1 6 13.0 0 2 600.0 0.0 0.018316371328855646 15.370223258670451 630
2018 1 6 13.0 0 2 600.0 0.0 0.018316371328855646 15.370223258670451 631
2018 1 6 13.0 0 2 600.0 0.0 0.018316371328855646 15.370223258670451 632
2018 1 6 13.0 0 2 600.0 0.0 0.018316371328855646 15.370223258670451 633
2018 1 6 13.0 0 2 600.0 0.0 0.018316371328855646 15.370223258670451 634
2018 1 6 13.0 0 2 600.0 0.0 0.018316371328855646 15.370223258670451 635
2018 1 6 14.0 0 2 600.0 0.0 0.018316371328855646 15.370223258670451 636
2018 1 6 14.0 0 2 600.0 0.0 0.018316371328855646 15.370223258670451 637
2018 1 6 14.0 0 2 600.0 0.0 0.018316371328855646 15.370223258670451 638
2018 1 6 14.0 0 2 600.0 0.0 0.018316371328855646 15.370223258670451 639
2018 1 6 14.0 0 2 600.0 0.0 0.018316371328855646 15.370223258670451 640
2018 1 6 14.0 0 2 600.0 0.0 0.018316371328855646 15.370223258670451 641
2018 1 6 15.0 0 2 600.0 0.0 0.018316371328855646 15.370223258670451 642
2018 1 6 15.0 0 2 600.0 0.0 0.018316371328855646 15.370223258670451 643
2018 1 6 15.0 0 2 600.0 0.0 0.018316371328855646 15.370223258670451 644
2018 1 6 15.0 0 2 600.0 0.0 0.018316371328855646 15.370223258670451 645
2018 1 6 15.0 0 2 600.0 0.0 0.018316371328855646 15.370223258670451 646
2018 1 6 15.0 0 2 600.0 0.0 0.018316371328855646 15.370223258670451 647
2018 1 6 16.0 0 2 600.0 0.0 0.018316371328855646 15.370223258670451 648
2018 1 6 16.0 0 2 600.0 0.0 0.018316371328855646 15.370223258670451 649
2018 1 6 16.0 0 2 600.0 0.0 0.018316371328855646 15.370223258670451 650
2018 1 6 16.0 0 2 600.0 0.0 0.018316371328855646 15.370223258670451 651
2018 1 6 16.0 0 2 600.0 0.0 0.018316371328855646 15.370223258670451 652
2018 1 6 16.0 0 2 600.0 0.0 0.018316371328855646 15.370223258670451 653
2018 1 6 17.0 0 2 600.0 0.0 0.018316371328855646 15.370223258670451 654
2018 1 6 17.0 0 2 600.0 0.0 0.018316371328855646 15.370223258670451 655
2018 1 6 17.0 0 2 600.0 0.0 0.018316371328855646 15.370223258670451 656
2018 1 6 17.0 0 2 600.0 0.0 0.018316371328855646 15.370223258670451 657
2018 1 6 17.0 0 2 600.0 0.0 0.018316371328855646 15.370223258670451 658
2018 1 6 17.0 0 2 600.0 0.0 0.018316371328855646 15.370223258670451 659
2018 1 6 18.0 0 2 600.0 0.0 0.018316371328855646 15.370223258670451 660
2018 1 6 18.0 0 2 600.0 0.0 0.018316371328855646 15.370223258670451 661
2018 1 6 18.0 0 2 600.0 0.0 0.018316371328855646 15.370223258670451 662
2018 1 6 18.0 0 2 600.0 0.0 0.018316371328855646 15.370223258670451 663
2018 1 6 18.0 0 2 600.0 0.0 0.018316371328855646 15.370223258670451 664
2018 1 6 18.0 0 2 600.0 0.0 0.018316371328855646 15.370223258670451 665
2018 1 6 19.0 0 2 600.0 0.0 0.018316371328855646 15.370223258670451 666
2018 1 6 19.0 0 2 600.0 0.0 0.018316371328855646 15.370223258670451 667
2018 1 6 19.0 0 2 600.0 0.0 0.018316371328855646 15.370223258670451 668
2018 1 6 19.0 0 2 600.0 0.0 0.018316371328855646 15.370223258670451 669
2018 1 6 19.0 0 2 600.0 0.0 0.018316371328855646 15.370223258670451 670
2018 1 6 19.0 0 2 600.0 0.0 0.018316371328855646 15.370223258670451 671
2018 1 6 20.0 0 2 600.0 0.0 0.018316371328855646 15.370223258670451 672
2018 1 6 20.0 0 2 600.0 0.0 0.018316371328855646 15.370223258670451 673
2018 1 6 20.0 0 2 600.0 0.0 0.018316371328855646 15.370223258670451 674
2018 1 6 20.0 0 2 600.0 0.0 0.018316371328855646 15.370223258670451 675
2018 1 6 20.0 0 2 600.0 0.0 0.018316371328855646 15.370223258670451 676
2018 1 6 20.0 0 2 600.0 0.0 0.018316371328855646 15.370223258670451 677
2018 1 6 21.0 0 2 600.0 0.0 0.018316371328855646 15.370223258670451 678
2018 1 6 21.0 0 2 600.0 0.0 0.018316371328855646 15.370223258670451 679
2018 1 6 21.0 0 2 600.0 0.0 0.018316371328855646 15.370223258670451 680
2018 1 6 21.0 0 2 600.0 0.0 0.018316371328855646 15.370223258670451 681
2018 1 6 21.0 0 2 600.0 0.0 0.018316371328855646 15.370223258670451 682
2018 1 6 21.0 0 2 600.0 0.0 0.018316371328855646 15.370223258670451 683
2018 1 6 22.0 0 2 600.0 0.0 0.018316371328855646 15.370223258670451 684
2018 1 6 22.0 0 2 600.0 0.0 0.018316371328855646 15.370223258670451 685
2018 1 6 22.0 0 2 600.0 0.0 0.018316371328855646 15.370223258670451 686
2018 1 6 22.0 0 2 600.0 0.0 0.018316371328855646 15.370223258670451 687
2018 1 6 22.0 0 2 600.0 0.0 0.018316371328855646 15.370223258670451 688
2018 1 6 22.0 0 2 600.0 0.0 0.018316371328855646 15.370223258670451 689
2018 1 6 23.0 0 2 600.0 0.0 0.018316371328855646 15.370223258670451 690
2018 1 6 23.0 0 2 600.0 0.0 0.018316371328855646 15.370223258670451 691
2018 1 6 23.0 0 2 600.0 0.0 0.018316371328855646 15.370223258670451 692
2018 1 6 23.0 0 2 600.0 0.0 0.018316371328855646 15.370223258670451 693
2018 1 6 23.0 0 2 600.0 0.0 0.018316371328855646 15.370223258670451 694
2018 1 6 23.0 0 2 600.0 0.0 0.018316371328855646 15.370223258670451 695
2018 1 7 0.0 0 2 600.0 0.0 0.020050088490113378 16.792328642721362 696
2018 1 7 0.0 0 2 600.0 0.0 0.020050088490113378 16.792328642721362 697
2018 1 7 0.0 0 2 600.0 0.0 0.020050088490113378 16.792328642721362 698
2018 1 7 0.0 0 2 600.0 0.0 0.020050088490113378 16.792328642721362 699
2018 1 7 0.0 0 2 600.0 0.0 0.020050088490113378 16.792328642721362 700
2018 1 7 0.0 0 2 600.0 0.0 0.020050088490113378 16.792328642721362 701
2018 1 7 1.0 0 2 600.0 0.0 0.020050088490113378 16.792328642721362 702
2018 1 7 1.0 0 2 600.0 0.0 0.020050088490113378 16.792328642721362 703
2018 1 7 1.0 0 2 600.0 0.0 0.020050088490113378 16.792328642721362 704
2018 1 7 1.0 0 2 600.0 0.0 0.020050088490113378 16.792328642721362 705
2018 1 7 1.0 0 2 600.0 0.0 0.020050088490113378 16.792328642721362 706
2018 1 7 1.0 0 2 600.0 0.0 0.020050088490113378 16.792328642721362 707
2018 1 7 2.0 0 2 600.0 0.0 0.020050088490113378 16.792328642721362 708
2018 1 7 2.0 0 2 600.0 0.0 0.020050088490113378 16.792328642721362 709
2018 1 7 2.0 0 2 600.0 0.0 0.020050088490113378 16.792328642721362 710
2018 1 7 2.0 0 2 600.0 0.0 0.020050088490113378 16.792328642721362 711
2018 1 7 2.0 0 2 600.0 0.0 0.020050088490113378 16.792328642721362 712
2018 1 7 2.0 0 2 600.0 0.0 0.020050088490113378 16.792328642721362 713
2018 1 7 3.0 0 2 600.0 0.0 0.020050088490113378 16.792328642721362 714
2018 1 7 3.0 0 2 600.0 0.0 0.020050088490113378 16.792328642721362 715
2018 1 7 3.0 0 2 600.0 0.0 0.020050088490113378 16.792328642721362 716
2018 1 7 3.0 0 2 600.0 0.0 0.020050088490113378 16.792328642721362 717
2018 1 7 3.0 0 2 600.0 0.0 0.020050088490113378 16.792328642721362 718
2018 1 7 3.0 0 2 600.0 0.0 0.020050088490113378 16.792328642721362 719
2018 1 7 4.0 0 2 600.0 0.0 0.020050088490113378 16.792328642721362 720
2018 1 7 4.0 0 2 600.0 0.0 0.020050088490113378 16.792328642721362 721
2018 1 7 4.0 0 2 600.0 0.0 0.020050088490113378 16.792328642721362 722
2018 1 7 4.0 0 2 600.0 0.0 0.020050088490113378 16.792328642721362 723
2018 1 7 4.0 0 2 600.0 0.0 0.020050088490113378 16.792328642721362 724
2018 1 7 4.0 0 2 600.0 0.0 0.020050088490113378 16.792328642721362 725
2018 1 7 5.0 0 2 600.0 0.0 0.020050088490113378 16.792328642721362 726
2018 1 7 5.0 0 2 600.0 0.0 0.020050088490113378 16.792328642721362 727
2018 1 7 5.0 0 2 600.0 0.0 0.020050088490113378 16.792328642721362 728
2018 1 7 5.0 0 2 600.0 0.0 0.020050088490113378 16.792328642721362 729
2018 1 7 5.0 0 2 600.0 0.0 0.020050088490113378 16.792328642721362 730
2018 1 7 5.0 0 2 600.0 0.0 0.020050088490113378 16.792328642721362 731
2018 1 7 6.0 0 2 600.0 0.0 0.020050088490113378 16.792328642721362 732
2018 1 7 6.0 0 2 600.0 0.0 0.020050088490113378 16.792328642721362 733
2018 1 7 6.0 0 2 600.0 0.0 0.020050088490113378 16.792328642721362 734
2018 1 7 6.0 0 2 600.0 0.0 0.020050088490113378 16.792328642721362 735
2018 1 7 6.0 0 2 600.0 0.0 0.020050088490113378 16.792328642721362 736
2018 1 7 6.0 0 2 600.0 0.0 0.020050088490113378 16.792328642721362 737
2018 1 7 7.0 0 2 600.0 0.0 0.020050088490113378 16.792328642721362 738
2018 1 7 7.0 0 2 600.0 0.0 0.020050088490113378 16.792328642721362 739
2018 1 7 7.0 0 2 600.0 0.0 0.020050088490113378 16.792328642721362 740
2018 1 7 7.0 0 2 600.0 0.0 0.020050088490113378 16.792328642721362 741
2018 1 7 7.0 0 2 600.0 0.0 0.020050088490113378 16.792328642721362 742
2018 1 7 7.0 0 2 600.0 0.0 0.020050088490113378 16.792328642721362 743
2018 1 7 8.0 0 2 600.0 0.0 0.020050088490113378 16.792328642721362 744
2018 1 7 8.0 0 2 600.0 0.0 0.020050088490113378 16.792328642721362 745
2018 1 7 8.0 0 2 600.0 0.0 0.020050088490113378 16.792328642721362 746
2018 1 7 8.0 0 2 600.0 0.0 0.020050088490113378 16.792328642721362 747
2018 1 7 8.0 0 2 600.0 0.0 0.020050088490113378 16.792328642721362 748
2018 1 7 8.0 0 2 600.0 0.0 0.020050088490113378 16.792328642721362 749
2018 1 7 9.0 0 2 600.0 0.0 0.020050088490113378 16.792328642721362 750
2018 1 7 9.0 0 2 600.0 0.0 0.020050088490113378 16.792328642721362 751
2018 1 7 9.0 0 2 600.0 0.0 0.020050088490113378 16.792328642721362 752
2018 1 7 9.0 0 2 600.0 0.0 0.020050088490113378 16.792328642721362 753
2018 1 7 9.0 0 2 600.0 0.0 0.020050088490113378 16.792328642721362 754
2018 1 7 9.0 0 2 600.0 0.0 0.020050088490113378 16.792328642721362 755
2018 1 7 10.0 0 2 600.0 0.0 0.020050088490113378 16.792328642721362 756
2018 1 7 10.0 0 2 600.0 0.0 0.020050088490113378 16.792328642721362 757
2018 1 7 10.0 0 2 600.0 0.0 0.020050088490113378 16.792328642721362 758
2018 1 7 10.0 0 2 600.0 0.0 0.020050088490113378 16.792328642721362 759
2018 1 7 10.0 0 2 600.0 0.0 0.020050088490113378 16.792328642721362 760
2018 1 7 10.0 0 2 600.0 0.0 0.020050088490113378 16.792328642721362 761
2018 1 7 11.0 0 2 600.0 0.0 0.020050088490113378 16.792328642721362 762
2018 1 7 11.0 0 2 600.0 0.0 0.020050088490113378 16.792328642721362 763
2018 1 7 11.0 0 2 600.0 0.0 0.020050088490113378 16.792328642721362 764
2018 1 7 11.0 0 2 600.0 0.0 0.020050088490113378 16.792328642721362 765
2018 1 7 11.0 0 2 600.0 0.0 0.020050088490113378 16.792328642721362 766
2018 1 7 11.0 0 2 600.0 0.0 0.020050088490113378 16.792328642721362 767
2018 1 7 12.0 0 2 600.0 0.0 0.020050088490113378 16.792328642721362 768
2018 1 7 12.0 0 2 600.0 0.0 0.020050088490113378 16.792328642721362 769
2018 1 7 12.0 0 2 600.0 0.0 0.020050088490113378 16.792328642721362 770
2018 1 7 12.0 0 2 600.0 0.0 0.020050088490113378 16.792328642721362 771
2018 1 7 12.0 0 2 600.0 0.0 0.020050088490113378 16.792328642721362 772
2018 1 7 12.0 0 2 600.0 0.0 0.020050088490113378 16.792328642721362 773
2018 1 7 13.0 0 2 600.0 0.0 0.020050088490113378 16.792328642721362 774
2018 1 7 13.0 0 2 600.0 0.0 0.020050088490113378 16.792328642721362 775
2018 1 7 13.0 0 2 600.0 0.0 0.020050088490113378 16.792328642721362 776
2018 1 7 13.0 0 2 600.0 0.0 0.020050088490113378 16.792328642721362 777
2018 1 7 13.0 0 2 600.0 0.0 0.020050088490113378 16.792328642721362 778
2018 1 7 13.0 0 2 600.0 0.0 0.020050088490113378 16.792328642721362 779
2018 1 7 14.0 0 2 600.0 0.0 0.020050088490113378 16.792328642721362 780
2018 1 7 14.0 0 2 600.0 0.0 0.020050088490113378 16.792328642721362 781
2018 1 7 14.0 0 2 600.0 0.0 0.020050088490113378 16.792328642721362 782
2018 1 7 14.0 0 2 600.0 0.0 0.020050088490113378 16.792328642721362 783
2018 1 7 14.0 0 2 600.0 0.0 0.020050088490113378 16.792328642721362 784
2018 1 7 14.0 0 2 600.0 0.0 0.020050088490113378 16.792328642721362 785
2018 1 7 15.0 0 2 600.0 0.0 0.020050088490113378 16.792328642721362 786
2018 1 7 15.0 0 2 600.0 0.0 0.020050088490113378 16.792328642721362 787
2018 1 7 15.0 0 2 600.0 0.0 0.020050088490113378 16.792328642721362 788
2018 1 7 15.0 0 2 600.0 0.0 0.020050088490113378 16.792328642721362 789
2018 1 7 15.0 0 2 600.0 0.0 0.020050088490113378 16.792328642721362 790
2018 1 7 15.0 0 2 600.0 0.0 0.020050088490113378 16.792328642721362 791
2018 1 7 16.0 0 2 600.0 0.0 0.020050088490113378 16.792328642721362 792
2018 1 7 16.0 0 2 600.0 0.0 0.020050088490113378 16.792328642721362 793
2018 1 7 16.0 0 2 600.0 0.0 0.020050088490113378 16.792328642721362 794
2018 1 7 16.0 0 2 600.0 0.0 0.020050088490113378 16.792328642721362 795
2018 1 7 16.0 0 2 600.0 0.0 0.020050088490113378 16.792328642721362 796
2018 1 7 16.0 0 2 600.0 0.0 0.020050088490113378 16.792328642721362 797
2018 1 7 17.0 0 2 600.0 0.0 0.020050088490113378 16.792328642721362 798
2018 1 7 17.0 0 2 600.0 0.0 0.020050088490113378 16.792328642721362 799
2018 1 7 17.0 0 2 600.0 0.0 0.020050088490113378 16.792328642721362 800
2018 1 7 17.0 0 2 600.0 0.0 0.020050088490113378 16.792328642721362 801
2018 1 7 17.0 0 2 600.0 0.0 0.020050088490113378 16.792328642721362 802
2018 1 7 17.0 0 2 600.0 0.0 0.020050088490113378 16.792328642721362 803
2018 1 7 18.0 0 2 600.0 0.0 0.020050088490113378 16.792328642721362 804
2018 1 7 18.0 0 2 600.0 0.0 0.020050088490113378 16.792328642721362 805
2018 1 7 18.0 0 2 600.0 0.0 0.020050088490113378 16.792328642721362 806
2018 1 7 18.0 0 2 600.0 0.0 0.020050088490113378 16.792328642721362 807
2018 1 7 18.0 0 2 600.0 0.0 0.020050088490113378 16.792328642721362 808
2018 1 7 18.0 0 2 600.0 0.0 0.020050088490113378 16.792328642721362 809
2018 1 7 19.0 0 2 600.0 0.0 0.020050088490113378 16.792328642721362 810
2018 1 7 19.0 0 2 600.0 0.0 0.020050088490113378 16.792328642721362 811
2018 1 7 19.0 0 2 600.0 0.0 0.020050088490113378 16.792328642721362 812
2018 1 7 19.0 0 2 600.0 0.0 0.020050088490113378 16.792328642721362 813
2018 1 7 19.0 0 2 600.0 0.0 0.020050088490113378 16.792328642721362 814
2018 1 7 19.0 0 2 600.0 0.0 0.020050088490113378 16.792328642721362 815
2018 1 7 20.0 0 2 600.0 0.0 0.020050088490113378 16.792328642721362 816
2018 1 7 20.0 0 2 600.0 0.0 0.020050088490113378 16.792328642721362 817
2018 1 7 20.0 0 2 600.0 0.0 0.020050088490113378 16.792328642721362 818
2018 1 7 20.0 0 2 600.0 0.0 0.020050088490113378 16.792328642721362 819
2018 1 7 20.0 0 2 600.0 0.0 0.020050088490113378 16.792328642721362 820
2018 1 7 20.0 0 2 600.0 0.0 0.020050088490113378 16.792328642721362 821
2018 1 7 21.0 0 2 600.0 0.0 0.020050088490113378 16.792328642721362 822
2018 1 7 21.0 0 2 600.0 0.0 0.020050088490113378 16.792328642721362 823
2018 1 7 21.0 0 2 600.0 0.0 0.020050088490113378 16.792328642721362 824
2018 1 7 21.0 0 2 600.0 0.0 0.020050088490113378 16.792328642721362 825
2018 1 7 21.0 0 2 600.0 0.0 0.020050088490113378 16.792328642721362 826
2018 1 7 21.0 0 2 600.0 0.0 0.020050088490113378 16.792328642721362 827
2018 1 7 22.0 0 2 600.0 0.0 0.020050088490113378 16.792328642721362 828
2018 1 7 22.0 0 2 600.0 0.0 0.020050088490113378 16.792328642721362 829
2018 1 7 22.0 0 2 600.0 0.0 0.020050088490113378 16.792328642721362 830
2018 1 7 22.0 0 2 600.0 0.0 0.020050088490113378 16.792328642721362 831
2018 1 7 22.0 0 2 600.0 0.0 0.020050088490113378 16.792328642721362 832
2018 1 7 22.0 0 2 600.0 0.0 0.020050088490113378 16.792328642721362 833
2018 1 7 23.0 0 2 600.0 0.0 0.020050088490113378 16.792328642721362 834
2018 1 7 23.0 0 2 600.0 0.0 0.020050088490113378 16.792328642721362 835
2018 1 7 23.0 0 2 600.0 0.0 0.020050088490113378 16.792328642721362 836
2018 1 7 23.0 0 2 600.0 0.0 0.020050088490113378 16.792328642721362 837
2018 1 7 23.0 0 2 600.0 0.0 0.020050088490113378 16.792328642721362 838
2018 1 7 23.0 0 2 600.0 0.0 0.020050088490113378 16.792328642721362 839
2018 1 8 0.0 0 2 600.0 0.0 0.017168159202513536 15.579345297625649 840
2018 1 8 0.0 0 2 600.0 0.0 0.017168159202513536 15.579345297625649 841
2018 1 8 0.0 0 2 600.0 0.0 0.017168159202513536 15.579345297625649 842
2018 1 8 0.0 0 2 600.0 0.0 0.017168159202513536 15.579345297625649 843
2018 1 8 0.0 0 2 600.0 0.0 0.017168159202513536 15.579345297625649 844
2018 1 8 0.0 0 2 600.0 0.0 0.017168159202513536 15.579345297625649 845
2018 1 8 1.0 0 2 600.0 0.0 0.017168159202513536 15.579345297625649 846
2018 1 8 1.0 0 2 600.0 0.0 0.017168159202513536 15.579345297625649 847
2018 1 8 1.0 0 2 600.0 0.0 0.017168159202513536 15.579345297625649 848
2018 1 8 1.0 0 2 600.0 0.0 0.017168159202513536 15.579345297625649 849
2018 1 8 1.0 0 2 600.0 0.0 0.017168159202513536 15.579345297625649 850
2018 1 8 1.0 0 2 600.0 0.0 0.017168159202513536 15.579345297625649 851
2018 1 8 2.0 0 2 600.0 0.0 0.017168159202513536 15.579345297625649 852
2018 1 8 2.0 0 2 600.0 0.0 0.017168159202513536 15.579345297625649 853
2018 1 8 2.0 0 2 600.0 0.0 0.017168159202513536 15.579345297625649 854
2018 1 8 2.0 0 2 600.0 0.0 0.017168159202513536 15.579345297625649 855
2018 1 8 2.0 0 2 600.0 0.0 0.017168159202513536 15.579345297625649 856
2018 1 8 2.0 0 2 600.0 0.0 0.017168159202513536 15.579345297625649 857
2018 1 8 3.0 0 2 600.0 0.0 0.017168159202513536 15.579345297625649 858
2018 1 8 3.0 0 2 600.0 0.0 0.017168159202513536 15.579345297625649 859
2018 1 8 3.0 0 2 600.0 0.0 0.017168159202513536 15.579345297625649 860
2018 1 8 3.0 0 2 600.0 0.0 0.017168159202513536 15.579345297625649 861
2018 1 8 3.0 0 2 600.0 0.0 0.017168159202513536 15.579345297625649 862
2018 1 8 3.0 0 2 600.0 0.0 0.017168159202513536 15.579345297625649 863
2018 1 8 4.0 0 2 600.0 0.0 0.017168159202513536 15.579345297625649 864
2018 1 8 4.0 0 2 600.0 0.0 0.017168159202513536 15.579345297625649 865
2018 1 8 4.0 0 2 600.0 0.0 0.017168159202513536 15.579345297625649 866
2018 1 8 4.0 0 2 600.0 0.0 0.017168159202513536 15.579345297625649 867
2018 1 8 4.0 0 2 600.0 0.0 0.017168159202513536 15.579345297625649 868
2018 1 8 4.0 0 2 600.0 0.0 0.017168159202513536 15.579345297625649 869
2018 1 8 5.0 0 2 600.0 0.0 0.017168159202513536 15.579345297625649 870
2018 1 8 5.0 0 2 600.0 0.0 0.017168159202513536 15.579345297625649 871
2018 1 8 5.0 0 2 600.0 0.0 0.017168159202513536 15.579345297625649 872
2018 1 8 5.0 0 2 600.0 0.0 0.017168159202513536 15.579345297625649 873
2018 1 8 5.0 0 2 600.0 0.0 0.017168159202513536 15.579345297625649 874
2018 1 8 5.0 0 2 600.0 0.0 0.017168159202513536 15.579345297625649 875
2018 1 8 6.0 0 2 600.0 0.0 0.017168159202513536 15.579345297625649 876
2018 1 8 6.0 0 2 600.0 0.0 0.017168159202513536 15.579345297625649 877
2018 1 8 6.0 0 2 600.0 0.0 0.017168159202513536 15.579345297625649 878
2018 1 8 6.0 0 2 600.0 0.0 0.017168159202513536 15.579345297625649 879
2018 1 8 6.0 0 2 600.0 0.0 0.017168159202513536 15.579345297625649 880
2018 1 8 6.0 0 2 600.0 0.0 0.017168159202513536 15.579345297625649 881
2018 1 8 7.0 0 2 600.0 0.0 0.017168159202513536 15.579345297625649 882
2018 1 8 7.0 0 2 600.0 0.0 0.017168159202513536 15.579345297625649 883
2018 1 8 7.0 0 2 600.0 0.0 0.017168159202513536 15.579345297625649 884
2018 1 8 7.0 0 2 600.0 0.0 0.017168159202513536 15.579345297625649 885
2018 1 8 7.0 0 2 600.0 0.0 0.017168159202513536 15.579345297625649 886
2018 1 8 7.0 0 2 600.0 0.0 0.017168159202513536 15.579345297625649 887
2018 1 8 8.0 0 2 600.0 0.0 0.017168159202513536 15.579345297625649 888
2018 1 8 8.0 0 2 600.0 0.0 0.017168159202513536 15.579345297625649 889
2018 1 8 8.0 0 2 600.0 0.0 0.017168159202513536 15.579345297625649 890
2018 1 8 8.0 0 2 600.0 0.0 0.017168159202513536 15.579345297625649 891
2018 1 8 8.0 0 2 600.0 0.0 0.017168159202513536 15.579345297625649 892
2018 1 8 8.0 0 2 600.0 0.0 0.017168159202513536 15.579345297625649 893
2018 1 8 9.0 0 2 600.0 0.0 0.017168159202513536 15.579345297625649 894
2018 1 8 9.0 0 2 600.0 0.0 0.017168159202513536 15.579345297625649 895
2018 1 8 9.0 0 2 600.0 0.0 0.017168159202513536 15.579345297625649 896
2018 1 8 9.0 0 2 600.0 0.0 0.017168159202513536 15.579345297625649 897
2018 1 8 9.0 0 2 600.0 0.0 0.017168159202513536 15.579345297625649 898
2018 1 8 9.0 0 2 600.0 0.0 0.017168159202513536 15.579345297625649 899
2018 1 8 10.0 0 2 600.0 0.0 0.017168159202513536 15.579345297625649 900
2018 1 8 10.0 0 2 600.0 0.0 0.017168159202513536 15.579345297625649 901
2018 1 8 10.0 0 2 600.0 0.0 0.017168159202513536 15.579345297625649 902
2018 1 8 10.0 0 2 600.0 0.0 0.017168159202513536 15.579345297625649 903
2018 1 8 10.0 0 2 600.0 0.0 0.017168159202513536 15.579345297625649 904
2018 1 8 10.0 0 2 600.0 0.0 0.017168159202513536 15.579345297625649 905
2018 1 8 11.0 0 2 600.0 0.0 0.017168159202513536 15.579345297625649 906
2018 1 8 11.0 0 2 600.0 0.0 0.017168159202513536 15.579345297625649 907
2018 1 8 11.0 0 2 600.0 0.0 0.017168159202513536 15.579345297625649 908
2018 1 8 11.0 0 2 600.0 0.0 0.017168159202513536 15.579345297625649 909
2018 1 8 11.0 0 2 600.0 0.0 0.017168159202513536 15.579345297625649 910
2018 1 8 11.0 0 2 600.0 0.0 0.017168159202513536 15.579345297625649 911
2018 1 8 12.0 0 2 600.0 0.0 0.017168159202513536 15.579345297625649 912
2018 1 8 12.0 0 2 600.0 0.0 0.017168159202513536 15.579345297625649 913
2018 1 8 12.0 0 2 600.0 0.0 0.017168159202513536 15.579345297625649 914
2018 1 8 12.0 0 2 600.0 0.0 0.017168159202513536 15.579345297625649 915
2018 1 8 12.0 0 2 600.0 0.0 0.017168159202513536 15.579345297625649 916
2018 1 8 12.0 0 2 600.0 0.0 0.017168159202513536 15.579345297625649 917
2018 1 8 13.0 0 2 600.0 0.0 0.017168159202513536 15.579345297625649 918
2018 1 8 13.0 0 2 600.0 0.0 0.017168159202513536 15.579345297625649 919
2018 1 8 13.0 0 2 600.0 0.0 0.017168159202513536 15.579345297625649 920
2018 1 8 13.0 0 2 600.0 0.0 0.017168159202513536 15.579345297625649 921
2018 1 8 13.0 0 2 600.0 0.0 0.017168159202513536 15.579345297625649 922
2018 1 8 13.0 0 2 600.0 0.0 0.017168159202513536 15.579345297625649 923
2018 1 8 14.0 0 2 600.0 0.0 0.017168159202513536 15.579345297625649 924
2018 1 8 14.0 0 2 600.0 0.0 0.017168159202513536 15.579345297625649 925
2018 1 8 14.0 0 2 600.0 0.0 0.017168159202513536 15.579345297625649 926
2018 1 8 14.0 0 2 600.0 0.0 0.017168159202513536 15.579345297625649 927
2018 1 8 14.0 0 2 600.0 0.0 0.017168159202513536 15.579345297625649 928
2018 1 8 14.0 0 2 600.0 0.0 0.017168159202513536 15.579345297625649 929
2018 1 8 15.0 0 2 600.0 0.0 0.017168159202513536 15.579345297625649 930
2018 1 8 15.0 0 2 600.0 0.0 0.017168159202513536 15.579345297625649 931
2018 1 8 15.0 0 2 600.0 0.0 0.017168159202513536 15.579345297625649 932
2018 1 8 15.0 0 2 600.0 0.0 0.017168159202513536 15.579345297625649 933
2018 1 8 15.0 0 2 600.0 0.0 0.017168159202513536 15.579345297625649 934
2018 1 8 15.0 0 2 600.0 0.0 0.017168159202513536 15.579345297625649 935
2018 1 8 16.0 0 2 600.0 0.0 0.017168159202513536 15.579345297625649 936
2018 1 8 16.0 0 2 600.0 0.0 0.017168159202513536 15.579345297625649 937
2018 1 8 16.0 0 2 600.0 0.0 0.017168159202513536 15.579345297625649 938
2018 1 8 16.0 0 2 600.0 0.0 0.017168159202513536 15.579345297625649 939
2018 1 8 16.0 0 2 600.0 0.0 0.017168159202513536 15.579345297625649 940
2018 1 8 16.0 0 2 600.0 0.0 0.017168159202513536 15.579345297625649 941
2018 1 8 17.0 0 2 600.0 0.0 0.017168159202513536 15.579345297625649 942
2018 1 8 17.0 0 2 600.0 0.0 0.017168159202513536 15.579345297625649 943
2018 1 8 17.0 0 2 600.0 0.0 0.017168159202513536 15.579345297625649 944
2018 1 8 17.0 0 2 600.0 0.0 0.017168159202513536 15.579345297625649 945
2018 1 8 17.0 0 2 600.0 0.0 0.017168159202513536 15.579345297625649 946
2018 1 8 17.0 0 2 600.0 0.0 0.017168159202513536 15.579345297625649 947
2018 1 8 18.0 0 2 600.0 0.0 0.017168159202513536 15.579345297625649 948
2018 1 8 18.0 0 2 600.0 0.0 0.017168159202513536 15.579345297625649 949
2018 1 8 18.0 0 2 600.0 0.0 0.017168159202513536 15.579345297625649 950
2018 1 8 18.0 0 2 600.0 0.0 0.017168159202513536 15.579345297625649 951
2018 1 8 18.0 0 2 600.0 0.0 0.017168159202513536 15.579345297625649 952
2018 1 8 18.0 0 2 600.0 0.0 0.017168159202513536 15.579345297625649 953
2018 1 8 19.0 0 2 600.0 0.0 0.017168159202513536 15.579345297625649 954
2018 1 8 19.0 0 2 600.0 0.0 0.017168159202513536 15.579345297625649 955
2018 1 8 19.0 0 2 600.0 0.0 0.017168159202513536 15.579345297625649 956
2018 1 8 19.0 0 2 600.0 0.0 0.017168159202513536 15.579345297625649 957
2018 1 8 19.0 0 2 600.0 0.0 0.017168159202513536 15.579345297625649 958
2018 1 8 19.0 0 2 600.0 0.0 0.017168159202513536 15.579345297625649 959
2018 1 8 20.0 0 2 600.0 0.0 0.017168159202513536 15.579345297625649 960
2018 1 8 20.0 0 2 600.0 0.0 0.017168159202513536 15.579345297625649 961
2018 1 8 20.0 0 2 600.0 0.0 0.017168159202513536 15.579345297625649 962
2018 1 8 20.0 0 2 600.0 0.0 0.017168159202513536 15.579345297625649 963
2018 1 8 20.0 0 2 600.0 0.0 0.017168159202513536 15.579345297625649 964
2018 1 8 20.0 0 2 600.0 0.0 0.017168159202513536 15.579345297625649 965
2018 1 8 21.0 0 2 600.0 0.0 0.017168159202513536 15.579345297625649 966
2018 1 8 21.0 0 2 600.0 0.0 0.017168159202513536 15.579345297625649 967
2018 1 8 21.0 0 2 600.0 0.0 0.017168159202513536 15.579345297625649 968
2018 1 8 21.0 0 2 600.0 0.0 0.017168159202513536 15.579345297625649 969
2018 1 8 21.0 0 2 600.0 0.0 0.017168159202513536 15.579345297625649 970
2018 1 8 21.0 0 2 600.0 0.0 0.017168159202513536 15.579345297625649 971
2018 1 8 22.0 0 2 600.0 0.0 0.017168159202513536 15.579345297625649 972
2018 1 8 22.0 0 2 600.0 0.0 0.017168159202513536 15.579345297625649 973
2018 1 8 22.0 0 2 600.0 0.0 0.017168159202513536 15.579345297625649 974
2018 1 8 22.0 0 2 600.0 0.0 0.017168159202513536 15.579345297625649 975
2018 1 8 22.0 0 2 600.0 0.0 0.017168159202513536 15.579345297625649 976
2018 1 8 22.0 0 2 600.0 0.0 0.017168159202513536 15.579345297625649 977
2018 1 8 23.0 0 2 600.0 0.0 0.017168159202513536 15.579345297625649 978
2018 1 8 23.0 0 2 600.0 0.0 0.017168159202513536 15.579345297625649 979
2018 1 8 23.0 0 2 600.0 0.0 0.017168159202513536 15.579345297625649 980
2018 1 8 23.0 0 2 600.0 0.0 0.017168159202513536 15.579345297625649 981
2018 1 8 23.0 0 2 600.0 0.0 0.017168159202513536 15.579345297625649 982
2018 1 8 23.0 0 2 600.0 0.0 0.017168159202513536 15.579345297625649 983
2018 1 9 0.0 0 2 600.0 0.0 0.014719404485682652 19.31551712937797 984
2018 1 9 0.0 0 2 600.0 0.0 0.014719404485682652 19.31551712937797 985
2018 1 9 0.0 0 2 600.0 0.0 0.014719404485682652 19.31551712937797 986
2018 1 9 0.0 0 2 600.0 0.0 0.014719404485682652 19.31551712937797 987
2018 1 9 0.0 0 2 600.0 0.0 0.014719404485682652 19.31551712937797 988
2018 1 9 0.0 0 2 600.0 0.0 0.014719404485682652 19.31551712937797 989
2018 1 9 1.0 0 2 600.0 0.0 0.014719404485682652 19.31551712937797 990
2018 1 9 1.0 0 2 600.0 0.0 0.014719404485682652 19.31551712937797 991
2018 1 9 1.0 0 2 600.0 0.0 0.014719404485682652 19.31551712937797 992
2018 1 9 1.0 0 2 600.0 0.0 0.014719404485682652 19.31551712937797 993
2018 1 9 1.0 0 2 600.0 0.0 0.014719404485682652 19.31551712937797 994
2018 1 9 1.0 0 2 600.0 0.0 0.014719404485682652 19.31551712937797 995
2018 1 9 2.0 0 2 600.0 0.0 0.014719404485682652 19.31551712937797 996
2018 1 9 2.0 0 2 600.0 0.0 0.014719404485682652 19.31551712937797 997
2018 1 9 2.0 0 2 600.0 0.0 0.014719404485682652 19.31551712937797 998
2018 1 9 2.0 0 2 600.0 0.0 0.014719404485682652 19.31551712937797 999
2018 1 9 2.0 0 2 600.0 0.0 0.014719404485682652 19.31551712937797 1000
2018 1 9 2.0 0 2 600.0 0.0 0.014719404485682652 19.31551712937797 1001
2018 1 9 3.0 0 2 600.0 0.0 0.014719404485682652 19.31551712937797 1002
2018 1 9 3.0 0 2 600.0 0.0 0.014719404485682652 19.31551712937797 1003
2018 1 9 3.0 0 2 600.0 0.0 0.014719404485682652 19.31551712937797 1004
2018 1 9 3.0 0 2 600.0 0.0 0.014719404485682652 19.31551712937797 1005
2018 1 9 3.0 0 2 600.0 0.0 0.014719404485682652 19.31551712937797 1006
2018 1 9 3.0 0 2 600.0 0.0 0.014719404485682652 19.31551712937797 1007
2018 1 9 4.0 0 2 600.0 0.0 0.014719404485682652 19.31551712937797 1008
2018 1 9 4.0 0 2 600.0 0.0 0.014719404485682652 19.31551712937797 1009
2018 1 9 4.0 0 2 600.0 0.0 0.014719404485682652 19.31551712937797 1010
2018 1 9 4.0 0 2 600.0 0.0 0.014719404485682652 19.31551712937797 1011
2018 1 9 4.0 0 2 600.0 0.0 0.014719404485682652 19.31551712937797 1012
2018 1 9 4.0 0 2 600.0 0.0 0.014719404485682652 19.31551712937797 1013
2018 1 9 5.0 0 2 600.0 0.0 0.014719404485682652 19.31551712937797 1014
2018 1 9 5.0 0 2 600.0 0.0 0.014719404485682652 19.31551712937797 1015
2018 1 9 5.0 0 2 600.0 0.0 0.014719404485682652 19.31551712937797 1016
2018 1 9 5.0 0 2 600.0 0.0 0.014719404485682652 19.31551712937797 1017
2018 1 9 5.0 0 2 600.0 0.0 0.014719404485682652 19.31551712937797 1018
2018 1 9 5.0 0 2 600.0 0.0 0.014719404485682652 19.31551712937797 1019
2018 1 9 6.0 0 2 600.0 0.0 0.014719404485682652 19.31551712937797 1020
2018 1 9 6.0 0 2 600.0 0.0 0.014719404485682652 19.31551712937797 1021
2018 1 9 6.0 0 2 600.0 0.0 0.014719404485682652 19.31551712937797 1022
2018 1 9 6.0 0 2 600.0 0.0 0.014719404485682652 19.31551712937797 1023
2018 1 9 6.0 0 2 600.0 0.0 0.014719404485682652 19.31551712937797 1024
2018 1 9 6.0 0 2 600.0 0.0 0.014719404485682652 19.31551712937797 1025
2018 1 9 7.0 0 2 600.0 0.0 0.014719404485682652 19.31551712937797 1026
2018 1 9 7.0 0 2 600.0 0.0 0.014719404485682652 19.31551712937797 1027
2018 1 9 7.0 0 2 600.0 0.0 0.014719404485682652 19.31551712937797 1028
2018 1 9 7.0 0 2 600.0 0.0 0.014719404485682652 19.31551712937797 1029
2018 1 9 7.0 0 2 600.0 0.0 0.014719404485682652 19.31551712937797 1030
2018 1 9 7.0 0 2 600.0 0.0 0.014719404485682652 19.31551712937797 1031
2018 1 9 8.0 0 2 600.0 0.0 0.014719404485682652 19.31551712937797 1032
2018 1 9 8.0 0 2 600.0 0.0 0.014719404485682652 19.31551712937797 1033
2018 1 9 8.0 0 2 600.0 0.0 0.014719404485682652 19.31551712937797 1034
2018 1 9 8.0 0 2 600.0 0.0 0.014719404485682652 19.31551712937797 1035
2018 1 9 8.0 0 2 600.0 0.0 0.014719404485682652 19.31551712937797 1036
2018 1 9 8.0 0 2 600.0 0.0 0.014719404485682652 19.31551712937797 1037
2018 1 9 9.0 0 2 600.0 0.0 0.014719404485682652 19.31551712937797 1038
2018 1 9 9.0 0 2 600.0 0.0 0.014719404485682652 19.31551712937797 1039
2018 1 9 9.0 0 2 600.0 0.0 0.014719404485682652 19.31551712937797 1040
2018 1 9 9.0 0 2 600.0 0.0 0.014719404485682652 19.31551712937797 1041
2018 1 9 9.0 0 2 600.0 0.0 0.014719404485682652 19.31551712937797 1042
2018 1 9 9.0 0 2 600.0 0.0 0.014719404485682652 19.31551712937797 1043
2018 1 9 10.0 0 2 600.0 0.0 0.014719404485682652 19.31551712937797 1044
2018 1 9 10.0 0 2 600.0 0.0 0.014719404485682652 19.31551712937797 1045
2018 1 9 10.0 0 2 600.0 0.0 0.014719404485682652 19.31551712937797 1046
2018 1 9 10.0 0 2 600.0 0.0 0.014719404485682652 19.31551712937797 1047
2018 1 9 10.0 0 2 600.0 0.0 0.014719404485682652 19.31551712937797 1048
2018 1 9 10.0 0 2 600.0 0.0 0.014719404485682652 19.31551712937797 1049
2018 1 9 11.0 0 2 600.0 0.0 0.014719404485682652 19.31551712937797 1050
2018 1 9 11.0 0 2 600.0 0.0 0.014719404485682652 19.31551712937797 1051
2018 1 9 11.0 0 2 600.0 0.0 0.014719404485682652 19.31551712937797 1052
2018 1 9 11.0 0 2 600.0 0.0 0.014719404485682652 19.31551712937797 1053
2018 1 9 11.0 0 2 600.0 0.0 0.014719404485682652 19.31551712937797 1054
2018 1 9 11.0 0 2 600.0 0.0 0.014719404485682652 19.31551712937797 1055
2018 1 9 12.0 0 2 600.0 0.0 0.014719404485682652 19.31551712937797 1056
2018 1 9 12.0 0 2 600.0 0.0 0.014719404485682652 19.31551712937797 1057
2018 1 9 12.0 0 2 600.0 0.0 0.014719404485682652 19.31551712937797 1058
2018 1 9 12.0 0 2 600.0 0.0 0.014719404485682652 19.31551712937797 1059
2018 1 9 12.0 0 2 600.0 0.0 0.014719404485682652 19.31551712937797 1060
2018 1 9 12.0 0 2 600.0 0.0 0.014719404485682652 19.31551712937797 1061
2018 1 9 13.0 0 2 600.0 0.0 0.014719404485682652 19.31551712937797 1062
2018 1 9 13.0 0 2 600.0 0.0 0.014719404485682652 19.31551712937797 1063
2018 1 9 13.0 0 2 600.0 0.0 0.014719404485682652 19.31551712937797 1064
2018 1 9 13.0 0 2 600.0 0.0 0.014719404485682652 19.31551712937797 1065
2018 1 9 13.0 0 2 600.0 0.0 0.014719404485682652 19.31551712937797 1066
2018 1 9 13.0 0 2 600.0 0.0 0.014719404485682652 19.31551712937797 1067
2018 1 9 14.0 0 2 600.0 0.0 0.014719404485682652 19.31551712937797 1068
2018 1 9 14.0 0 2 600.0 0.0 0.014719404485682652 19.31551712937797 1069
2018 1 9 14.0 0 2 600.0 0.0 0.014719404485682652 19.31551712937797 1070
2018 1 9 14.0 0 2 600.0 0.0 0.014719404485682652 19.31551712937797 1071
2018 1 9 14.0 0 2 600.0 0.0 0.014719404485682652 19.31551712937797 1072
2018 1 9 14.0 0 2 600.0 0.0 0.014719404485682652 19.31551712937797 1073
2018 1 9 15.0 0 2 600.0 0.0 0.014719404485682652 19.31551712937797 1074
2018 1 9 15.0 0 2 600.0 0.0 0.014719404485682652 19.31551712937797 1075
2018 1 9 15.0 0 2 600.0 0.0 0.014719404485682652 19.31551712937797 1076
2018 1 9 15.0 0 2 600.0 0.0 0.014719404485682652 19.31551712937797 1077
2018 1 9 15.0 0 2 600.0 0.0 0.014719404485682652 19.31551712937797 1078
2018 1 9 15.0 0 2 600.0 0.0 0.014719404485682652 19.31551712937797 1079
2018 1 9 16.0 0 2 600.0 0.0 0.014719404485682652 19.31551712937797 1080
2018 1 9 16.0 0 2 600.0 0.0 0.014719404485682652 19.31551712937797 1081
2018 1 9 16.0 0 2 600.0 0.0 0.014719404485682652 19.31551712937797 1082
2018 1 9 16.0 0 2 600.0 0.0 0.014719404485682652 19.31551712937797 1083
2018 1 9 16.0 0 2 600.0 0.0 0.014719404485682652 19.31551712937797 1084
2018 1 9 16.0 0 2 600.0 0.0 0.014719404485682652 19.31551712937797 1085
2018 1 9 17.0 0 2 600.0 0.0 0.014719404485682652 19.31551712937797 1086
2018 1 9 17.0 0 2 600.0 0.0 0.014719404485682652 19.31551712937797 1087
2018 1 9 17.0 0 2 600.0 0.0 0.014719404485682652 19.31551712937797 1088
2018 1 9 17.0 0 2 600.0 0.0 0.014719404485682652 19.31551712937797 1089
2018 1 9 17.0 0 2 600.0 0.0 0.014719404485682652 19.31551712937797 1090
2018 1 9 17.0 0 2 600.0 0.0 0.014719404485682652 19.31551712937797 1091
2018 1 9 18.0 0 2 600.0 0.0 0.014719404485682652 19.31551712937797 1092
2018 1 9 18.0 0 2 600.0 0.0 0.014719404485682652 19.31551712937797 1093
2018 1 9 18.0 0 2 600.0 0.0 0.014719404485682652 19.31551712937797 1094
2018 1 9 18.0 0 2 600.0 0.0 0.014719404485682652 19.31551712937797 1095
2018 1 9 18.0 0 2 600.0 0.0 0.014719404485682652 19.31551712937797 1096
2018 1 9 18.0 0 2 600.0 0.0 0.014719404485682652 19.31551712937797 1097
2018 1 9 19.0 0 2 3600.0 0.0 0.08831642691409591 19.31551712937797 1098
2018 1 9 20.0 0 2 3600.0 0.0 0.08831642691409591 19.31551712937797 1099
2018 1 9 21.0 0 2 3600.0 0.0 0.08831642691409591 19.31551712937797 1100
2018 1 9 22.0 0 2 3600.0 0.0 0.08831642691409591 19.31551712937797 1101
2018 1 9 23.0 0 2 3600.0 0.0 0.08831642691409591 19.31551712937797 1102
2018 1 10 0.0 0 0 86400.0 0.0 2.713244787222995 18.11649063413779 1103
