YYYY	MM	DD	hh	mm	PREC
2013	1	1	0	0	0.35
2013	1	2	0	0	0.0
2013	1	3	0	0	1.21
2013	1	4	0	0	1.61
2013	1	5	0	0	4.9
2013	1	6	0	0	0.85
2013	1	7	0	0	0.0
2013	1	8	0	0	0.0
2013	1	9	0	0	1.28
2013	1	10	0	0	0.68
2013	1	11	0	0	0.29
2013	1	12	0	0	0.98
2013	1	13	0	0	0.0
2013	1	14	0	0	0.9
2013	1	15	0	0	0.43
2013	1	16	0	0	7.24
2013	1	17	0	0	4.81
2013	1	18	0	0	0.0
2013	1	19	0	0	0.11
2013	1	20	0	0	2.47
2013	1	21	0	0	2.89
2013	1	22	0	0	1.11
2013	1	23	0	0	0.34
2013	1	24	0	0	0.0
2013	1	25	0	0	0.0
2013	1	26	0	0	0.22
2013	1	27	0	0	1.72
2013	1	28	0	0	0.0
2013	1	29	0	0	21.21
2013	1	30	0	0	6.78
2013	1	31	0	0	0.0
2013	2	1	0	0	19.27
2013	2	2	0	0	5.13
2013	2	3	0	0	4.41
2013	2	4	0	0	6.17
2013	2	5	0	0	2.79
2013	2	6	0	0	3.76
2013	2	7	0	0	11.3
2013	2	8	0	0	3.37
2013	2	9	0	0	0.54
2013	2	10	0	0	0.0
2013	2	11	0	0	0.0
2013	2	12	0	0	0.0
2013	2	13	0	0	0.0
2013	2	14	0	0	0.0
2013	2	15	0	0	1.19
2013	2	16	0	0	2.29
2013	2	17	0	0	0.11
2013	2	18	0	0	0.0
2013	2	19	0	0	5.03
2013	2	20	0	0	0.18
2013	2	21	0	0	0.0
2013	2	22	0	0	0.13
2013	2	23	0	0	0.89
2013	2	24	0	0	2.59
2013	2	25	0	0	2.23
2013	2	26	0	0	0.91
2013	2	27	0	0	0.0
2013	2	28	0	0	0.0
2013	3	1	0	0	0.0
2013	3	2	0	0	0.0
2013	3	3	0	0	0.0
2013	3	4	0	0	0.0
2013	3	5	0	0	0.0
2013	3	6	0	0	0.0
2013	3	7	0	0	1.14
2013	3	8	0	0	0.95
2013	3	9	0	0	6.36
2013	3	10	0	0	0.22
2013	3	11	0	0	1.37
2013	3	12	0	0	7.39
2013	3	13	0	0	0.2
2013	3	14	0	0	0.62
2013	3	15	0	0	0.0
2013	3	16	0	0	0.0
2013	3	17	0	0	5.66
2013	3	18	0	0	9.51
2013	3	19	0	0	5.69
2013	3	20	0	0	3.39
2013	3	21	0	0	1.26
2013	3	22	0	0	0.0
2013	3	23	0	0	0.0
2013	3	24	0	0	0.0
2013	3	25	0	0	2.61
2013	3	26	0	0	0.87
2013	3	27	0	0	0.0
2013	3	28	0	0	1.04
2013	3	29	0	0	0.38
2013	3	30	0	0	0.0
2013	3	31	0	0	0.0
2013	4	1	0	0	0.0
2013	4	2	0	0	0.0
2013	4	3	0	0	0.0
2013	4	4	0	0	0.0
2013	4	5	0	0	0.0
2013	4	6	0	0	0.0
2013	4	7	0	0	0.0
2013	4	8	0	0	0.49
2013	4	9	0	0	6.05
2013	4	10	0	0	6.12
2013	4	11	0	0	11.48
2013	4	12	0	0	9.97
2013	4	13	0	0	2.85
2013	4	14	0	0	0.0
2013	4	15	0	0	0.0
2013	4	16	0	0	0.0
2013	4	17	0	0	0.0
2013	4	18	0	0	0.0
2013	4	19	0	0	0.0
2013	4	20	0	0	2.12
2013	4	21	0	0	0.0
2013	4	22	0	0	0.0
2013	4	23	0	0	0.0
2013	4	24	0	0	0.0
2013	4	25	0	0	0.0
2013	4	26	0	0	11.21
2013	4	27	0	0	16.95
2013	4	28	0	0	0.49
2013	4	29	0	0	0.22
2013	4	30	0	0	0.89
2013	5	1	0	0	0.0
2013	5	2	0	0	0.24
2013	5	3	0	0	4.26
2013	5	4	0	0	2.96
2013	5	5	0	0	0.0
2013	5	6	0	0	0.0
2013	5	7	0	0	0.0
2013	5	8	0	0	0.0
2013	5	9	0	0	0.79
2013	5	10	0	0	3.83
2013	5	11	0	0	0.85
2013	5	12	0	0	8.27
2013	5	13	0	0	0.95
2013	5	14	0	0	0.0
2013	5	15	0	0	3.87
2013	5	16	0	0	1.29
2013	5	17	0	0	0.0
2013	5	18	0	0	0.0
2013	5	19	0	0	5.12
2013	5	20	0	0	0.59
2013	5	21	0	0	2.43
2013	5	22	0	0	4.83
2013	5	23	0	0	7.91
2013	5	24	0	0	0.0
2013	5	25	0	0	0.58
2013	5	26	0	0	19.5
2013	5	27	0	0	5.65
2013	5	28	0	0	5.06
2013	5	29	0	0	10.35
2013	5	30	0	0	6.34
2013	5	31	0	0	36.62
2013	6	1	0	0	20.93
2013	6	2	0	0	0.19
2013	6	3	0	0	1.02
2013	6	4	0	0	0.0
2013	6	5	0	0	0.0
2013	6	6	0	0	0.0
2013	6	7	0	0	0.0
2013	6	8	0	0	0.0
2013	6	9	0	0	17.8
2013	6	10	0	0	1.6
2013	6	11	0	0	0.0
2013	6	12	0	0	0.0
2013	6	13	0	0	15.48
2013	6	14	0	0	2.72
2013	6	15	0	0	0.0
2013	6	16	0	0	0.0
2013	6	17	0	0	0.0
2013	6	18	0	0	0.0
2013	6	19	0	0	0.0
2013	6	20	0	0	1.11
2013	6	21	0	0	1.08
2013	6	22	0	0	0.0
2013	6	23	0	0	0.0
2013	6	24	0	0	0.39
2013	6	25	0	0	2.26
2013	6	26	0	0	0.0
2013	6	27	0	0	0.41
2013	6	28	0	0	0.0
2013	6	29	0	0	8.25
2013	6	30	0	0	0.0
2013	7	1	0	0	0.0
2013	7	2	0	0	0.0
2013	7	3	0	0	6.49
2013	7	4	0	0	4.68
2013	7	5	0	0	0.0
2013	7	6	0	0	0.0
2013	7	7	0	0	0.0
2013	7	8	0	0	0.0
2013	7	9	0	0	0.0
2013	7	10	0	0	0.0
2013	7	11	0	0	0.0
2013	7	12	0	0	0.0
2013	7	13	0	0	0.0
2013	7	14	0	0	0.0
2013	7	15	0	0	0.0
2013	7	16	0	0	0.0
2013	7	17	0	0	0.0
2013	7	18	0	0	0.0
2013	7	19	0	0	0.0
2013	7	20	0	0	0.0
2013	7	21	0	0	0.0
2013	7	22	0	0	0.0
2013	7	23	0	0	8.96
2013	7	24	0	0	0.66
2013	7	25	0	0	0.0
2013	7	26	0	0	0.0
2013	7	27	0	0	0.87
2013	7	28	0	0	24.44
2013	7	29	0	0	38.05
2013	7	30	0	0	0.0
2013	7	31	0	0	0.24
2013	8	1	0	0	0.0
2013	8	2	0	0	0.0
2013	8	3	0	0	0.64
2013	8	4	0	0	0.0
2013	8	5	0	0	0.0
2013	8	6	0	0	7.25
2013	8	7	0	0	1.99
2013	8	8	0	0	4.67
2013	8	9	0	0	1.25
2013	8	10	0	0	0.0
2013	8	11	0	0	0.0
2013	8	12	0	0	7.88
2013	8	13	0	0	0.0
2013	8	14	0	0	0.0
2013	8	15	0	0	0.0
2013	8	16	0	0	0.0
2013	8	17	0	0	0.0
2013	8	18	0	0	0.91
2013	8	19	0	0	10.73
2013	8	20	0	0	0.0
2013	8	21	0	0	0.0
2013	8	22	0	0	0.0
2013	8	23	0	0	0.0
2013	8	24	0	0	8.4
2013	8	25	0	0	38.66
2013	8	26	0	0	0.12
2013	8	27	0	0	0.0
2013	8	28	0	0	0.0
2013	8	29	0	0	0.0
2013	8	30	0	0	0.0
2013	8	31	0	0	0.0
2013	9	1	0	0	0.0
2013	9	2	0	0	0.0
2013	9	3	0	0	0.0
2013	9	4	0	0	0.0
2013	9	5	0	0	0.0
2013	9	6	0	0	0.0
2013	9	7	0	0	0.69
2013	9	8	0	0	13.33
2013	9	9	0	0	3.63
2013	9	10	0	0	4.1
2013	9	11	0	0	12.1
2013	9	12	0	0	32.01
2013	9	13	0	0	0.0
2013	9	14	0	0	9.48
2013	9	15	0	0	0.72
2013	9	16	0	0	12.43
2013	9	17	0	0	3.68
2013	9	18	0	0	20.9
2013	9	19	0	0	0.68
2013	9	20	0	0	1.11
2013	9	21	0	0	0.0
2013	9	22	0	0	0.0
2013	9	23	0	0	0.0
2013	9	24	0	0	0.0
2013	9	25	0	0	0.0
2013	9	26	0	0	2.47
2013	9	27	0	0	0.0
2013	9	28	0	0	0.0
2013	9	29	0	0	0.0
2013	9	30	0	0	0.0
2013	10	1	0	0	0.0
2013	10	2	0	0	0.0
2013	10	3	0	0	0.0
2013	10	4	0	0	0.71
2013	10	5	0	0	22.69
2013	10	6	0	0	1.01
2013	10	7	0	0	0.0
2013	10	8	0	0	0.0
2013	10	9	0	0	0.0
2013	10	10	0	0	18.52
2013	10	11	0	0	1.11
2013	10	12	0	0	3.11
2013	10	13	0	0	0.8
2013	10	14	0	0	2.19
2013	10	15	0	0	17.36
2013	10	16	0	0	0.98
2013	10	17	0	0	0.8
2013	10	18	0	0	1.86
2013	10	19	0	0	4.44
2013	10	20	0	0	13.36
2013	10	21	0	0	0.0
2013	10	22	0	0	0.0
2013	10	23	0	0	3.95
2013	10	24	0	0	0.0
2013	10	25	0	0	0.0
2013	10	26	0	0	0.0
2013	10	27	0	0	10.1
2013	10	28	0	0	0.0
2013	10	29	0	0	0.88
2013	10	30	0	0	0.0
2013	10	31	0	0	0.0
2013	11	1	0	0	0.23
2013	11	2	0	0	9.22
2013	11	3	0	0	5.98
2013	11	4	0	0	2.88
2013	11	5	0	0	4.33
2013	11	6	0	0	13.55
2013	11	7	0	0	1.77
2013	11	8	0	0	9.11
2013	11	9	0	0	1.71
2013	11	10	0	0	9.92
2013	11	11	0	0	0.0
2013	11	12	0	0	0.26
2013	11	13	0	0	3.09
2013	11	14	0	0	0.23
2013	11	15	0	0	0.0
2013	11	16	0	0	0.0
2013	11	17	0	0	0.0
2013	11	18	0	0	0.0
2013	11	19	0	0	7.9
2013	11	20	0	0	8.11
2013	11	21	0	0	2.29
2013	11	22	0	0	0.36
2013	11	23	0	0	0.0
2013	11	24	0	0	0.22
2013	11	25	0	0	0.25
2013	11	26	0	0	0.0
2013	11	27	0	0	0.0
2013	11	28	0	0	0.94
2013	11	29	0	0	3.94
2013	11	30	0	0	0.0
2013	12	1	0	0	0.0
2013	12	2	0	0	0.0
2013	12	3	0	0	0.0
2013	12	4	0	0	0.99
2013	12	5	0	0	2.88
2013	12	6	0	0	1.42
2013	12	7	0	0	0.6
2013	12	8	0	0	0.21
2013	12	9	0	0	0.0
2013	12	10	0	0	0.0
2013	12	11	0	0	0.0
2013	12	12	0	0	0.0
2013	12	13	0	0	0.0
2013	12	14	0	0	4.57
2013	12	15	0	0	0.0
2013	12	16	0	0	0.0
2013	12	17	0	0	0.0
2013	12	18	0	0	0.0
2013	12	19	0	0	3.84
2013	12	20	0	0	1.3
2013	12	21	0	0	0.0
2013	12	22	0	0	1.36
2013	12	23	0	0	1.85
2013	12	24	0	0	0.0
2013	12	25	0	0	12.55
2013	12	26	0	0	17.73
2013	12	27	0	0	0.0
2013	12	28	0	0	9.85
2013	12	29	0	0	1.94
2013	12	30	0	0	0.0
2013	12	31	0	0	0.0
2014	1	1	0	0	0.49
2014	1	2	0	0	7.14
2014	1	3	0	0	1.28
2014	1	4	0	0	0.85
2014	1	5	0	0	2.15
2014	1	6	0	0	0.82
2014	1	7	0	0	0.56
2014	1	8	0	0	0.69
2014	1	9	0	0	8.35
2014	1	10	0	0	0.0
2014	1	11	0	0	0.68
2014	1	12	0	0	0.0
2014	1	13	0	0	6.72
2014	1	14	0	0	1.01
2014	1	15	0	0	0.0
2014	1	16	0	0	4.64
2014	1	17	0	0	0.0
2014	1	18	0	0	0.0
2014	1	19	0	0	0.0
2014	1	20	0	0	0.9
2014	1	21	0	0	2.36
2014	1	22	0	0	0.1
2014	1	23	0	0	2.69
2014	1	24	0	0	3.5
2014	1	25	0	0	1.72
2014	1	26	0	0	7.02
2014	1	27	0	0	3.54
2014	1	28	0	0	2.11
2014	1	29	0	0	0.0
2014	1	30	0	0	0.0
2014	1	31	0	0	0.0
2014	2	1	0	0	0.47
2014	2	2	0	0	4.16
2014	2	3	0	0	0.0
2014	2	4	0	0	0.0
2014	2	5	0	0	1.14
2014	2	6	0	0	0.66
2014	2	7	0	0	0.36
2014	2	8	0	0	6.6
2014	2	9	0	0	2.73
2014	2	10	0	0	2.47
2014	2	11	0	0	0.0
2014	2	12	0	0	0.0
2014	2	13	0	0	13.19
2014	2	14	0	0	0.36
2014	2	15	0	0	11.03
2014	2	16	0	0	0.0
2014	2	17	0	0	0.0
2014	2	18	0	0	0.0
2014	2	19	0	0	0.98
2014	2	20	0	0	0.23
2014	2	21	0	0	1.07
2014	2	22	0	0	0.35
2014	2	23	0	0	0.0
2014	2	24	0	0	0.0
2014	2	25	0	0	0.0
2014	2	26	0	0	5.45
2014	2	27	0	0	1.15
2014	2	28	0	0	2.18
2014	3	1	0	0	0.45
2014	3	2	0	0	0.0
2014	3	3	0	0	0.0
2014	3	4	0	0	0.0
2014	3	5	0	0	2.7
2014	3	6	0	0	0.0
2014	3	7	0	0	0.0
2014	3	8	0	0	0.0
2014	3	9	0	0	0.0
2014	3	10	0	0	0.0
2014	3	11	0	0	0.0
2014	3	12	0	0	0.0
2014	3	13	0	0	0.0
2014	3	14	0	0	0.0
2014	3	15	0	0	2.33
2014	3	16	0	0	0.12
2014	3	17	0	0	0.0
2014	3	18	0	0	0.0
2014	3	19	0	0	0.0
2014	3	20	0	0	0.0
2014	3	21	0	0	0.42
2014	3	22	0	0	7.62
2014	3	23	0	0	0.0
2014	3	24	0	0	0.0
2014	3	25	0	0	0.0
2014	3	26	0	0	0.0
2014	3	27	0	0	0.0
2014	3	28	0	0	0.0
2014	3	29	0	0	0.0
2014	3	30	0	0	0.0
2014	3	31	0	0	0.0
2014	4	1	0	0	0.0
2014	4	2	0	0	0.0
2014	4	3	0	0	0.0
2014	4	4	0	0	2.45
2014	4	5	0	0	1.56
2014	4	6	0	0	0.0
2014	4	7	0	0	0.0
2014	4	8	0	0	3.7
2014	4	9	0	0	0.43
2014	4	10	0	0	0.0
2014	4	11	0	0	0.0
2014	4	12	0	0	0.0
2014	4	13	0	0	0.0
2014	4	14	0	0	2.9
2014	4	15	0	0	0.51
2014	4	16	0	0	0.0
2014	4	17	0	0	0.0
2014	4	18	0	0	7.81
2014	4	19	0	0	0.0
2014	4	20	0	0	0.0
2014	4	21	0	0	1.0
2014	4	22	0	0	0.0
2014	4	23	0	0	0.0
2014	4	24	0	0	0.0
2014	4	25	0	0	0.0
2014	4	26	0	0	6.81
2014	4	27	0	0	11.73
2014	4	28	0	0	0.0
2014	4	29	0	0	4.84
2014	4	30	0	0	9.51
2014	5	1	0	0	1.83
2014	5	2	0	0	1.77
2014	5	3	0	0	0.0
2014	5	4	0	0	0.0
2014	5	5	0	0	0.0
2014	5	6	0	0	0.19
2014	5	7	0	0	6.91
2014	5	8	0	0	12.96
2014	5	9	0	0	0.0
2014	5	10	0	0	10.6
2014	5	11	0	0	5.29
2014	5	12	0	0	1.65
2014	5	13	0	0	3.83
2014	5	14	0	0	0.8
2014	5	15	0	0	0.0
2014	5	16	0	0	0.0
2014	5	17	0	0	0.0
2014	5	18	0	0	0.0
2014	5	19	0	0	0.0
2014	5	20	0	0	0.0
2014	5	21	0	0	0.0
2014	5	22	0	0	0.0
2014	5	23	0	0	3.37
2014	5	24	0	0	1.84
2014	5	25	0	0	0.0
2014	5	26	0	0	8.37
2014	5	27	0	0	0.31
2014	5	28	0	0	0.0
2014	5	29	0	0	0.0
2014	5	30	0	0	0.0
2014	5	31	0	0	0.0
2014	6	1	0	0	0.0
2014	6	2	0	0	0.0
2014	6	3	0	0	0.0
2014	6	4	0	0	1.07
2014	6	5	0	0	0.0
2014	6	6	0	0	0.0
2014	6	7	0	0	0.0
2014	6	8	0	0	0.0
2014	6	9	0	0	0.0
2014	6	10	0	0	0.0
2014	6	11	0	0	0.0
2014	6	12	0	0	0.0
2014	6	13	0	0	0.0
2014	6	14	0	0	0.0
2014	6	15	0	0	0.0
2014	6	16	0	0	0.0
2014	6	17	0	0	0.0
2014	6	18	0	0	0.0
2014	6	19	0	0	0.25
2014	6	20	0	0	3.24
2014	6	21	0	0	0.0
2014	6	22	0	0	0.0
2014	6	23	0	0	0.0
2014	6	24	0	0	0.0
2014	6	25	0	0	1.56
2014	6	26	0	0	0.0
2014	6	27	0	0	0.64
2014	6	28	0	0	3.58
2014	6	29	0	0	17.37
2014	6	30	0	0	2.0
2014	7	1	0	0	0.0
2014	7	2	0	0	0.0
2014	7	3	0	0	0.0
2014	7	4	0	0	0.14
2014	7	5	0	0	1.76
2014	7	6	0	0	9.27
2014	7	7	0	0	25.81
2014	7	8	0	0	11.27
2014	7	9	0	0	16.04
2014	7	10	0	0	3.24
2014	7	11	0	0	0.0
2014	7	12	0	0	3.5
2014	7	13	0	0	4.33
2014	7	14	0	0	1.02
2014	7	15	0	0	0.0
2014	7	16	0	0	0.0
2014	7	17	0	0	0.0
2014	7	18	0	0	0.0
2014	7	19	0	0	0.0
2014	7	20	0	0	3.66
2014	7	21	0	0	2.35
2014	7	22	0	0	12.75
2014	7	23	0	0	0.0
2014	7	24	0	0	0.0
2014	7	25	0	0	0.0
2014	7	26	0	0	0.0
2014	7	27	0	0	0.0
2014	7	28	0	0	0.12
2014	7	29	0	0	16.46
2014	7	30	0	0	5.47
2014	7	31	0	0	0.0
2014	8	1	0	0	0.0
2014	8	2	0	0	1.18
2014	8	3	0	0	0.81
2014	8	4	0	0	0.59
2014	8	5	0	0	0.25
2014	8	6	0	0	0.64
2014	8	7	0	0	0.0
2014	8	8	0	0	0.0
2014	8	9	0	0	0.0
2014	8	10	0	0	6.72
2014	8	11	0	0	0.14
2014	8	12	0	0	0.24
2014	8	13	0	0	8.65
2014	8	14	0	0	3.65
2014	8	15	0	0	9.43
2014	8	16	0	0	1.16
2014	8	17	0	0	0.0
2014	8	18	0	0	0.38
2014	8	19	0	0	0.0
2014	8	20	0	0	0.0
2014	8	21	0	0	0.0
2014	8	22	0	0	0.0
2014	8	23	0	0	8.0
2014	8	24	0	0	0.0
2014	8	25	0	0	3.09
2014	8	26	0	0	23.2
2014	8	27	0	0	7.48
2014	8	28	0	0	0.0
2014	8	29	0	0	0.0
2014	8	30	0	0	0.73
2014	8	31	0	0	30.57
2014	9	1	0	0	0.0
2014	9	2	0	0	0.0
2014	9	3	0	0	0.0
2014	9	4	0	0	0.0
2014	9	5	0	0	0.0
2014	9	6	0	0	0.0
2014	9	7	0	0	0.0
2014	9	8	0	0	0.0
2014	9	9	0	0	0.0
2014	9	10	0	0	0.0
2014	9	11	0	0	3.47
2014	9	12	0	0	29.54
2014	9	13	0	0	1.13
2014	9	14	0	0	0.0
2014	9	15	0	0	0.0
2014	9	16	0	0	0.0
2014	9	17	0	0	0.0
2014	9	18	0	0	0.63
2014	9	19	0	0	0.74
2014	9	20	0	0	0.0
2014	9	21	0	0	27.64
2014	9	22	0	0	10.03
2014	9	23	0	0	0.0
2014	9	24	0	0	0.0
2014	9	25	0	0	0.24
2014	9	26	0	0	0.0
2014	9	27	0	0	0.0
2014	9	28	0	0	0.0
2014	9	29	0	0	0.0
2014	9	30	0	0	1.22
2014	10	1	0	0	0.0
2014	10	2	0	0	0.0
2014	10	3	0	0	0.0
2014	10	4	0	0	0.0
2014	10	5	0	0	0.0
2014	10	6	0	0	0.0
2014	10	7	0	0	2.95
2014	10	8	0	0	0.5
2014	10	9	0	0	0.59
2014	10	10	0	0	1.9
2014	10	11	0	0	5.11
2014	10	12	0	0	0.22
2014	10	13	0	0	0.36
2014	10	14	0	0	0.0
2014	10	15	0	0	9.74
2014	10	16	0	0	1.11
2014	10	17	0	0	12.75
2014	10	18	0	0	0.0
2014	10	19	0	0	0.0
2014	10	20	0	0	4.15
2014	10	21	0	0	10.87
2014	10	22	0	0	4.42
2014	10	23	0	0	0.0
2014	10	24	0	0	0.0
2014	10	25	0	0	0.89
2014	10	26	0	0	0.0
2014	10	27	0	0	0.0
2014	10	28	0	0	0.0
2014	10	29	0	0	1.54
2014	10	30	0	0	0.18
2014	10	31	0	0	0.0
2014	11	1	0	0	0.0
2014	11	2	0	0	0.0
2014	11	3	0	0	0.0
2014	11	4	0	0	0.0
2014	11	5	0	0	16.56
2014	11	6	0	0	1.16
2014	11	7	0	0	0.0
2014	11	8	0	0	0.0
2014	11	9	0	0	0.0
2014	11	10	0	0	2.64
2014	11	11	0	0	0.0
2014	11	12	0	0	0.36
2014	11	13	0	0	1.02
2014	11	14	0	0	0.0
2014	11	15	0	0	4.21
2014	11	16	0	0	10.26
2014	11	17	0	0	0.0
2014	11	18	0	0	11.27
2014	11	19	0	0	0.56
2014	11	20	0	0	0.0
2014	11	21	0	0	0.0
2014	11	22	0	0	0.0
2014	11	23	0	0	0.0
2014	11	24	0	0	0.0
2014	11	25	0	0	0.0
2014	11	26	0	0	0.0
2014	11	27	0	0	0.0
2014	11	28	0	0	0.0
2014	11	29	0	0	0.0
2014	11	30	0	0	0.0
2014	12	1	0	0	0.52
2014	12	2	0	0	1.26
2014	12	3	0	0	0.28
2014	12	4	0	0	0.0
2014	12	5	0	0	0.0
2014	12	6	0	0	0.0
2014	12	7	0	0	0.82
2014	12	8	0	0	0.94
2014	12	9	0	0	0.0
2014	12	10	0	0	1.24
2014	12	11	0	0	4.9
2014	12	12	0	0	0.0
2014	12	13	0	0	4.09
2014	12	14	0	0	5.04
2014	12	15	0	0	0.16
2014	12	16	0	0	4.02
2014	12	17	0	0	3.99
2014	12	18	0	0	4.06
2014	12	19	0	0	12.96
2014	12	20	0	0	7.65
2014	12	21	0	0	1.37
2014	12	22	0	0	0.0
2014	12	23	0	0	0.0
2014	12	24	0	0	1.17
2014	12	25	0	0	3.36
2014	12	26	0	0	1.31
2014	12	27	0	0	9.09
2014	12	28	0	0	0.38
2014	12	29	0	0	4.43
2014	12	30	0	0	5.0
2014	12	31	0	0	1.29
2015	1	1	0	0	0.19
2015	1	2	0	0	2.69
2015	1	3	0	0	26.07
2015	1	4	0	0	0.0
2015	1	5	0	0	0.0
2015	1	6	0	0	0.0
2015	1	7	0	0	2.0
2015	1	8	0	0	4.09
2015	1	9	0	0	7.25
2015	1	10	0	0	7.56
2015	1	11	0	0	1.54
2015	1	12	0	0	0.0
2015	1	13	0	0	0.98
2015	1	14	0	0	4.74
2015	1	15	0	0	0.14
2015	1	16	0	0	9.68
2015	1	17	0	0	7.09
2015	1	18	0	0	0.0
2015	1	19	0	0	2.33
2015	1	20	0	0	4.07
2015	1	21	0	0	0.0
2015	1	22	0	0	0.26
2015	1	23	0	0	0.88
2015	1	24	0	0	3.7
2015	1	25	0	0	0.22
2015	1	26	0	0	7.68
2015	1	27	0	0	1.97
2015	1	28	0	0	3.41
2015	1	29	0	0	2.69
2015	1	30	0	0	5.26
2015	1	31	0	0	1.96
2015	2	1	0	0	2.48
2015	2	2	0	0	1.0
2015	2	3	0	0	0.0
2015	2	4	0	0	0.0
2015	2	5	0	0	0.0
2015	2	6	0	0	0.0
2015	2	7	0	0	0.0
2015	2	8	0	0	0.37
2015	2	9	0	0	1.98
2015	2	10	0	0	0.33
2015	2	11	0	0	0.0
2015	2	12	0	0	0.0
2015	2	13	0	0	0.0
2015	2	14	0	0	0.0
2015	2	15	0	0	0.0
2015	2	16	0	0	0.0
2015	2	17	0	0	0.0
2015	2	18	0	0	0.0
2015	2	19	0	0	0.0
2015	2	20	0	0	0.0
2015	2	21	0	0	0.62
2015	2	22	0	0	0.0
2015	2	23	0	0	4.91
2015	2	24	0	0	0.44
2015	2	25	0	0	1.65
2015	2	26	0	0	0.0
2015	2	27	0	0	4.88
2015	2	28	0	0	0.33
2015	3	1	0	0	3.09
2015	3	2	0	0	5.13
2015	3	3	0	0	0.9
2015	3	4	0	0	0.34
2015	3	5	0	0	0.0
2015	3	6	0	0	0.0
2015	3	7	0	0	0.0
2015	3	8	0	0	0.0
2015	3	9	0	0	0.0
2015	3	10	0	0	1.55
2015	3	11	0	0	0.1
2015	3	12	0	0	0.0
2015	3	13	0	0	0.0
2015	3	14	0	0	0.0
2015	3	15	0	0	0.0
2015	3	16	0	0	0.0
2015	3	17	0	0	0.0
2015	3	18	0	0	0.0
2015	3	19	0	0	0.0
2015	3	20	0	0	0.0
2015	3	21	0	0	0.0
2015	3	22	0	0	0.0
2015	3	23	0	0	0.0
2015	3	24	0	0	0.0
2015	3	25	0	0	0.0
2015	3	26	0	0	1.15
2015	3	27	0	0	0.33
2015	3	28	0	0	1.1
2015	3	29	0	0	8.99
2015	3	30	0	0	15.01
2015	3	31	0	0	9.59
2015	4	1	0	0	2.74
2015	4	2	0	0	12.21
2015	4	3	0	0	0.0
2015	4	4	0	0	2.63
2015	4	5	0	0	0.0
2015	4	6	0	0	0.0
2015	4	7	0	0	0.0
2015	4	8	0	0	0.0
2015	4	9	0	0	0.0
2015	4	10	0	0	0.0
2015	4	11	0	0	0.12
2015	4	12	0	0	0.48
2015	4	13	0	0	0.0
2015	4	14	0	0	0.0
2015	4	15	0	0	0.0
2015	4	16	0	0	0.0
2015	4	17	0	0	0.9
2015	4	18	0	0	0.0
2015	4	19	0	0	0.0
2015	4	20	0	0	0.0
2015	4	21	0	0	0.0
2015	4	22	0	0	0.0
2015	4	23	0	0	0.0
2015	4	24	0	0	0.0
2015	4	25	0	0	3.69
2015	4	26	0	0	0.8
2015	4	27	0	0	9.25
2015	4	28	0	0	5.6
2015	4	29	0	0	0.0
2015	4	30	0	0	2.21
2015	5	1	0	0	9.05
2015	5	2	0	0	0.83
2015	5	3	0	0	7.62
2015	5	4	0	0	0.24
2015	5	5	0	0	1.13
2015	5	6	0	0	0.24
2015	5	7	0	0	0.0
2015	5	8	0	0	0.0
2015	5	9	0	0	0.0
2015	5	10	0	0	0.0
2015	5	11	0	0	0.0
2015	5	12	0	0	0.0
2015	5	13	0	0	0.51
2015	5	14	0	0	0.0
2015	5	15	0	0	0.0
2015	5	16	0	0	0.64
2015	5	17	0	0	0.0
2015	5	18	0	0	0.0
2015	5	19	0	0	0.0
2015	5	20	0	0	2.01
2015	5	21	0	0	0.0
2015	5	22	0	0	0.0
2015	5	23	0	0	0.0
2015	5	24	0	0	0.0
2015	5	25	0	0	23.15
2015	5	26	0	0	0.24
2015	5	27	0	0	0.0
2015	5	28	0	0	0.24
2015	5	29	0	0	3.08
2015	5	30	0	0	4.46
2015	5	31	0	0	0.0
2015	6	1	0	0	1.02
2015	6	2	0	0	0.0
2015	6	3	0	0	0.0
2015	6	4	0	0	0.0
2015	6	5	0	0	0.0
2015	6	6	0	0	1.12
2015	6	7	0	0	0.0
2015	6	8	0	0	22.74
2015	6	9	0	0	0.0
2015	6	10	0	0	0.0
2015	6	11	0	0	0.0
2015	6	12	0	0	1.55
2015	6	13	0	0	0.0
2015	6	14	0	0	0.0
2015	6	15	0	0	0.0
2015	6	16	0	0	0.0
2015	6	17	0	0	0.0
2015	6	18	0	0	7.17
2015	6	19	0	0	3.5
2015	6	20	0	0	1.04
2015	6	21	0	0	1.29
2015	6	22	0	0	14.13
2015	6	23	0	0	7.77
2015	6	24	0	0	0.0
2015	6	25	0	0	0.0
2015	6	26	0	0	0.0
2015	6	27	0	0	5.21
2015	6	28	0	0	0.0
2015	6	29	0	0	0.0
2015	6	30	0	0	0.0
2015	7	1	0	0	0.0
2015	7	2	0	0	0.0
2015	7	3	0	0	0.0
2015	7	4	0	0	0.0
2015	7	5	0	0	0.0
2015	7	6	0	0	0.38
2015	7	7	0	0	0.87
2015	7	8	0	0	0.0
2015	7	9	0	0	4.11
2015	7	10	0	0	0.0
2015	7	11	0	0	0.0
2015	7	12	0	0	0.0
2015	7	13	0	0	0.96
2015	7	14	0	0	1.28
2015	7	15	0	0	0.0
2015	7	16	0	0	0.0
2015	7	17	0	0	0.0
2015	7	18	0	0	4.24
2015	7	19	0	0	1.69
2015	7	20	0	0	0.0
2015	7	21	0	0	0.0
2015	7	22	0	0	0.22
2015	7	23	0	0	0.44
2015	7	24	0	0	0.0
2015	7	25	0	0	1.79
2015	7	26	0	0	1.32
2015	7	27	0	0	0.24
2015	7	28	0	0	1.17
2015	7	29	0	0	2.14
2015	7	30	0	0	0.0
2015	7	31	0	0	0.0
2015	8	1	0	0	0.0
2015	8	2	0	0	0.0
2015	8	3	0	0	0.0
2015	8	4	0	0	0.24
2015	8	5	0	0	0.0
2015	8	6	0	0	0.0
2015	8	7	0	0	0.0
2015	8	8	0	0	0.0
2015	8	9	0	0	0.76
2015	8	10	0	0	0.0
2015	8	11	0	0	0.0
2015	8	12	0	0	0.88
2015	8	13	0	0	0.0
2015	8	14	0	0	8.63
2015	8	15	0	0	1.98
2015	8	16	0	0	12.76
2015	8	17	0	0	0.0
2015	8	18	0	0	0.0
2015	8	19	0	0	0.0
2015	8	20	0	0	1.09
2015	8	21	0	0	0.0
2015	8	22	0	0	0.0
2015	8	23	0	0	4.86
2015	8	24	0	0	12.54
2015	8	25	0	0	0.0
2015	8	26	0	0	0.0
2015	8	27	0	0	0.0
2015	8	28	0	0	2.2
2015	8	29	0	0	0.0
2015	8	30	0	0	0.0
2015	8	31	0	0	0.0
2015	9	1	0	0	3.02
2015	9	2	0	0	0.27
2015	9	3	0	0	3.85
2015	9	4	0	0	0.0
2015	9	5	0	0	1.42
2015	9	6	0	0	1.66
2015	9	7	0	0	0.24
2015	9	8	0	0	0.0
2015	9	9	0	0	0.0
2015	9	10	0	0	0.0
2015	9	11	0	0	0.0
2015	9	12	0	0	0.51
2015	9	13	0	0	0.0
2015	9	14	0	0	7.46
2015	9	15	0	0	0.0
2015	9	16	0	0	7.04
2015	9	17	0	0	3.65
2015	9	18	0	0	0.0
2015	9	19	0	0	0.75
2015	9	20	0	0	0.0
2015	9	21	0	0	0.0
2015	9	22	0	0	5.65
2015	9	23	0	0	5.99
2015	9	24	0	0	0.0
2015	9	25	0	0	0.0
2015	9	26	0	0	0.0
2015	9	27	0	0	0.0
2015	9	28	0	0	0.0
2015	9	29	0	0	0.0
2015	9	30	0	0	0.0
2015	10	1	0	0	0.0
2015	10	2	0	0	0.0
2015	10	3	0	0	0.0
2015	10	4	0	0	14.76
2015	10	5	0	0	3.0
2015	10	6	0	0	7.47
2015	10	7	0	0	0.39
2015	10	8	0	0	0.0
2015	10	9	0	0	0.0
2015	10	10	0	0	0.0
2015	10	11	0	0	0.0
2015	10	12	0	0	0.0
2015	10	13	0	0	0.0
2015	10	14	0	0	1.53
2015	10	15	0	0	1.64
2015	10	16	0	0	2.12
2015	10	17	0	0	0.33
2015	10	18	0	0	2.54
2015	10	19	0	0	0.83
2015	10	20	0	0	2.56
2015	10	21	0	0	0.0
2015	10	22	0	0	1.28
2015	10	23	0	0	0.47
2015	10	24	0	0	0.0
2015	10	25	0	0	0.37
2015	10	26	0	0	0.0
2015	10	27	0	0	0.0
2015	10	28	0	0	0.0
2015	10	29	0	0	0.0
2015	10	30	0	0	0.0
2015	10	31	0	0	0.0
2015	11	1	0	0	0.0
2015	11	2	0	0	0.0
2015	11	3	0	0	0.0
2015	11	4	0	0	0.0
2015	11	5	0	0	0.0
2015	11	6	0	0	0.23
2015	11	7	0	0	0.33
2015	11	8	0	0	0.0
2015	11	9	0	0	0.36
2015	11	10	0	0	0.0
2015	11	11	0	0	0.0
2015	11	12	0	0	0.0
2015	11	13	0	0	2.02
2015	11	14	0	0	0.17
2015	11	15	0	0	0.46
2015	11	16	0	0	0.0
2015	11	17	0	0	3.54
2015	11	18	0	0	0.0
2015	11	19	0	0	2.62
2015	11	20	0	0	56.7
2015	11	21	0	0	3.3
2015	11	22	0	0	4.21
2015	11	23	0	0	0.0
2015	11	24	0	0	0.19
2015	11	25	0	0	6.96
2015	11	26	0	0	0.0
2015	11	27	0	0	0.0
2015	11	28	0	0	2.78
2015	11	29	0	0	8.36
2015	11	30	0	0	9.49
2015	12	1	0	0	1.93
2015	12	2	0	0	0.0
2015	12	3	0	0	0.0
2015	12	4	0	0	1.08
2015	12	5	0	0	0.0
2015	12	6	0	0	0.22
2015	12	7	0	0	0.0
2015	12	8	0	0	0.0
2015	12	9	0	0	6.55
2015	12	10	0	0	0.0
2015	12	11	0	0	0.5
2015	12	12	0	0	4.01
2015	12	13	0	0	0.0
2015	12	14	0	0	0.0
2015	12	15	0	0	0.0
2015	12	16	0	0	9.47
2015	12	17	0	0	1.76
2015	12	18	0	0	0.74
2015	12	19	0	0	0.0
2015	12	20	0	0	0.0
2015	12	21	0	0	3.37
2015	12	22	0	0	0.0
2015	12	23	0	0	0.5
2015	12	24	0	0	0.0
2015	12	25	0	0	0.0
2015	12	26	0	0	0.0
2015	12	27	0	0	0.0
2015	12	28	0	0	0.0
2015	12	29	0	0	0.0
2015	12	30	0	0	0.0
2015	12	31	0	0	3.09
2016	1	1	0	0	0.0
2016	1	2	0	0	12.07
2016	1	3	0	0	2.79
2016	1	4	0	0	10.51
2016	1	5	0	0	10.62
2016	1	6	0	0	0.1
2016	1	7	0	0	3.71
2016	1	8	0	0	0.0
2016	1	9	0	0	0.0
2016	1	10	0	0	2.76
2016	1	11	0	0	10.11
2016	1	12	0	0	5.05
2016	1	13	0	0	3.83
2016	1	14	0	0	1.22
2016	1	15	0	0	4.33
2016	1	16	0	0	1.95
2016	1	17	0	0	1.79
2016	1	18	0	0	0.0
2016	1	19	0	0	0.0
2016	1	20	0	0	0.0
2016	1	21	0	0	0.0
2016	1	22	0	0	0.0
2016	1	23	0	0	2.6
2016	1	24	0	0	0.92
2016	1	25	0	0	0.0
2016	1	26	0	0	0.0
2016	1	27	0	0	0.0
2016	1	28	0	0	2.26
2016	1	29	0	0	0.0
2016	1	30	0	0	9.35
2016	1	31	0	0	10.2
2016	2	1	0	0	7.21
2016	2	2	0	0	3.98
2016	2	3	0	0	9.25
2016	2	4	0	0	13.92
2016	2	5	0	0	0.4
2016	2	6	0	0	0.0
2016	2	7	0	0	0.0
2016	2	8	0	0	14.42
2016	2	9	0	0	11.53
2016	2	10	0	0	6.24
2016	2	11	0	0	2.19
2016	2	12	0	0	0.0
2016	2	13	0	0	6.34
2016	2	14	0	0	3.42
2016	2	15	0	0	1.1
2016	2	16	0	0	0.0
2016	2	17	0	0	0.0
2016	2	18	0	0	0.0
2016	2	19	0	0	1.54
2016	2	20	0	0	17.24
2016	2	21	0	0	0.12
2016	2	22	0	0	0.0
2016	2	23	0	0	18.05
2016	2	24	0	0	0.0
2016	2	25	0	0	0.26
2016	2	26	0	0	0.0
2016	2	27	0	0	0.0
2016	2	28	0	0	0.0
2016	2	29	0	0	7.18
2016	3	1	0	0	2.7
2016	3	2	0	0	4.71
2016	3	3	0	0	2.43
2016	3	4	0	0	4.06
2016	3	5	0	0	5.32
2016	3	6	0	0	4.09
2016	3	7	0	0	1.66
2016	3	8	0	0	0.0
2016	3	9	0	0	0.0
2016	3	10	0	0	0.0
2016	3	11	0	0	0.0
2016	3	12	0	0	0.0
2016	3	13	0	0	0.0
2016	3	14	0	0	0.0
2016	3	15	0	0	3.43
2016	3	16	0	0	0.0
2016	3	17	0	0	0.0
2016	3	18	0	0	0.0
2016	3	19	0	0	0.0
2016	3	20	0	0	0.0
2016	3	21	0	0	0.0
2016	3	22	0	0	0.0
2016	3	23	0	0	0.88
2016	3	24	0	0	0.0
2016	3	25	0	0	11.87
2016	3	26	0	0	0.0
2016	3	27	0	0	0.34
2016	3	28	0	0	5.1
2016	3	29	0	0	3.65
2016	3	30	0	0	5.81
2016	3	31	0	0	5.78
2016	4	1	0	0	1.09
2016	4	2	0	0	0.0
2016	4	3	0	0	0.0
2016	4	4	0	0	0.0
2016	4	5	0	0	6.23
2016	4	6	0	0	0.29
2016	4	7	0	0	1.25
2016	4	8	0	0	0.0
2016	4	9	0	0	0.9
2016	4	10	0	0	0.0
2016	4	11	0	0	0.0
2016	4	12	0	0	12.1
2016	4	13	0	0	5.81
2016	4	14	0	0	0.0
2016	4	15	0	0	5.78
2016	4	16	0	0	16.76
2016	4	17	0	0	8.35
2016	4	18	0	0	0.14
2016	4	19	0	0	0.0
2016	4	20	0	0	0.0
2016	4	21	0	0	0.0
2016	4	22	0	0	0.0
2016	4	23	0	0	5.64
2016	4	24	0	0	3.26
2016	4	25	0	0	5.58
2016	4	26	0	0	9.97
2016	4	27	0	0	1.12
2016	4	28	0	0	0.24
2016	4	29	0	0	0.0
2016	4	30	0	0	2.95
2016	5	1	0	0	0.52
2016	5	2	0	0	0.0
2016	5	3	0	0	4.31
2016	5	4	0	0	0.0
2016	5	5	0	0	0.0
2016	5	6	0	0	0.0
2016	5	7	0	0	0.0
2016	5	8	0	0	0.0
2016	5	9	0	0	0.0
2016	5	10	0	0	4.47
2016	5	11	0	0	0.0
2016	5	12	0	0	3.89
2016	5	13	0	0	5.22
2016	5	14	0	0	0.29
2016	5	15	0	0	0.12
2016	5	16	0	0	11.07
2016	5	17	0	0	0.0
2016	5	18	0	0	0.43
2016	5	19	0	0	1.14
2016	5	20	0	0	0.0
2016	5	21	0	0	0.0
2016	5	22	0	0	0.64
2016	5	23	0	0	5.71
2016	5	24	0	0	6.03
2016	5	25	0	0	0.0
2016	5	26	0	0	0.0
2016	5	27	0	0	4.8
2016	5	28	0	0	0.0
2016	5	29	0	0	63.4
2016	5	30	0	0	22.3
2016	5	31	0	0	0.0
2016	6	1	0	0	9.99
2016	6	2	0	0	4.17
2016	6	3	0	0	3.78
2016	6	4	0	0	2.64
2016	6	5	0	0	2.35
2016	6	6	0	0	0.0
2016	6	7	0	0	0.38
2016	6	8	0	0	10.23
2016	6	9	0	0	0.0
2016	6	10	0	0	0.0
2016	6	11	0	0	0.0
2016	6	12	0	0	8.64
2016	6	13	0	0	3.17
2016	6	14	0	0	9.68
2016	6	15	0	0	0.5
2016	6	16	0	0	8.35
2016	6	17	0	0	5.3
2016	6	18	0	0	4.57
2016	6	19	0	0	0.0
2016	6	20	0	0	1.23
2016	6	21	0	0	3.06
2016	6	22	0	0	0.0
2016	6	23	0	0	0.0
2016	6	24	0	0	3.74
2016	6	25	0	0	7.69
2016	6	26	0	0	0.0
2016	6	27	0	0	0.0
2016	6	28	0	0	0.28
2016	6	29	0	0	2.09
2016	6	30	0	0	0.38
2016	7	1	0	0	0.37
2016	7	2	0	0	1.06
2016	7	3	0	0	0.52
2016	7	4	0	0	0.0
2016	7	5	0	0	0.0
2016	7	6	0	0	0.0
2016	7	7	0	0	0.0
2016	7	8	0	0	0.0
2016	7	9	0	0	0.0
2016	7	10	0	0	0.0
2016	7	11	0	0	2.21
2016	7	12	0	0	1.14
2016	7	13	0	0	6.01
2016	7	14	0	0	2.72
2016	7	15	0	0	0.0
2016	7	16	0	0	0.0
2016	7	17	0	0	0.0
2016	7	18	0	0	0.0
2016	7	19	0	0	0.0
2016	7	20	0	0	0.0
2016	7	21	0	0	17.78
2016	7	22	0	0	6.41
2016	7	23	0	0	0.18
2016	7	24	0	0	0.0
2016	7	25	0	0	1.15
2016	7	26	0	0	3.91
2016	7	27	0	0	0.0
2016	7	28	0	0	0.94
2016	7	29	0	0	0.18
2016	7	30	0	0	0.0
2016	7	31	0	0	8.55
2016	8	1	0	0	0.0
2016	8	2	0	0	1.81
2016	8	3	0	0	0.38
2016	8	4	0	0	25.41
2016	8	5	0	0	0.6
2016	8	6	0	0	0.0
2016	8	7	0	0	0.0
2016	8	8	0	0	0.0
2016	8	9	0	0	3.6
2016	8	10	0	0	0.77
2016	8	11	0	0	1.72
2016	8	12	0	0	8.23
2016	8	13	0	0	0.0
2016	8	14	0	0	0.0
2016	8	15	0	0	0.0
2016	8	16	0	0	0.0
2016	8	17	0	0	0.0
2016	8	18	0	0	78.04
2016	8	19	0	0	0.24
2016	8	20	0	0	4.21
2016	8	21	0	0	0.34
2016	8	22	0	0	0.0
2016	8	23	0	0	0.0
2016	8	24	0	0	0.0
2016	8	25	0	0	0.0
2016	8	26	0	0	0.0
2016	8	27	0	0	0.0
2016	8	28	0	0	2.22
2016	8	29	0	0	0.0
2016	8	30	0	0	0.0
2016	8	31	0	0	0.0
2016	9	1	0	0	0.0
2016	9	2	0	0	0.0
2016	9	3	0	0	0.0
2016	9	4	0	0	3.11
2016	9	5	0	0	0.24
2016	9	6	0	0	0.0
2016	9	7	0	0	0.0
2016	9	8	0	0	0.0
2016	9	9	0	0	0.0
2016	9	10	0	0	0.0
2016	9	11	0	0	0.0
2016	9	12	0	0	0.0
2016	9	13	0	0	0.0
2016	9	14	0	0	0.0
2016	9	15	0	0	0.0
2016	9	16	0	0	0.0
2016	9	17	0	0	12.42
2016	9	18	0	0	12.06
2016	9	19	0	0	0.0
2016	9	20	0	0	0.0
2016	9	21	0	0	0.0
2016	9	22	0	0	0.0
2016	9	23	0	0	0.0
2016	9	24	0	0	0.0
2016	9	25	0	0	0.0
2016	9	26	0	0	5.41
2016	9	27	0	0	0.0
2016	9	28	0	0	0.0
2016	9	29	0	0	0.0
2016	9	30	0	0	0.0
2016	10	1	0	0	2.28
2016	10	2	0	0	0.0
2016	10	3	0	0	1.6
2016	10	4	0	0	0.0
2016	10	5	0	0	0.0
2016	10	6	0	0	0.21
2016	10	7	0	0	0.0
2016	10	8	0	0	0.0
2016	10	9	0	0	2.24
2016	10	10	0	0	0.0
2016	10	11	0	0	0.0
2016	10	12	0	0	0.0
2016	10	13	0	0	0.0
2016	10	14	0	0	0.0
2016	10	15	0	0	0.0
2016	10	16	0	0	0.0
2016	10	17	0	0	1.51
2016	10	18	0	0	1.07
2016	10	19	0	0	12.08
2016	10	20	0	0	43.51
2016	10	21	0	0	1.02
2016	10	22	0	0	2.65
2016	10	23	0	0	3.58
2016	10	24	0	0	8.88
2016	10	25	0	0	7.56
2016	10	26	0	0	0.0
2016	10	27	0	0	0.0
2016	10	28	0	0	0.0
2016	10	29	0	0	0.0
2016	10	30	0	0	0.0
2016	10	31	0	0	0.0
2016	11	1	0	0	0.0
2016	11	2	0	0	2.81
2016	11	3	0	0	0.0
2016	11	4	0	0	0.0
2016	11	5	0	0	8.01
2016	11	6	0	0	0.21
2016	11	7	0	0	0.0
2016	11	8	0	0	0.59
2016	11	9	0	0	3.42
2016	11	10	0	0	13.95
2016	11	11	0	0	13.43
2016	11	12	0	0	0.0
2016	11	13	0	0	0.0
2016	11	14	0	0	0.0
2016	11	15	0	0	7.05
2016	11	16	0	0	13.31
2016	11	17	0	0	0.36
2016	11	18	0	0	5.78
2016	11	19	0	0	4.96
2016	11	20	0	0	0.0
2016	11	21	0	0	0.0
2016	11	22	0	0	0.0
2016	11	23	0	0	0.0
2016	11	24	0	0	0.0
2016	11	25	0	0	0.0
2016	11	26	0	0	0.0
2016	11	27	0	0	0.22
2016	11	28	0	0	0.0
2016	11	29	0	0	0.0
2016	11	30	0	0	0.0
2016	12	1	0	0	0.0
2016	12	2	0	0	0.0
2016	12	3	0	0	0.0
2016	12	4	0	0	0.0
2016	12	5	0	0	0.0
2016	12	6	0	0	0.0
2016	12	7	0	0	0.0
2016	12	8	0	0	0.0
2016	12	9	0	0	0.0
2016	12	10	0	0	0.0
2016	12	11	0	0	0.95
2016	12	12	0	0	1.09
2016	12	13	0	0	0.0
2016	12	14	0	0	0.0
2016	12	15	0	0	0.0
2016	12	16	0	0	0.0
2016	12	17	0	0	0.26
2016	12	18	0	0	0.42
2016	12	19	0	0	0.0
2016	12	20	0	0	0.0
2016	12	21	0	0	0.0
2016	12	22	0	0	3.68
2016	12	23	0	0	0.41
2016	12	24	0	0	2.91
2016	12	25	0	0	0.0
2016	12	26	0	0	0.52
2016	12	27	0	0	0.0
2016	12	28	0	0	0.0
2016	12	29	0	0	0.0
2016	12	30	0	0	0.0
2016	12	31	0	0	0.0
2017	1	1	0	0	0.0
2017	1	2	0	0	3.28
2017	1	3	0	0	0.0
2017	1	4	0	0	1.5
2017	1	5	0	0	0.38
2017	1	6	0	0	0.0
2017	1	7	0	0	1.48
2017	1	8	0	0	2.89
2017	1	9	0	0	0.0
2017	1	10	0	0	0.86
2017	1	11	0	0	3.03
2017	1	12	0	0	3.06
2017	1	13	0	0	1.42
2017	1	14	0	0	1.84
2017	1	15	0	0	4.02
2017	1	16	0	0	0.0
2017	1	17	0	0	0.0
2017	1	18	0	0	0.0
2017	1	19	0	0	0.0
2017	1	20	0	0	0.0
2017	1	21	0	0	0.0
2017	1	22	0	0	0.0
2017	1	23	0	0	0.0
2017	1	24	0	0	0.0
2017	1	25	0	0	0.0
2017	1	26	0	0	0.0
2017	1	27	0	0	0.0
2017	1	28	0	0	0.0
2017	1	29	0	0	0.0
2017	1	30	0	0	8.61
2017	1	31	0	0	5.08
2017	2	1	0	0	0.11
2017	2	2	0	0	0.67
2017	2	3	0	0	0.6
2017	2	4	0	0	2.61
2017	2	5	0	0	0.0
2017	2	6	0	0	0.0
2017	2	7	0	0	0.21
2017	2	8	0	0	0.0
2017	2	9	0	0	0.0
2017	2	10	0	0	0.43
2017	2	11	0	0	0.0
2017	2	12	0	0	0.0
2017	2	13	0	0	0.0
2017	2	14	0	0	0.0
2017	2	15	0	0	0.0
2017	2	16	0	0	3.75
2017	2	17	0	0	4.93
2017	2	18	0	0	0.0
2017	2	19	0	0	0.0
2017	2	20	0	0	2.87
2017	2	21	0	0	4.81
2017	2	22	0	0	2.16
2017	2	23	0	0	0.0
2017	2	24	0	0	0.0
2017	2	25	0	0	0.0
2017	2	26	0	0	0.0
2017	2	27	0	0	1.68
2017	2	28	0	0	9.71
2017	3	1	0	0	8.87
2017	3	2	0	0	5.16
2017	3	3	0	0	0.0
2017	3	4	0	0	0.83
2017	3	5	0	0	4.65
2017	3	6	0	0	3.49
2017	3	7	0	0	3.83
2017	3	8	0	0	10.27
2017	3	9	0	0	12.67
2017	3	10	0	0	0.0
2017	3	11	0	0	0.0
2017	3	12	0	0	0.0
2017	3	13	0	0	0.0
2017	3	14	0	0	0.0
2017	3	15	0	0	0.0
2017	3	16	0	0	0.0
2017	3	17	0	0	0.0
2017	3	18	0	0	7.85
2017	3	19	0	0	0.3
2017	3	20	0	0	0.0
2017	3	21	0	0	7.0
2017	3	22	0	0	0.73
2017	3	23	0	0	0.0
2017	3	24	0	0	0.0
2017	3	25	0	0	0.0
2017	3	26	0	0	0.0
2017	3	27	0	0	0.0
2017	3	28	0	0	0.0
2017	3	29	0	0	0.0
2017	3	30	0	0	0.0
2017	3	31	0	0	0.0
2017	4	1	0	0	0.0
2017	4	2	0	0	4.7
2017	4	3	0	0	0.18
2017	4	4	0	0	0.6
2017	4	5	0	0	0.0
2017	4	6	0	0	0.0
2017	4	7	0	0	0.0
2017	4	8	0	0	0.0
2017	4	9	0	0	0.0
2017	4	10	0	0	0.0
2017	4	11	0	0	0.0
2017	4	12	0	0	0.0
2017	4	13	0	0	0.39
2017	4	14	0	0	0.0
2017	4	15	0	0	0.64
2017	4	16	0	0	1.31
2017	4	17	0	0	8.16
2017	4	18	0	0	3.13
2017	4	19	0	0	0.0
2017	4	20	0	0	0.0
2017	4	21	0	0	0.0
2017	4	22	0	0	2.26
2017	4	23	0	0	0.0
2017	4	24	0	0	0.0
2017	4	25	0	0	0.19
2017	4	26	0	0	3.28
2017	4	27	0	0	9.18
2017	4	28	0	0	0.12
2017	4	29	0	0	0.0
2017	4	30	0	0	0.0
2017	5	1	0	0	14.83
2017	5	2	0	0	20.6
2017	5	3	0	0	6.47
2017	5	4	0	0	0.38
2017	5	5	0	0	0.0
2017	5	6	0	0	0.0
2017	5	7	0	0	14.77
2017	5	8	0	0	11.61
2017	5	9	0	0	2.16
2017	5	10	0	0	0.0
2017	5	11	0	0	3.97
2017	5	12	0	0	0.6
2017	5	13	0	0	16.41
2017	5	14	0	0	0.2
2017	5	15	0	0	0.0
2017	5	16	0	0	0.0
2017	5	17	0	0	0.0
2017	5	18	0	0	1.69
2017	5	19	0	0	18.91
2017	5	20	0	0	0.0
2017	5	21	0	0	0.0
2017	5	22	0	0	0.0
2017	5	23	0	0	0.0
2017	5	24	0	0	1.01
2017	5	25	0	0	0.0
2017	5	26	0	0	0.0
2017	5	27	0	0	0.0
2017	5	28	0	0	0.0
2017	5	29	0	0	0.0
2017	5	30	0	0	1.24
2017	5	31	0	0	0.0
2017	6	1	0	0	0.0
2017	6	2	0	0	0.0
2017	6	3	0	0	0.87
2017	6	4	0	0	13.59
2017	6	5	0	0	0.74
2017	6	6	0	0	0.72
2017	6	7	0	0	3.63
2017	6	8	0	0	0.0
2017	6	9	0	0	6.67
2017	6	10	0	0	0.0
2017	6	11	0	0	0.0
2017	6	12	0	0	0.0
2017	6	13	0	0	0.0
2017	6	14	0	0	0.0
2017	6	15	0	0	0.24
2017	6	16	0	0	0.0
2017	6	17	0	0	0.0
2017	6	18	0	0	0.0
2017	6	19	0	0	0.0
2017	6	20	0	0	0.0
2017	6	21	0	0	0.0
2017	6	22	0	0	0.0
2017	6	23	0	0	0.0
2017	6	24	0	0	0.0
2017	6	25	0	0	0.0
2017	6	26	0	0	0.0
2017	6	27	0	0	6.52
2017	6	28	0	0	8.33
2017	6	29	0	0	21.86
2017	6	30	0	0	1.7
2017	7	1	0	0	4.74
2017	7	2	0	0	2.27
2017	7	3	0	0	0.24
2017	7	4	0	0	0.0
2017	7	5	0	0	0.0
2017	7	6	0	0	0.19
2017	7	7	0	0	19.88
2017	7	8	0	0	0.0
2017	7	9	0	0	19.69
2017	7	10	0	0	1.56
2017	7	11	0	0	1.37
2017	7	12	0	0	14.55
2017	7	13	0	0	0.0
2017	7	14	0	0	9.87
2017	7	15	0	0	0.14
2017	7	16	0	0	0.0
2017	7	17	0	0	0.0
2017	7	18	0	0	0.0
2017	7	19	0	0	7.5
2017	7	20	0	0	6.19
2017	7	21	0	0	9.26
2017	7	22	0	0	1.95
2017	7	23	0	0	1.15
2017	7	24	0	0	2.39
2017	7	25	0	0	31.17
2017	7	26	0	0	11.11
2017	7	27	0	0	9.68
2017	7	28	0	0	0.0
2017	7	29	0	0	0.0
2017	7	30	0	0	0.16
2017	7	31	0	0	10.35
2017	8	1	0	0	1.32
2017	8	2	0	0	0.21
2017	8	3	0	0	1.36
2017	8	4	0	0	0.0
2017	8	5	0	0	1.11
2017	8	6	0	0	0.0
2017	8	7	0	0	0.0
2017	8	8	0	0	0.0
2017	8	9	0	0	0.86
2017	8	10	0	0	13.14
2017	8	11	0	0	3.08
2017	8	12	0	0	6.27
2017	8	13	0	0	0.71
2017	8	14	0	0	0.14
2017	8	15	0	0	9.48
2017	8	16	0	0	2.89
2017	8	17	0	0	0.0
2017	8	18	0	0	12.74
2017	8	19	0	0	2.01
2017	8	20	0	0	0.0
2017	8	21	0	0	0.0
2017	8	22	0	0	0.0
2017	8	23	0	0	0.0
2017	8	24	0	0	0.0
2017	8	25	0	0	0.24
2017	8	26	0	0	0.0
2017	8	27	0	0	1.12
2017	8	28	0	0	0.0
2017	8	29	0	0	0.0
2017	8	30	0	0	9.46
2017	8	31	0	0	6.7
2017	9	1	0	0	0.52
2017	9	2	0	0	0.0
2017	9	3	0	0	0.0
2017	9	4	0	0	0.0
2017	9	5	0	0	0.25
2017	9	6	0	0	0.76
2017	9	7	0	0	0.0
2017	9	8	0	0	0.0
2017	9	9	0	0	6.38
2017	9	10	0	0	0.0
2017	9	11	0	0	1.06
2017	9	12	0	0	0.89
2017	9	13	0	0	25.06
2017	9	14	0	0	24.75
2017	9	15	0	0	0.0
2017	9	16	0	0	1.7
2017	9	17	0	0	10.51
2017	9	18	0	0	1.06
2017	9	19	0	0	1.81
2017	9	20	0	0	0.0
2017	9	21	0	0	0.0
2017	9	22	0	0	0.0
2017	9	23	0	0	0.0
2017	9	24	0	0	0.0
2017	9	25	0	0	0.0
2017	9	26	0	0	0.0
2017	9	27	0	0	0.0
2017	9	28	0	0	0.0
2017	9	29	0	0	0.0
2017	9	30	0	0	6.03
2017	10	1	0	0	0.0
2017	10	2	0	0	2.44
2017	10	3	0	0	23.4
2017	10	4	0	0	0.0
2017	10	5	0	0	4.61
2017	10	6	0	0	4.85
2017	10	7	0	0	2.06
2017	10	8	0	0	7.48
2017	10	9	0	0	0.55
2017	10	10	0	0	0.63
2017	10	11	0	0	1.21
2017	10	12	0	0	0.36
2017	10	13	0	0	0.0
2017	10	14	0	0	0.0
2017	10	15	0	0	0.0
2017	10	16	0	0	0.0
2017	10	17	0	0	0.0
2017	10	18	0	0	0.0
2017	10	19	0	0	0.0
2017	10	20	0	0	0.0
2017	10	21	0	0	6.84
2017	10	22	0	0	3.37
2017	10	23	0	0	1.52
2017	10	24	0	0	1.66
2017	10	25	0	0	0.31
2017	10	26	0	0	0.0
2017	10	27	0	0	5.82
2017	10	28	0	0	0.0
2017	10	29	0	0	2.31
2017	10	30	0	0	0.0
2017	10	31	0	0	0.1
2017	11	1	0	0	0.59
2017	11	2	0	0	0.0
2017	11	3	0	0	0.0
2017	11	4	0	0	0.0
2017	11	5	0	0	9.21
2017	11	6	0	0	0.0
2017	11	7	0	0	0.0
2017	11	8	0	0	1.22
2017	11	9	0	0	0.81
2017	11	10	0	0	6.6
2017	11	11	0	0	14.32
2017	11	12	0	0	19.0
2017	11	13	0	0	0.78
2017	11	14	0	0	0.0
2017	11	15	0	0	0.0
2017	11	16	0	0	0.0
2017	11	17	0	0	0.99
2017	11	18	0	0	0.28
2017	11	19	0	0	4.68
2017	11	20	0	0	2.02
2017	11	21	0	0	3.18
2017	11	22	0	0	0.0
2017	11	23	0	0	0.0
2017	11	24	0	0	5.25
2017	11	25	0	0	21.82
2017	11	26	0	0	0.0
2017	11	27	0	0	13.67
2017	11	28	0	0	8.28
2017	11	29	0	0	0.38
2017	11	30	0	0	7.88
2017	12	1	0	0	0.75
2017	12	2	0	0	0.0
2017	12	3	0	0	4.58
2017	12	4	0	0	1.8
2017	12	5	0	0	0.0
2017	12	6	0	0	0.0
2017	12	7	0	0	1.78
2017	12	8	0	0	4.51
2017	12	9	0	0	0.11
2017	12	10	0	0	5.74
2017	12	11	0	0	12.82
2017	12	12	0	0	2.25
2017	12	13	0	0	2.48
2017	12	14	0	0	6.12
2017	12	15	0	0	8.98
2017	12	16	0	0	3.74
2017	12	17	0	0	0.38
2017	12	18	0	0	2.19
2017	12	19	0	0	0.91
2017	12	20	0	0	1.72
2017	12	21	0	0	5.26
2017	12	22	0	0	5.92
2017	12	23	0	0	0.22
2017	12	24	0	0	0.0
2017	12	25	0	0	0.0
2017	12	26	0	0	0.0
2017	12	27	0	0	3.64
2017	12	28	0	0	5.16
2017	12	29	0	0	5.38
2017	12	30	0	0	8.95
2017	12	31	0	0	0.31
2018	1	1	0	0	6.31
2018	1	2	0	0	0.93
2018	1	3	0	0	11.42
2018	1	4	0	0	31.84
2018	1	5	0	0	6.51
2018	1	6	0	0	0.66
2018	1	7	0	0	0.0
2018	1	8	0	0	0.0
2018	1	9	0	0	0.22
2018	1	10	0	0	0.36
2018	1	11	0	0	0.0
2018	1	12	0	0	0.0
2018	1	13	0	0	0.0
2018	1	14	0	0	0.0
2018	1	15	0	0	2.6
2018	1	16	0	0	12.7
2018	1	17	0	0	3.09
2018	1	18	0	0	4.1
2018	1	19	0	0	3.94
2018	1	20	0	0	15.46
2018	1	21	0	0	0.9
2018	1	22	0	0	6.92
2018	1	23	0	0	0.51
2018	1	24	0	0	0.0
2018	1	25	0	0	0.84
2018	1	26	0	0	2.98
2018	1	27	0	0	0.0
2018	1	28	0	0	0.0
2018	1	29	0	0	0.17
2018	1	30	0	0	2.46
2018	1	31	0	0	7.62
2018	2	1	0	0	7.1
2018	2	2	0	0	0.19
2018	2	3	0	0	2.47
2018	2	4	0	0	6.23
2018	2	5	0	0	0.0
2018	2	6	0	0	0.0
2018	2	7	0	0	0.0
2018	2	8	0	0	0.0
2018	2	9	0	0	0.0
2018	2	10	0	0	0.0
2018	2	11	0	0	0.8
2018	2	12	0	0	1.29
2018	2	13	0	0	0.0
2018	2	14	0	0	0.0
2018	2	15	0	0	5.79
2018	2	16	0	0	1.46
2018	2	17	0	0	6.36
2018	2	18	0	0	0.0
2018	2	19	0	0	0.0
2018	2	20	0	0	0.0
2018	2	21	0	0	0.0
2018	2	22	0	0	0.0
2018	2	23	0	0	0.0
2018	2	24	0	0	0.0
2018	2	25	0	0	0.0
2018	2	26	0	0	0.0
2018	2	27	0	0	0.0
2018	2	28	0	0	0.0
2018	3	1	0	0	0.0
2018	3	2	0	0	0.5
2018	3	3	0	0	0.9
2018	3	4	0	0	0.0
2018	3	5	0	0	0.0
2018	3	6	0	0	0.0
2018	3	7	0	0	0.22
2018	3	8	0	0	0.17
2018	3	9	0	0	3.05
2018	3	10	0	0	0.85
2018	3	11	0	0	2.1
2018	3	12	0	0	0.83
2018	3	13	0	0	4.61
2018	3	14	0	0	1.79
2018	3	15	0	0	0.1
2018	3	16	0	0	3.1
2018	3	17	0	0	0.63
2018	3	18	0	0	8.78
2018	3	19	0	0	0.0
2018	3	20	0	0	1.17
2018	3	21	0	0	0.0
2018	3	22	0	0	4.13
2018	3	23	0	0	0.19
2018	3	24	0	0	0.0
2018	3	25	0	0	0.0
2018	3	26	0	0	0.0
2018	3	27	0	0	1.11
2018	3	28	0	0	15.27
2018	3	29	0	0	0.0
2018	3	30	0	0	5.88
2018	3	31	0	0	0.62
2018	4	1	0	0	4.54
2018	4	2	0	0	0.0
2018	4	3	0	0	0.39
2018	4	4	0	0	0.64
2018	4	5	0	0	3.64
2018	4	6	0	0	0.0
2018	4	7	0	0	0.0
2018	4	8	0	0	0.0
2018	4	9	0	0	0.0
2018	4	10	0	0	8.79
2018	4	11	0	0	0.0
2018	4	12	0	0	0.0
2018	4	13	0	0	12.26
2018	4	14	0	0	0.0
2018	4	15	0	0	0.0
2018	4	16	0	0	0.0
2018	4	17	0	0	0.0
2018	4	18	0	0	0.0
2018	4	19	0	0	0.0
2018	4	20	0	0	0.0
2018	4	21	0	0	0.0
2018	4	22	0	0	0.0
2018	4	23	0	0	8.77
2018	4	24	0	0	0.0
2018	4	25	0	0	0.6
2018	4	26	0	0	0.0
2018	4	27	0	0	0.0
2018	4	28	0	0	0.67
2018	4	29	0	0	5.12
2018	4	30	0	0	1.0
2018	5	1	0	0	0.0
2018	5	2	0	0	0.0
2018	5	3	0	0	0.0
2018	5	4	0	0	0.0
2018	5	5	0	0	0.0
2018	5	6	0	0	0.0
2018	5	7	0	0	0.0
2018	5	8	0	0	0.0
2018	5	9	0	0	0.0
2018	5	10	0	0	0.72
2018	5	11	0	0	0.0
2018	5	12	0	0	0.0
2018	5	13	0	0	11.59
2018	5	14	0	0	5.7
2018	5	15	0	0	0.14
2018	5	16	0	0	6.34
2018	5	17	0	0	0.16
2018	5	18	0	0	0.0
2018	5	19	0	0	0.0
2018	5	20	0	0	7.32
2018	5	21	0	0	0.0
2018	5	22	0	0	0.24
2018	5	23	0	0	1.18
2018	5	24	0	0	42.22
2018	5	25	0	0	0.0
2018	5	26	0	0	0.0
2018	5	27	0	0	0.0
2018	5	28	0	0	0.0
2018	5	29	0	0	0.0
2018	5	30	0	0	0.0
2018	5	31	0	0	1.18
2018	6	1	0	0	0.21
2018	6	2	0	0	0.0
2018	6	3	0	0	0.0
2018	6	4	0	0	0.0
2018	6	5	0	0	0.0
2018	6	6	0	0	0.0
2018	6	7	0	0	38.03
2018	6	8	0	0	6.47
2018	6	9	0	0	2.61
2018	6	10	0	0	0.0
2018	6	11	0	0	5.4
2018	6	12	0	0	3.49
2018	6	13	0	0	0.0
2018	6	14	0	0	0.0
2018	6	15	0	0	0.0
2018	6	16	0	0	0.0
2018	6	17	0	0	0.0
2018	6	18	0	0	0.0
2018	6	19	0	0	0.0
2018	6	20	0	0	0.0
2018	6	21	0	0	0.0
2018	6	22	0	0	0.0
2018	6	23	0	0	0.0
2018	6	24	0	0	0.0
2018	6	25	0	0	0.0
2018	6	26	0	0	0.0
2018	6	27	0	0	0.0
2018	6	28	0	0	1.63
2018	6	29	0	0	0.0
2018	6	30	0	0	0.0
2018	7	1	0	0	0.0
2018	7	2	0	0	0.0
2018	7	3	0	0	0.0
2018	7	4	0	0	0.0
2018	7	5	0	0	3.14
2018	7	6	0	0	4.21
2018	7	7	0	0	0.0
2018	7	8	0	0	0.0
2018	7	9	0	0	0.0
2018	7	10	0	0	2.99
2018	7	11	0	0	0.24
2018	7	12	0	0	0.38
2018	7	13	0	0	0.0
2018	7	14	0	0	0.0
2018	7	15	0	0	6.64
2018	7	16	0	0	3.3
2018	7	17	0	0	0.0
2018	7	18	0	0	0.0
2018	7	19	0	0	0.0
2018	7	20	0	0	0.0
2018	7	21	0	0	1.46
2018	7	22	0	0	0.0
2018	7	23	0	0	0.0
2018	7	24	0	0	0.0
2018	7	25	0	0	0.0
2018	7	26	0	0	0.0
2018	7	27	0	0	0.0
2018	7	28	0	0	0.0
2018	7	29	0	0	0.0
2018	7	30	0	0	0.0
2018	7	31	0	0	0.0
2018	8	1	0	0	5.73
2018	8	2	0	0	0.33
2018	8	3	0	0	0.0
2018	8	4	0	0	0.0
2018	8	5	0	0	0.0
2018	8	6	0	0	0.0
2018	8	7	0	0	0.0
2018	8	8	0	0	0.0
2018	8	9	0	0	7.03
2018	8	10	0	0	0.0
2018	8	11	0	0	0.0
2018	8	12	0	0	0.0
2018	8	13	0	0	0.73
2018	8	14	0	0	0.52
2018	8	15	0	0	0.0
2018	8	16	0	0	0.0
2018	8	17	0	0	0.0
2018	8	18	0	0	0.0
2018	8	19	0	0	0.0
2018	8	20	0	0	0.0
2018	8	21	0	0	0.0
2018	8	22	0	0	0.0
2018	8	23	0	0	1.56
2018	8	24	0	0	0.0
2018	8	25	0	0	3.78
2018	8	26	0	0	0.0
2018	8	27	0	0	1.45
2018	8	28	0	0	0.0
2018	8	29	0	0	0.86
2018	8	30	0	0	0.5
2018	8	31	0	0	0.0
2018	9	1	0	0	0.0
2018	9	2	0	0	2.3
2018	9	3	0	0	0.0
2018	9	4	0	0	0.0
2018	9	5	0	0	0.0
2018	9	6	0	0	32.14
2018	9	7	0	0	0.24
2018	9	8	0	0	0.0
2018	9	9	0	0	0.0
2018	9	10	0	0	0.0
2018	9	11	0	0	0.0
2018	9	12	0	0	0.0
2018	9	13	0	0	3.79
2018	9	14	0	0	0.0
2018	9	15	0	0	0.0
2018	9	16	0	0	0.0
2018	9	17	0	0	0.0
2018	9	18	0	0	0.0
2018	9	19	0	0	0.0
2018	9	20	0	0	0.0
2018	9	21	0	0	2.04
2018	9	22	0	0	0.89
2018	9	23	0	0	20.44
2018	9	24	0	0	0.0
2018	9	25	0	0	0.0
2018	9	26	0	0	0.0
2018	9	27	0	0	0.0
2018	9	28	0	0	0.9
2018	9	29	0	0	0.0
2018	9	30	0	0	0.0
2018	10	1	0	0	0.0
2018	10	2	0	0	0.0
2018	10	3	0	0	0.0
2018	10	4	0	0	0.0
2018	10	5	0	0	0.0
2018	10	6	0	0	0.0
2018	10	7	0	0	0.0
2018	10	8	0	0	0.0
2018	10	9	0	0	0.0
2018	10	10	0	0	0.0
2018	10	11	0	0	0.0
2018	10	12	0	0	0.0
2018	10	13	0	0	0.0
2018	10	14	0	0	0.0
2018	10	15	0	0	0.0
2018	10	16	0	0	0.0
2018	10	17	0	0	0.0
2018	10	18	0	0	0.0
2018	10	19	0	0	0.0
2018	10	20	0	0	0.0
2018	10	21	0	0	0.0
2018	10	22	0	0	0.0
2018	10	23	0	0	0.0
2018	10	24	0	0	3.14
2018	10	25	0	0	1.19
2018	10	26	0	0	0.32
2018	10	27	0	0	2.2
2018	10	28	0	0	10.06
2018	10	29	0	0	0.95
2018	10	30	0	0	0.51
2018	10	31	0	0	0.0
2018	11	1	0	0	0.74
2018	11	2	0	0	0.0
2018	11	3	0	0	0.0
2018	11	4	0	0	0.0
2018	11	5	0	0	0.0
2018	11	6	0	0	0.0
2018	11	7	0	0	0.0
2018	11	8	0	0	0.22
2018	11	9	0	0	0.0
2018	11	10	0	0	0.23
2018	11	11	0	0	5.37
2018	11	12	0	0	0.0
2018	11	13	0	0	3.92
2018	11	14	0	0	0.0
2018	11	15	0	0	0.0
2018	11	16	0	0	0.0
2018	11	17	0	0	0.0
2018	11	18	0	0	0.0
2018	11	19	0	0	0.0
2018	11	20	0	0	0.0
2018	11	21	0	0	0.0
2018	11	22	0	0	0.0
2018	11	23	0	0	0.0
2018	11	24	0	0	1.3
2018	11	25	0	0	0.0
2018	11	26	0	0	4.73
2018	11	27	0	0	0.0
2018	11	28	0	0	0.0
2018	11	29	0	0	0.22
2018	11	30	0	0	5.77
2018	12	1	0	0	1.22
2018	12	2	0	0	14.51
2018	12	3	0	0	49.1
2018	12	4	0	0	3.81
2018	12	5	0	0	0.0
2018	12	6	0	0	1.73
2018	12	7	0	0	2.52
2018	12	8	0	0	9.09
2018	12	9	0	0	7.44
2018	12	10	0	0	3.27
2018	12	11	0	0	0.72
2018	12	12	0	0	0.0
2018	12	13	0	0	0.0
2018	12	14	0	0	0.0
2018	12	15	0	0	0.0
2018	12	16	0	0	5.07
2018	12	17	0	0	4.75
2018	12	18	0	0	0.0
2018	12	19	0	0	1.73
2018	12	20	0	0	3.74
2018	12	21	0	0	7.32
2018	12	22	0	0	18.15
2018	12	23	0	0	12.95
2018	12	24	0	0	8.93
2018	12	25	0	0	0.0
2018	12	26	0	0	0.0
2018	12	27	0	0	0.0
2018	12	28	0	0	0.0
2018	12	29	0	0	0.68
2018	12	30	0	0	0.51
2018	12	31	0	0	2.31
2019	1	1	0	0	1.74
2019	1	2	0	0	1.68
2019	1	3	0	0	1.05
2019	1	4	0	0	0.34
2019	1	5	0	0	14.17
2019	1	6	0	0	4.62
2019	1	7	0	0	2.18
2019	1	8	0	0	9.71
2019	1	9	0	0	6.44
2019	1	10	0	0	0.05
2019	1	11	0	0	7.78
2019	1	12	0	0	8.35
2019	1	13	0	0	18.97
2019	1	14	0	0	6.1
2019	1	15	0	0	0.51
2019	1	16	0	0	0.0
2019	1	17	0	0	5.25
2019	1	18	0	0	0.87
2019	1	19	0	0	0.0
2019	1	20	0	0	0.0
2019	1	21	0	0	0.0
2019	1	22	0	0	0.0
2019	1	23	0	0	1.03
2019	1	24	0	0	0.53
2019	1	25	0	0	0.21
2019	1	26	0	0	1.76
2019	1	27	0	0	3.12
2019	1	28	0	0	3.24
2019	1	29	0	0	0.23
2019	1	30	0	0	0.75
2019	1	31	0	0	0.08
2019	2	1	0	0	5.23
2019	2	2	0	0	0.0
2019	2	3	0	0	0.26
2019	2	4	0	0	0.0
2019	2	5	0	0	0.0
2019	2	6	0	0	0.0
2019	2	7	0	0	1.96
2019	2	8	0	0	0.0
2019	2	9	0	0	1.92
2019	2	10	0	0	5.34
2019	2	11	0	0	3.39
2019	2	12	0	0	0.0
2019	2	13	0	0	0.0
2019	2	14	0	0	0.0
2019	2	15	0	0	0.0
2019	2	16	0	0	0.0
2019	2	17	0	0	0.0
2019	2	18	0	0	0.0
2019	2	19	0	0	0.0
2019	2	20	0	0	0.0
2019	2	21	0	0	0.0
2019	2	22	0	0	0.0
2019	2	23	0	0	0.0
2019	2	24	0	0	0.0
2019	2	25	0	0	0.0
2019	2	26	0	0	0.0
2019	2	27	0	0	0.0
2019	2	28	0	0	0.0
2019	3	1	0	0	2.73
2019	3	2	0	0	0.59
2019	3	3	0	0	0.0
2019	3	4	0	0	3.91
2019	3	5	0	0	3.26
2019	3	6	0	0	0.05
2019	3	7	0	0	1.79
2019	3	8	0	0	2.54
2019	3	9	0	0	1.51
2019	3	10	0	0	12.47
2019	3	11	0	0	0.46
2019	3	12	0	0	0.0
2019	3	13	0	0	5.18
2019	3	14	0	0	15.75
2019	3	15	0	0	12.05
2019	3	16	0	0	3.17
2019	3	17	0	0	3.2
2019	3	18	0	0	1.33
2019	3	19	0	0	0.0
2019	3	20	0	0	0.0
2019	3	21	0	0	0.0
2019	3	22	0	0	0.0
2019	3	23	0	0	0.0
2019	3	24	0	0	0.0
2019	3	25	0	0	0.81
2019	3	26	0	0	0.0
2019	3	27	0	0	0.0
2019	3	28	0	0	0.0
2019	3	29	0	0	0.0
2019	3	30	0	0	0.0
2019	3	31	0	0	0.0
2019	4	1	0	0	0.0
2019	4	2	0	0	0.42
2019	4	3	0	0	5.6
2019	4	4	0	0	0.99
2019	4	5	0	0	0.59
2019	4	6	0	0	0.0
2019	4	7	0	0	0.0
2019	4	8	0	0	0.0
2019	4	9	0	0	13.97
2019	4	10	0	0	0.4
2019	4	11	0	0	0.0
2019	4	12	0	0	0.0
2019	4	13	0	0	7.24
2019	4	14	0	0	0.07
2019	4	15	0	0	0.0
2019	4	16	0	0	0.0
2019	4	17	0	0	0.93
2019	4	18	0	0	0.0
2019	4	19	0	0	0.0
2019	4	20	0	0	0.0
2019	4	21	0	0	0.0
2019	4	22	0	0	0.0
2019	4	23	0	0	0.0
2019	4	24	0	0	0.0
2019	4	25	0	0	0.0
2019	4	26	0	0	7.53
2019	4	27	0	0	14.05
2019	4	28	0	0	1.01
2019	4	29	0	0	8.98
2019	4	30	0	0	0.19
2019	5	1	0	0	0.0
2019	5	2	0	0	1.72
2019	5	3	0	0	0.71
2019	5	4	0	0	6.29
2019	5	5	0	0	0.0
2019	5	6	0	0	0.26
2019	5	7	0	0	0.0
2019	5	8	0	0	15.45
2019	5	9	0	0	10.7
2019	5	10	0	0	1.68
2019	5	11	0	0	4.42
2019	5	12	0	0	0.1
2019	5	13	0	0	0.0
2019	5	14	0	0	0.0
2019	5	15	0	0	0.0
2019	5	16	0	0	0.0
2019	5	17	0	0	20.23
2019	5	18	0	0	10.25
2019	5	19	0	0	0.0
2019	5	20	0	0	14.54
2019	5	21	0	0	36.07
2019	5	22	0	0	0.52
2019	5	23	0	0	0.0
2019	5	24	0	0	0.0
2019	5	25	0	0	1.68
2019	5	26	0	0	0.0
2019	5	27	0	0	0.36
2019	5	28	0	0	4.83
2019	5	29	0	0	2.15
2019	5	30	0	0	0.0
2019	5	31	0	0	0.0
2019	6	1	0	0	0.0
2019	6	2	0	0	0.0
2019	6	3	0	0	0.25
2019	6	4	0	0	0.0
2019	6	5	0	0	0.24
2019	6	6	0	0	0.97
2019	6	7	0	0	0.99
2019	6	8	0	0	0.35
2019	6	9	0	0	0.24
2019	6	10	0	0	6.0
2019	6	11	0	0	8.12
2019	6	12	0	0	4.73
2019	6	13	0	0	0.0
2019	6	14	0	0	0.0
2019	6	15	0	0	2.34
2019	6	16	0	0	8.65
2019	6	17	0	0	0.0
2019	6	18	0	0	0.0
2019	6	19	0	0	2.62
2019	6	20	0	0	0.64
2019	6	21	0	0	0.0
2019	6	22	0	0	22.83
2019	6	23	0	0	0.07
2019	6	24	0	0	0.0
2019	6	25	0	0	0.0
2019	6	26	0	0	0.0
2019	6	27	0	0	0.0
2019	6	28	0	0	0.0
2019	6	29	0	0	0.0
2019	6	30	0	0	0.0
2019	7	1	0	0	0.0
2019	7	2	0	0	0.0
2019	7	3	0	0	0.0
2019	7	4	0	0	0.0
2019	7	5	0	0	0.0
2019	7	6	0	0	0.0
2019	7	7	0	0	6.71
2019	7	8	0	0	0.0
2019	7	9	0	0	0.0
2019	7	10	0	0	0.0
2019	7	11	0	0	2.82
2019	7	12	0	0	12.75
2019	7	13	0	0	0.0
2019	7	14	0	0	0.0
2019	7	15	0	0	0.0
2019	7	16	0	0	0.0
2019	7	17	0	0	0.0
2019	7	18	0	0	0.1
2019	7	19	0	0	0.22
2019	7	20	0	0	0.26
2019	7	21	0	0	3.85
2019	7	22	0	0	0.0
2019	7	23	0	0	0.0
2019	7	24	0	0	0.0
2019	7	25	0	0	0.0
2019	7	26	0	0	0.0
2019	7	27	0	0	12.15
2019	7	28	0	0	24.85
2019	7	29	0	0	0.0
2019	7	30	0	0	1.98
2019	7	31	0	0	1.15
2019	8	1	0	0	0.0
2019	8	2	0	0	0.0
2019	8	3	0	0	6.07
2019	8	4	0	0	0.0
2019	8	5	0	0	1.09
2019	8	6	0	0	2.55
2019	8	7	0	0	24.91
2019	8	8	0	0	0.0
2019	8	9	0	0	34.12
2019	8	10	0	0	1.22
2019	8	11	0	0	4.61
2019	8	12	0	0	1.16
2019	8	13	0	0	0.0
2019	8	14	0	0	1.23
2019	8	15	0	0	3.32
2019	8	16	0	0	0.0
2019	8	17	0	0	1.39
2019	8	18	0	0	0.9
2019	8	19	0	0	0.22
2019	8	20	0	0	5.3
2019	8	21	0	0	0.0
2019	8	22	0	0	0.0
2019	8	23	0	0	0.0
2019	8	24	0	0	0.0
2019	8	25	0	0	0.0
2019	8	26	0	0	0.0
2019	8	27	0	0	0.0
2019	8	28	0	0	0.0
2019	8	29	0	0	0.0
2019	8	30	0	0	0.0
2019	8	31	0	0	0.0
2019	9	1	0	0	0.0
2019	9	2	0	0	0.0
2019	9	3	0	0	0.0
2019	9	4	0	0	0.0
2019	9	5	0	0	0.0
2019	9	6	0	0	0.0
2019	9	7	0	0	0.36
2019	9	8	0	0	20.64
2019	9	9	0	0	1.7
2019	9	10	0	0	0.0
2019	9	11	0	0	0.0
2019	9	12	0	0	0.0
2019	9	13	0	0	0.0
2019	9	14	0	0	0.0
2019	9	15	0	0	0.0
2019	9	16	0	0	0.18
2019	9	17	0	0	0.66
2019	9	18	0	0	0.0
2019	9	19	0	0	0.0
2019	9	20	0	0	0.0
2019	9	21	0	0	0.0
2019	9	22	0	0	0.0
2019	9	23	0	0	27.38
2019	9	24	0	0	0.63
2019	9	25	0	0	14.18
2019	9	26	0	0	3.33
2019	9	27	0	0	12.65
2019	9	28	0	0	0.75
2019	9	29	0	0	2.51
2019	9	30	0	0	1.58
2019	10	1	0	0	7.75
2019	10	2	0	0	5.73
2019	10	3	0	0	0.0
2019	10	4	0	0	6.33
2019	10	5	0	0	5.7
2019	10	6	0	0	20.92
2019	10	7	0	0	1.22
2019	10	8	0	0	19.41
2019	10	9	0	0	9.96
2019	10	10	0	0	13.71
2019	10	11	0	0	0.0
2019	10	12	0	0	0.0
2019	10	13	0	0	0.0
2019	10	14	0	0	0.0
2019	10	15	0	0	7.42
2019	10	16	0	0	0.14
2019	10	17	0	0	3.66
2019	10	18	0	0	7.3
2019	10	19	0	0	11.49
2019	10	20	0	0	0.53
2019	10	21	0	0	0.0
2019	10	22	0	0	0.0
2019	10	23	0	0	0.0
2019	10	24	0	0	0.0
2019	10	25	0	0	0.0
2019	10	26	0	0	0.0
2019	10	27	0	0	7.05
2019	10	28	0	0	0.08
2019	10	29	0	0	0.0
2019	10	30	0	0	0.0
2019	10	31	0	0	0.0
2019	11	1	0	0	3.99
2019	11	2	0	0	4.16
2019	11	3	0	0	16.2
2019	11	4	0	0	2.92
2019	11	5	0	0	0.05
2019	11	6	0	0	2.21
2019	11	7	0	0	3.03
2019	11	8	0	0	15.24
2019	11	9	0	0	0.28
2019	11	10	0	0	0.0
2019	11	11	0	0	0.78
2019	11	12	0	0	0.15
2019	11	13	0	0	0.0
2019	11	14	0	0	0.0
2019	11	15	0	0	3.89
2019	11	16	0	0	0.99
2019	11	17	0	0	0.71
2019	11	18	0	0	0.0
2019	11	19	0	0	0.0
2019	11	20	0	0	0.0
2019	11	21	0	0	0.0
2019	11	22	0	0	0.0
2019	11	23	0	0	0.0
2019	11	24	0	0	0.0
2019	11	25	0	0	0.6
2019	11	26	0	0	0.0
2019	11	27	0	0	2.85
2019	11	28	0	0	1.8
2019	11	29	0	0	6.64
2019	11	30	0	0	0.0
2019	12	1	0	0	0.0
2019	12	2	0	0	0.0
2019	12	3	0	0	0.0
2019	12	4	0	0	0.0
2019	12	5	0	0	0.0
2019	12	6	0	0	0.47
2019	12	7	0	0	8.37
2019	12	8	0	0	3.9
2019	12	9	0	0	7.37
2019	12	10	0	0	0.0
2019	12	11	0	0	10.93
2019	12	12	0	0	1.11
2019	12	13	0	0	13.33
2019	12	14	0	0	1.4
2019	12	15	0	0	7.9
2019	12	16	0	0	0.0
2019	12	17	0	0	0.0
2019	12	18	0	0	0.97
2019	12	19	0	0	0.0
2019	12	20	0	0	1.29
2019	12	21	0	0	0.0
2019	12	22	0	0	3.93
2019	12	23	0	0	1.84
2019	12	24	0	0	5.94
2019	12	25	0	0	10.26
2019	12	26	0	0	0.0
2019	12	27	0	0	2.38
2019	12	28	0	0	0.0
2019	12	29	0	0	0.0
2019	12	30	0	0	0.0
2019	12	31	0	0	0.0
2020	1	1	0	0	0.0
2020	1	2	0	0	0.0
2020	1	3	0	0	1.78
2020	1	4	0	0	0.26
2020	1	5	0	0	0.22
2020	1	6	0	0	0.0
2020	1	7	0	0	0.0
2020	1	8	0	0	0.22
2020	1	9	0	0	0.85
2020	1	10	0	0	3.87
2020	1	11	0	0	0.0
2020	1	12	0	0	0.0
2020	1	13	0	0	0.0
2020	1	14	0	0	0.0
2020	1	15	0	0	0.0
2020	1	16	0	0	0.0
2020	1	17	0	0	0.51
2020	1	18	0	0	0.36
2020	1	19	0	0	0.0
2020	1	20	0	0	0.0
2020	1	21	0	0	0.0
2020	1	22	0	0	0.0
2020	1	23	0	0	0.0
2020	1	24	0	0	0.0
2020	1	25	0	0	0.0
2020	1	26	0	0	0.0
2020	1	27	0	0	5.79
2020	1	28	0	0	8.91
2020	1	29	0	0	7.26
2020	1	30	0	0	4.53
2020	1	31	0	0	0.41
2020	2	1	0	0	14.96
2020	2	2	0	0	8.9
2020	2	3	0	0	21.7
2020	2	4	0	0	11.06
2020	2	5	0	0	0.0
2020	2	6	0	0	0.0
2020	2	7	0	0	0.0
2020	2	8	0	0	0.0
2020	2	9	0	0	0.08
2020	2	10	0	0	18.36
2020	2	11	0	0	1.47
2020	2	12	0	0	4.07
2020	2	13	0	0	6.54
2020	2	14	0	0	2.65
2020	2	15	0	0	0.0
2020	2	16	0	0	0.0
2020	2	17	0	0	15.55
2020	2	18	0	0	0.09
2020	2	19	0	0	5.79
2020	2	20	0	0	1.27
2020	2	21	0	0	0.58
2020	2	22	0	0	3.51
2020	2	23	0	0	10.71
2020	2	24	0	0	5.55
2020	2	25	0	0	9.64
2020	2	26	0	0	3.64
2020	2	27	0	0	13.32
2020	2	28	0	0	0.53
2020	2	29	0	0	10.33
2020	3	1	0	0	0.9
2020	3	2	0	0	7.32
2020	3	3	0	0	3.83
2020	3	4	0	0	0.0
2020	3	5	0	0	12.79
2020	3	6	0	0	6.5
2020	3	7	0	0	0.0
2020	3	8	0	0	1.41
2020	3	9	0	0	3.86
2020	3	10	0	0	8.95
2020	3	11	0	0	0.0
2020	3	12	0	0	7.38
2020	3	13	0	0	0.0
2020	3	14	0	0	2.16
2020	3	15	0	0	0.0
2020	3	16	0	0	0.0
2020	3	17	0	0	0.0
2020	3	18	0	0	0.0
2020	3	19	0	0	0.0
2020	3	20	0	0	0.0
2020	3	21	0	0	9.05
2020	3	22	0	0	0.0
2020	3	23	0	0	0.0
2020	3	24	0	0	0.0
2020	3	25	0	0	0.0
2020	3	26	0	0	0.0
2020	3	27	0	0	0.0
2020	3	28	0	0	0.0
2020	3	29	0	0	0.23
2020	3	30	0	0	0.0
2020	3	31	0	0	0.0
2020	4	1	0	0	0.0
2020	4	2	0	0	0.0
2020	4	3	0	0	0.0
2020	4	4	0	0	0.0
2020	4	5	0	0	0.0
2020	4	6	0	0	0.0
2020	4	7	0	0	0.0
2020	4	8	0	0	0.0
2020	4	9	0	0	0.0
2020	4	10	0	0	0.0
2020	4	11	0	0	0.0
2020	4	12	0	0	0.0
2020	4	13	0	0	0.24
2020	4	14	0	0	0.0
2020	4	15	0	0	0.0
2020	4	16	0	0	0.0
2020	4	17	0	0	0.0
2020	4	18	0	0	0.26
2020	4	19	0	0	0.0
2020	4	20	0	0	0.0
2020	4	21	0	0	0.0
2020	4	22	0	0	0.0
2020	4	23	0	0	0.0
2020	4	24	0	0	0.0
2020	4	25	0	0	0.0
2020	4	26	0	0	0.0
2020	4	27	0	0	1.09
2020	4	28	0	0	6.06
2020	4	29	0	0	2.53
2020	4	30	0	0	3.19
2020	5	1	0	0	5.92
2020	5	2	0	0	0.07
2020	5	3	0	0	0.0
2020	5	4	0	0	4.36
2020	5	5	0	0	0.0
2020	5	6	0	0	0.0
2020	5	7	0	0	0.0
2020	5	8	0	0	0.0
2020	5	9	0	0	0.0
2020	5	10	0	0	0.5
2020	5	11	0	0	25.91
2020	5	12	0	0	0.0
2020	5	13	0	0	0.0
2020	5	14	0	0	0.0
2020	5	15	0	0	0.0
2020	5	16	0	0	0.0
2020	5	17	0	0	0.0
2020	5	18	0	0	0.0
2020	5	19	0	0	0.0
2020	5	20	0	0	0.0
2020	5	21	0	0	0.0
2020	5	22	0	0	0.0
2020	5	23	0	0	6.35
2020	5	24	0	0	0.0
2020	5	25	0	0	0.0
2020	5	26	0	0	0.0
2020	5	27	0	0	0.0
2020	5	28	0	0	0.0
2020	5	29	0	0	0.0
2020	5	30	0	0	0.0
2020	5	31	0	0	0.0
2020	6	1	0	0	0.0
2020	6	2	0	0	0.0
2020	6	3	0	0	0.0
2020	6	4	0	0	11.98
2020	6	5	0	0	10.71
2020	6	6	0	0	5.95
2020	6	7	0	0	3.9
2020	6	8	0	0	0.0
2020	6	9	0	0	0.36
2020	6	10	0	0	3.92
2020	6	11	0	0	2.06
2020	6	12	0	0	0.0
2020	6	13	0	0	0.0
2020	6	14	0	0	5.53
2020	6	15	0	0	15.01
2020	6	16	0	0	3.06
2020	6	17	0	0	1.97
2020	6	18	0	0	0.0
2020	6	19	0	0	0.0
2020	6	20	0	0	0.5
2020	6	21	0	0	0.0
2020	6	22	0	0	0.0
2020	6	23	0	0	0.0
2020	6	24	0	0	0.0
2020	6	25	0	0	0.0
2020	6	26	0	0	0.0
2020	6	27	0	0	1.0
2020	6	28	0	0	8.43
2020	6	29	0	0	0.64
2020	6	30	0	0	0.0
2020	7	1	0	0	0.0
2020	7	2	0	0	0.27
2020	7	3	0	0	0.0
2020	7	4	0	0	0.0
2020	7	5	0	0	0.0
2020	7	6	0	0	1.22
2020	7	7	0	0	0.0
2020	7	8	0	0	0.0
2020	7	9	0	0	0.0
2020	7	10	0	0	0.49
2020	7	11	0	0	2.72
2020	7	12	0	0	0.0
2020	7	13	0	0	0.0
2020	7	14	0	0	0.0
2020	7	15	0	0	5.31
2020	7	16	0	0	10.25
2020	7	17	0	0	0.47
2020	7	18	0	0	0.0
2020	7	19	0	0	0.0
2020	7	20	0	0	0.0
2020	7	21	0	0	0.0
2020	7	22	0	0	0.0
2020	7	23	0	0	0.0
2020	7	24	0	0	0.0
2020	7	25	0	0	0.0
2020	7	26	0	0	1.63
2020	7	27	0	0	0.0
2020	7	28	0	0	0.0
2020	7	29	0	0	0.0
2020	7	30	0	0	0.0
2020	7	31	0	0	0.0
2020	8	1	0	0	0.0
2020	8	2	0	0	0.24
2020	8	3	0	0	20.55
2020	8	4	0	0	0.0
2020	8	5	0	0	0.0
2020	8	6	0	0	0.0
2020	8	7	0	0	0.0
2020	8	8	0	0	0.0
2020	8	9	0	0	0.0
2020	8	10	0	0	0.0
2020	8	11	0	0	3.27
2020	8	12	0	0	0.0
2020	8	13	0	0	14.28
2020	8	14	0	0	0.17
2020	8	15	0	0	11.45
2020	8	16	0	0	0.0
2020	8	17	0	0	0.8
2020	8	18	0	0	2.91
2020	8	19	0	0	0.0
2020	8	20	0	0	0.0
2020	8	21	0	0	0.0
2020	8	22	0	0	1.27
2020	8	23	0	0	0.0
2020	8	24	0	0	0.0
2020	8	25	0	0	0.0
2020	8	26	0	0	0.0
2020	8	27	0	0	0.0
2020	8	28	0	0	4.97
2020	8	29	0	0	0.0
2020	8	30	0	0	38.77
2020	8	31	0	0	6.16
2020	9	1	0	0	1.72
2020	9	2	0	0	0.0
2020	9	3	0	0	0.0
2020	9	4	0	0	0.0
2020	9	5	0	0	0.0
2020	9	6	0	0	0.0
2020	9	7	0	0	0.0
2020	9	8	0	0	0.0
2020	9	9	0	0	0.0
2020	9	10	0	0	0.24
2020	9	11	0	0	0.0
2020	9	12	0	0	0.0
2020	9	13	0	0	0.0
2020	9	14	0	0	0.0
2020	9	15	0	0	0.0
2020	9	16	0	0	0.0
2020	9	17	0	0	0.0
2020	9	18	0	0	0.0
2020	9	19	0	0	0.0
2020	9	20	0	0	0.0
2020	9	21	0	0	0.0
2020	9	22	0	0	0.0
2020	9	23	0	0	0.0
2020	9	24	0	0	16.65
2020	9	25	0	0	1.71
2020	9	26	0	0	12.44
2020	9	27	0	0	6.38
2020	9	28	0	0	0.0
2020	9	29	0	0	1.13
2020	9	30	0	0	0.0
2020	10	1	0	0	0.88
2020	10	2	0	0	0.0
2020	10	3	0	0	0.37
2020	10	4	0	0	1.32
2020	10	5	0	0	2.16
2020	10	6	0	0	7.27
2020	10	7	0	0	2.54
2020	10	8	0	0	0.0
2020	10	9	0	0	3.45
2020	10	10	0	0	1.32
2020	10	11	0	0	0.36
2020	10	12	0	0	2.13
2020	10	13	0	0	0.0
2020	10	14	0	0	5.57
2020	10	15	0	0	1.04
2020	10	16	0	0	0.2
2020	10	17	0	0	0.0
2020	10	18	0	0	0.0
2020	10	19	0	0	0.0
2020	10	20	0	0	0.0
2020	10	21	0	0	0.0
2020	10	22	0	0	0.4
2020	10	23	0	0	8.18
2020	10	24	0	0	0.0
2020	10	25	0	0	0.0
2020	10	26	0	0	7.13
2020	10	27	0	0	0.4
2020	10	28	0	0	3.44
2020	10	29	0	0	7.87
2020	10	30	0	0	1.55
2020	10	31	0	0	0.0
2020	11	1	0	0	8.29
2020	11	2	0	0	0.0
2020	11	3	0	0	1.18
2020	11	4	0	0	0.0
2020	11	5	0	0	0.0
2020	11	6	0	0	0.0
2020	11	7	0	0	0.0
2020	11	8	0	0	0.0
2020	11	9	0	0	0.0
2020	11	10	0	0	0.0
2020	11	11	0	0	0.0
2020	11	12	0	0	0.22
2020	11	13	0	0	0.0
2020	11	14	0	0	0.61
2020	11	15	0	0	2.16
2020	11	16	0	0	2.02
2020	11	17	0	0	0.0
2020	11	18	0	0	0.0
2020	11	19	0	0	1.84
2020	11	20	0	0	0.0
2020	11	21	0	0	0.0
2020	11	22	0	0	0.0
2020	11	23	0	0	1.9
2020	11	24	0	0	0.0
2020	11	25	0	0	0.0
2020	11	26	0	0	0.0
2020	11	27	0	0	0.0
2020	11	28	0	0	0.0
2020	11	29	0	0	0.0
2020	11	30	0	0	0.83
2020	12	1	0	0	8.34
2020	12	2	0	0	0.0
2020	12	3	0	0	0.0
2020	12	4	0	0	0.62
2020	12	5	0	0	4.57
2020	12	6	0	0	5.31
2020	12	7	0	0	2.44
2020	12	8	0	0	0.0
2020	12	9	0	0	2.33
2020	12	10	0	0	0.0
2020	12	11	0	0	0.37
2020	12	12	0	0	3.89
2020	12	13	0	0	1.28
2020	12	14	0	0	0.0
2020	12	15	0	0	2.55
2020	12	16	0	0	0.0
2020	12	17	0	0	0.0
2020	12	18	0	0	0.0
2020	12	19	0	0	0.0
2020	12	20	0	0	0.89
2020	12	21	0	0	4.01
2020	12	22	0	0	5.75
2020	12	23	0	0	8.43
2020	12	24	0	0	12.65
2020	12	25	0	0	7.06
2020	12	26	0	0	0.0
2020	12	27	0	0	2.17
2020	12	28	0	0	2.82
2020	12	29	0	0	3.62
2020	12	30	0	0	0.63
2020	12	31	0	0	3.63
2021	1	1	0	0	0.08
2021	1	2	0	0	0.0
2021	1	3	0	0	5.68
2021	1	4	0	0	0.0
2021	1	5	0	0	0.26
2021	1	6	0	0	1.18
2021	1	7	0	0	2.29
2021	1	8	0	0	1.55
2021	1	9	0	0	0.0
2021	1	10	0	0	0.0
2021	1	11	0	0	0.0
2021	1	12	0	0	19.7
2021	1	13	0	0	0.0
2021	1	14	0	0	0.0
2021	1	15	0	0	0.0
2021	1	16	0	0	0.0
2021	1	17	0	0	4.34
2021	1	18	0	0	2.44
2021	1	19	0	0	4.34
2021	1	20	0	0	0.0
2021	1	21	0	0	0.88
2021	1	22	0	0	5.29
2021	1	23	0	0	9.14
2021	1	24	0	0	2.5
2021	1	25	0	0	3.41
2021	1	26	0	0	1.36
2021	1	27	0	0	1.94
2021	1	28	0	0	11.62
2021	1	29	0	0	12.21
2021	1	30	0	0	5.69
2021	1	31	0	0	0.46
2021	2	1	0	0	6.97
2021	2	2	0	0	15.22
2021	2	3	0	0	12.09
2021	2	4	0	0	0.0
2021	2	5	0	0	5.98
2021	2	6	0	0	0.39
2021	2	7	0	0	8.95
2021	2	8	0	0	3.18
2021	2	9	0	0	0.0
2021	2	10	0	0	6.14
2021	2	11	0	0	0.0
2021	2	12	0	0	0.0
2021	2	13	0	0	0.0
2021	2	14	0	0	0.0
2021	2	15	0	0	1.67
2021	2	16	0	0	1.61
2021	2	17	0	0	0.98
2021	2	18	0	0	0.24
2021	2	19	0	0	0.16
2021	2	20	0	0	0.0
2021	2	21	0	0	0.0
2021	2	22	0	0	0.0
2021	2	23	0	0	0.0
2021	2	24	0	0	0.0
2021	2	25	0	0	0.0
2021	2	26	0	0	0.83
2021	2	27	0	0	0.0
2021	2	28	0	0	0.0
2021	3	1	0	0	0.0
2021	3	2	0	0	0.0
2021	3	3	0	0	0.0
2021	3	4	0	0	5.19
2021	3	5	0	0	1.78
2021	3	6	0	0	0.0
2021	3	7	0	0	0.0
2021	3	8	0	0	0.0
2021	3	9	0	0	0.0
2021	3	10	0	0	0.74
2021	3	11	0	0	8.32
2021	3	12	0	0	3.42
2021	3	13	0	0	6.28
2021	3	14	0	0	4.03
2021	3	15	0	0	3.3
2021	3	16	0	0	1.54
2021	3	17	0	0	1.27
2021	3	18	0	0	0.75
2021	3	19	0	0	1.78
2021	3	20	0	0	0.0
2021	3	21	0	0	0.0
2021	3	22	0	0	0.0
2021	3	23	0	0	0.0
2021	3	24	0	0	0.0
2021	3	25	0	0	0.0
2021	3	26	0	0	0.0
2021	3	27	0	0	1.56
2021	3	28	0	0	0.0
2021	3	29	0	0	0.0
2021	3	30	0	0	0.0
2021	3	31	0	0	0.0
2021	4	1	0	0	0.0
2021	4	2	0	0	0.0
2021	4	3	0	0	0.0
2021	4	4	0	0	0.0
2021	4	5	0	0	2.82
2021	4	6	0	0	4.93
2021	4	7	0	0	0.71
2021	4	8	0	0	0.0
2021	4	9	0	0	0.0
2021	4	10	0	0	0.21
2021	4	11	0	0	10.48
2021	4	12	0	0	2.45
2021	4	13	0	0	0.42
2021	4	14	0	0	0.25
2021	4	15	0	0	0.0
2021	4	16	0	0	0.0
2021	4	17	0	0	0.0
2021	4	18	0	0	0.0
2021	4	19	0	0	0.0
2021	4	20	0	0	0.0
2021	4	21	0	0	0.0
2021	4	22	0	0	0.0
2021	4	23	0	0	0.0
2021	4	24	0	0	0.0
2021	4	25	0	0	0.0
2021	4	26	0	0	0.0
2021	4	27	0	0	0.0
2021	4	28	0	0	0.57
2021	4	29	0	0	1.1
2021	4	30	0	0	3.82
2021	5	1	0	0	6.65
2021	5	2	0	0	6.85
2021	5	3	0	0	0.0
2021	5	4	0	0	5.94
2021	5	5	0	0	4.33
2021	5	6	0	0	7.65
2021	5	7	0	0	1.27
2021	5	8	0	0	0.0
2021	5	9	0	0	0.0
2021	5	10	0	0	0.0
2021	5	11	0	0	10.33
2021	5	12	0	0	2.83
2021	5	13	0	0	0.0
2021	5	14	0	0	0.0
2021	5	15	0	0	2.46
2021	5	16	0	0	3.67
2021	5	17	0	0	5.74
2021	5	18	0	0	2.88
2021	5	19	0	0	0.0
2021	5	20	0	0	0.0
2021	5	21	0	0	0.0
2021	5	22	0	0	2.73
2021	5	23	0	0	0.0
2021	5	24	0	0	0.47
2021	5	25	0	0	0.24
2021	5	26	0	0	7.02
2021	5	27	0	0	1.78
2021	5	28	0	0	0.81
2021	5	29	0	0	0.0
2021	5	30	0	0	0.0
2021	5	31	0	0	0.0
2021	6	1	0	0	0.0
2021	6	2	0	0	0.0
2021	6	3	0	0	0.64
2021	6	4	0	0	0.0
2021	6	5	0	0	3.14
2021	6	6	0	0	4.22
2021	6	7	0	0	1.99
2021	6	8	0	0	0.0
2021	6	9	0	0	2.53
2021	6	10	0	0	1.0
2021	6	11	0	0	0.0
2021	6	12	0	0	0.24
2021	6	13	0	0	0.0
2021	6	14	0	0	0.0
2021	6	15	0	0	0.0
2021	6	16	0	0	0.0
2021	6	17	0	0	0.0
2021	6	18	0	0	0.0
2021	6	19	0	0	0.25
2021	6	20	0	0	5.24
2021	6	21	0	0	2.98
2021	6	22	0	0	11.86
2021	6	23	0	0	3.67
2021	6	24	0	0	17.72
2021	6	25	0	0	6.8
2021	6	26	0	0	0.0
2021	6	27	0	0	0.0
2021	6	28	0	0	21.3
2021	6	29	0	0	17.03
2021	6	30	0	0	8.91
2021	7	1	0	0	2.05
2021	7	2	0	0	0.0
2021	7	3	0	0	0.0
2021	7	4	0	0	7.59
2021	7	5	0	0	0.38
2021	7	6	0	0	6.2
2021	7	7	0	0	1.43
2021	7	8	0	0	5.54
2021	7	9	0	0	27.93
2021	7	10	0	0	13.89
2021	7	11	0	0	2.14
2021	7	12	0	0	0.0
2021	7	13	0	0	16.12
2021	7	14	0	0	1.94
2021	7	15	0	0	0.0
2021	7	16	0	0	0.0
2021	7	17	0	0	0.0
2021	7	18	0	0	0.0
2021	7	19	0	0	0.0
2021	7	20	0	0	0.0
2021	7	21	0	0	0.0
2021	7	22	0	0	0.0
2021	7	23	0	0	0.0
2021	7	24	0	0	15.8
2021	7	25	0	0	0.52
2021	7	26	0	0	4.41
2021	7	27	0	0	0.34
2021	7	28	0	0	2.32
2021	7	29	0	0	0.0
2021	7	30	0	0	0.0
2021	7	31	0	0	0.0
2021	8	1	0	0	9.4
2021	8	2	0	0	5.47
2021	8	3	0	0	4.49
2021	8	4	0	0	0.0
2021	8	5	0	0	9.9
2021	8	6	0	0	4.31
2021	8	7	0	0	6.1
2021	8	8	0	0	0.5
2021	8	9	0	0	0.0
2021	8	10	0	0	0.0
2021	8	11	0	0	0.0
2021	8	12	0	0	0.0
2021	8	13	0	0	4.92
2021	8	14	0	0	0.0
2021	8	15	0	0	6.0
2021	8	16	0	0	11.21
2021	8	17	0	0	2.91
2021	8	18	0	0	0.14
2021	8	19	0	0	0.0
2021	8	20	0	0	0.0
2021	8	21	0	0	0.0
2021	8	22	0	0	23.71
2021	8	23	0	0	2.57
2021	8	24	0	0	0.07
2021	8	25	0	0	0.0
2021	8	26	0	0	7.29
2021	8	27	0	0	3.21
2021	8	28	0	0	2.58
2021	8	29	0	0	13.38
2021	8	30	0	0	4.68
2021	8	31	0	0	0.0
2021	9	1	0	0	0.0
2021	9	2	0	0	0.0
2021	9	3	0	0	0.0
2021	9	4	0	0	0.0
2021	9	5	0	0	0.0
2021	9	6	0	0	0.0
2021	9	7	0	0	0.0
2021	9	8	0	0	0.0
2021	9	9	0	0	0.0
2021	9	10	0	0	1.11
2021	9	11	0	0	18.22
2021	9	12	0	0	0.0
2021	9	13	0	0	0.0
2021	9	14	0	0	0.0
2021	9	15	0	0	3.21
2021	9	16	0	0	8.01
2021	9	17	0	0	0.0
2021	9	18	0	0	0.0
2021	9	19	0	0	0.0
2021	9	20	0	0	0.0
2021	9	21	0	0	0.0
2021	9	22	0	0	0.0
2021	9	23	0	0	0.0
2021	9	24	0	0	0.0
2021	9	25	0	0	0.0
2021	9	26	0	0	4.74
2021	9	27	0	0	0.33
2021	9	28	0	0	1.57
2021	9	29	0	0	4.03
2021	9	30	0	0	0.0
2021	10	1	0	0	0.0
2021	10	2	0	0	0.0
2021	10	3	0	0	1.82
2021	10	4	0	0	4.35
2021	10	5	0	0	6.6
2021	10	6	0	0	0.83
2021	10	7	0	0	0.0
2021	10	8	0	0	0.0
2021	10	9	0	0	0.0
2021	10	10	0	0	0.0
2021	10	11	0	0	0.08
2021	10	12	0	0	10.43
2021	10	13	0	0	0.56
2021	10	14	0	0	0.0
2021	10	15	0	0	0.0
2021	10	16	0	0	0.0
2021	10	17	0	0	0.0
2021	10	18	0	0	0.0
2021	10	19	0	0	1.42
2021	10	20	0	0	21.06
2021	10	21	0	0	16.25
2021	10	22	0	0	0.0
2021	10	23	0	0	0.0
2021	10	24	0	0	0.0
2021	10	25	0	0	0.0
2021	10	26	0	0	0.0
2021	10	27	0	0	0.0
2021	10	28	0	0	0.0
2021	10	29	0	0	0.0
2021	10	30	0	0	1.19
2021	10	31	0	0	0.0
2021	11	1	0	0	7.51
2021	11	2	0	0	6.52
2021	11	3	0	0	2.2
2021	11	4	0	0	4.97
2021	11	5	0	0	2.18
2021	11	6	0	0	0.0
2021	11	7	0	0	2.1
2021	11	8	0	0	0.0
2021	11	9	0	0	0.0
2021	11	10	0	0	0.0
2021	11	11	0	0	0.0
2021	11	12	0	0	0.0
2021	11	13	0	0	1.98
2021	11	14	0	0	0.15
2021	11	15	0	0	0.0
2021	11	16	0	0	0.46
2021	11	17	0	0	0.88
2021	11	18	0	0	0.84
2021	11	19	0	0	0.0
2021	11	20	0	0	0.0
2021	11	21	0	0	0.45
2021	11	22	0	0	3.19
2021	11	23	0	0	0.0
2021	11	24	0	0	0.0
2021	11	25	0	0	0.0
2021	11	26	0	0	0.36
2021	11	27	0	0	7.43
2021	11	28	0	0	0.14
2021	11	29	0	0	1.46
2021	11	30	0	0	8.57
2021	12	1	0	0	10.11
2021	12	2	0	0	4.41
2021	12	3	0	0	0.0
2021	12	4	0	0	14.14
2021	12	5	0	0	1.0
2021	12	6	0	0	0.08
2021	12	7	0	0	1.71
2021	12	8	0	0	4.12
2021	12	9	0	0	2.27
2021	12	10	0	0	3.85
2021	12	11	0	0	0.11
2021	12	12	0	0	0.95
2021	12	13	0	0	2.73
2021	12	14	0	0	0.52
2021	12	15	0	0	0.05
2021	12	16	0	0	0.0
2021	12	17	0	0	0.0
2021	12	18	0	0	0.0
2021	12	19	0	0	0.0
2021	12	20	0	0	0.0
2021	12	21	0	0	0.0
2021	12	22	0	0	0.0
2021	12	23	0	0	0.76
2021	12	24	0	0	12.36
2021	12	25	0	0	17.81
2021	12	26	0	0	2.09
2021	12	27	0	0	3.25
2021	12	28	0	0	16.81
2021	12	29	0	0	7.63
2021	12	30	0	0	1.54
2021	12	31	0	0	0.47
2022	1	1	0	0	0.48
2022	1	2	0	0	0.0
2022	1	3	0	0	3.7
2022	1	4	0	0	36.23
2022	1	5	0	0	1.49
2022	1	6	0	0	0.55
2022	1	7	0	0	1.13
2022	1	8	0	0	2.2
2022	1	9	0	0	6.33
2022	1	10	0	0	0.0
2022	1	11	0	0	0.0
2022	1	12	0	0	0.0
2022	1	13	0	0	0.0
2022	1	14	0	0	0.0
2022	1	15	0	0	0.0
2022	1	16	0	0	1.13
2022	1	17	0	0	1.39
2022	1	18	0	0	0.0
2022	1	19	0	0	0.0
2022	1	20	0	0	0.67
2022	1	21	0	0	0.0
2022	1	22	0	0	0.62
2022	1	23	0	0	1.22
2022	1	24	0	0	0.0
2022	1	25	0	0	0.0
2022	1	26	0	0	0.0
2022	1	27	0	0	0.29
2022	1	28	0	0	0.5
2022	1	29	0	0	0.2
2022	1	30	0	0	1.21
2022	1	31	0	0	6.96
2022	2	1	0	0	15.53
2022	2	2	0	0	9.31
2022	2	3	0	0	1.79
2022	2	4	0	0	2.1
2022	2	5	0	0	0.0
2022	2	6	0	0	21.01
2022	2	7	0	0	21.26
2022	2	8	0	0	0.52
2022	2	9	0	0	0.0
2022	2	10	0	0	0.0
2022	2	11	0	0	2.61
2022	2	12	0	0	0.0
2022	2	13	0	0	0.0
2022	2	14	0	0	1.62
2022	2	15	0	0	2.96
2022	2	16	0	0	6.78
2022	2	17	0	0	8.38
2022	2	18	0	0	0.86
2022	2	19	0	0	0.0
2022	2	20	0	0	1.04
2022	2	21	0	0	7.25
2022	2	22	0	0	3.8
2022	2	23	0	0	3.43
2022	2	24	0	0	1.37
2022	2	25	0	0	1.56
2022	2	26	0	0	0.0
2022	2	27	0	0	0.0
2022	2	28	0	0	0.0
2022	3	1	0	0	0.0
2022	3	2	0	0	0.0
2022	3	3	0	0	0.0
2022	3	4	0	0	0.0
2022	3	5	0	0	0.0
2022	3	6	0	0	0.0
2022	3	7	0	0	0.0
2022	3	8	0	0	0.0
2022	3	9	0	0	0.0
2022	3	10	0	0	0.0
2022	3	11	0	0	0.0
2022	3	12	0	0	0.0
2022	3	13	0	0	0.0
2022	3	14	0	0	4.11
2022	3	15	0	0	4.6
2022	3	16	0	0	0.0
2022	3	17	0	0	0.73
2022	3	18	0	0	0.0
2022	3	19	0	0	0.0
2022	3	20	0	0	0.0
2022	3	21	0	0	0.0
2022	3	22	0	0	0.0
2022	3	23	0	0	0.0
2022	3	24	0	0	0.0
2022	3	25	0	0	0.0
2022	3	26	0	0	0.0
2022	3	27	0	0	0.0
2022	3	28	0	0	0.0
2022	3	29	0	0	0.0
2022	3	30	0	0	5.86
2022	3	31	0	0	8.0
2022	4	1	0	0	18.76
2022	4	2	0	0	4.72
2022	4	3	0	0	0.0
2022	4	4	0	0	0.0
2022	4	5	0	0	4.07
2022	4	6	0	0	0.17
2022	4	7	0	0	6.15
2022	4	8	0	0	37.08
2022	4	9	0	0	1.67
2022	4	10	0	0	1.29
2022	4	11	0	0	0.0
2022	4	12	0	0	0.0
2022	4	13	0	0	0.0
2022	4	14	0	0	0.0
2022	4	15	0	0	0.0
2022	4	16	0	0	0.0
2022	4	17	0	0	0.0
2022	4	18	0	0	0.0
2022	4	19	0	0	0.0
2022	4	20	0	0	0.0
2022	4	21	0	0	0.0
2022	4	22	0	0	0.0
2022	4	23	0	0	0.0
2022	4	24	0	0	8.71
2022	4	25	0	0	1.91
2022	4	26	0	0	10.65
2022	4	27	0	0	0.0
2022	4	28	0	0	0.0
2022	4	29	0	0	0.0
2022	4	30	0	0	0.0
2022	5	1	0	0	0.0
2022	5	2	0	0	0.0
2022	5	3	0	0	1.59
2022	5	4	0	0	2.99
2022	5	5	0	0	0.0
2022	5	6	0	0	0.0
2022	5	7	0	0	0.0
2022	5	8	0	0	0.0
2022	5	9	0	0	0.0
2022	5	10	0	0	0.0
2022	5	11	0	0	0.0
2022	5	12	0	0	0.0
2022	5	13	0	0	0.0
2022	5	14	0	0	0.0
2022	5	15	0	0	0.0
2022	5	16	0	0	0.0
2022	5	17	0	0	0.0
2022	5	18	0	0	0.0
2022	5	19	0	0	0.88
2022	5	20	0	0	9.23
2022	5	21	0	0	0.0
2022	5	22	0	0	0.13
2022	5	23	0	0	9.08
2022	5	24	0	0	5.95
2022	5	25	0	0	0.0
2022	5	26	0	0	0.0
2022	5	27	0	0	1.0
2022	5	28	0	0	0.0
2022	5	29	0	0	0.4
2022	5	30	0	0	0.0
2022	5	31	0	0	1.0
2022	6	1	0	0	0.0
2022	6	2	0	0	0.0
2022	6	3	0	0	3.86
2022	6	4	0	0	3.52
2022	6	5	0	0	8.91
2022	6	6	0	0	0.0
2022	6	7	0	0	0.27
2022	6	8	0	0	4.47
2022	6	9	0	0	2.89
2022	6	10	0	0	0.0
2022	6	11	0	0	0.0
2022	6	12	0	0	0.45
2022	6	13	0	0	1.28
2022	6	14	0	0	0.0
2022	6	15	0	0	0.0
2022	6	16	0	0	0.0
2022	6	17	0	0	0.0
2022	6	18	0	0	0.0
2022	6	19	0	0	0.0
2022	6	20	0	0	0.0
2022	6	21	0	0	0.0
2022	6	22	0	0	0.69
2022	6	23	0	0	0.53
2022	6	24	0	0	8.98
2022	6	25	0	0	0.0
2022	6	26	0	0	0.0
2022	6	27	0	0	12.89
2022	6	28	0	0	0.0
2022	6	29	0	0	0.0
2022	6	30	0	0	8.74
2022	7	1	0	0	11.5
2022	7	2	0	0	0.0
2022	7	3	0	0	0.0
2022	7	4	0	0	0.0
2022	7	5	0	0	0.0
2022	7	6	0	0	0.0
2022	7	7	0	0	0.51
2022	7	8	0	0	0.0
2022	7	9	0	0	0.0
2022	7	10	0	0	0.0
2022	7	11	0	0	0.0
2022	7	12	0	0	0.0
2022	7	13	0	0	0.0
2022	7	14	0	0	0.0
2022	7	15	0	0	0.0
2022	7	16	0	0	0.0
2022	7	17	0	0	0.0
2022	7	18	0	0	0.0
2022	7	19	0	0	0.0
2022	7	20	0	0	8.05
2022	7	21	0	0	1.6
2022	7	22	0	0	0.0
2022	7	23	0	0	4.86
2022	7	24	0	0	0.0
2022	7	25	0	0	0.99
2022	7	26	0	0	0.26
2022	7	27	0	0	0.0
2022	7	28	0	0	0.0
2022	7	29	0	0	0.0
2022	7	30	0	0	0.0
2022	7	31	0	0	0.0
2022	8	1	0	0	0.0
2022	8	2	0	0	0.0
2022	8	3	0	0	0.0
2022	8	4	0	0	0.0
2022	8	5	0	0	0.64
2022	8	6	0	0	0.0
2022	8	7	0	0	0.0
2022	8	8	0	0	0.0
2022	8	9	0	0	0.0
2022	8	10	0	0	0.0
2022	8	11	0	0	0.0
2022	8	12	0	0	0.0
2022	8	13	0	0	0.0
2022	8	14	0	0	0.0
2022	8	15	0	0	0.78
2022	8	16	0	0	0.0
2022	8	17	0	0	1.01
2022	8	18	0	0	1.65
2022	8	19	0	0	0.0
2022	8	20	0	0	2.63
2022	8	21	0	0	0.0
2022	8	22	0	0	0.0
2022	8	23	0	0	0.0
2022	8	24	0	0	0.0
2022	8	25	0	0	0.0
2022	8	26	0	0	8.94
2022	8	27	0	0	4.64
2022	8	28	0	0	0.0
2022	8	29	0	0	0.0
2022	8	30	0	0	0.0
2022	8	31	0	0	0.0
2022	9	1	0	0	0.0
2022	9	2	0	0	0.0
2022	9	3	0	0	2.02
2022	9	4	0	0	0.0
2022	9	5	0	0	0.0
2022	9	6	0	0	1.45
2022	9	7	0	0	0.0
2022	9	8	0	0	0.95
2022	9	9	0	0	9.68
2022	9	10	0	0	2.02
2022	9	11	0	0	2.46
2022	9	12	0	0	0.0
2022	9	13	0	0	0.0
2022	9	14	0	0	36.43
2022	9	15	0	0	10.14
2022	9	16	0	0	4.0
2022	9	17	0	0	3.91
2022	9	18	0	0	4.37
2022	9	19	0	0	0.93
2022	9	20	0	0	0.24
2022	9	21	0	0	0.0
2022	9	22	0	0	0.0
2022	9	23	0	0	0.0
2022	9	24	0	0	1.05
2022	9	25	0	0	10.21
2022	9	26	0	0	10.18
2022	9	27	0	0	6.77
2022	9	28	0	0	10.2
2022	9	29	0	0	0.0
2022	9	30	0	0	0.0
2022	10	1	0	0	9.14
2022	10	2	0	0	30.89
2022	10	3	0	0	0.0
2022	10	4	0	0	0.0
2022	10	5	0	0	0.0
2022	10	6	0	0	0.0
2022	10	7	0	0	0.0
2022	10	8	0	0	0.0
2022	10	9	0	0	0.0
