YYYY	MM	DD	hh	mm	TA	TA_min	TA_max
2016	1	1	0	0	2.6	0.08600000000000008	4.486
2016	1	2	0	0	3.0	-0.514	1.2859999999999998
2016	1	3	0	0	3.3	-0.514	4.486
2016	1	4	0	0	2.0	-1.514	4.186
2016	1	5	0	0	2.2	0.486	3.7859999999999996
2016	1	6	0	0	2.0	1.1860000000000002	3.9859999999999998
2016	1	7	0	0	2.7	-0.014000000000000012	5.085999999999999
2016	1	8	0	0	1.8	0.986	5.986
2016	1	9	0	0	4.5	0.486	4.886
2016	1	10	0	0	3.2	2.5860000000000003	6.186
2016	1	11	0	0	3.5	0.986	4.886
2016	1	12	0	0	2.7	1.086	4.286
2016	1	13	0	0	1.6	0.6859999999999999	2.5860000000000003
2016	1	14	0	0	-1.3	-1.314	4.186
2016	1	15	0	0	-0.5	-1.814	1.2859999999999998
2016	1	16	0	0	-1.4	-5.114	-0.014000000000000012
2016	1	17	0	0	-4.8	-13.314	-2.614
2016	1	18	0	0	-9.6	-14.213999999999999	-7.314
2016	1	19	0	0	-5.2	-13.014	-6.114
2016	1	20	0	0	-6.6	-10.113999999999999	-4.014
2016	1	21	0	0	-7.2	-11.613999999999999	1.2859999999999998
2016	1	22	0	0	-5.4	-11.814	-3.614
2016	1	23	0	0	0.8	-4.414	2.4859999999999998
2016	1	24	0	0	0.3	-0.914	4.286
2016	1	25	0	0	2.8	2.686	9.986
2016	1	26	0	0	3.1	3.5859999999999994	11.486
2016	1	27	0	0	5.4	6.786	12.386000000000001
2016	1	28	0	0	6.4	4.085999999999999	10.986
2016	1	29	0	0	5.3	2.2859999999999996	6.886
2016	1	30	0	0	4.2	2.0860000000000003	7.7860000000000005
2016	1	31	0	0	3.7	0.08600000000000008	9.686
2016	2	1	0	0	10.0	8.086	10.186
2016	2	2	0	0	8.0	3.5859999999999994	9.486
2016	2	3	0	0	2.6	-1.014	3.886
2016	2	4	0	0	1.1	-0.31400000000000006	2.886
2016	2	5	0	0	3.1	-1.314	6.886
2016	2	6	0	0	2.8	0.786	11.986
2016	2	7	0	0	1.8	3.2859999999999996	7.886
2016	2	8	0	0	6.3	2.7859999999999996	10.786000000000001
2016	2	9	0	0	5.7	1.986	9.786000000000001
2016	2	10	0	0	1.5	-0.21399999999999997	1.886
2016	2	11	0	0	1.1	-0.31400000000000006	2.386
2016	2	12	0	0	1.3	-2.214	5.286
2016	2	13	0	0	3.9	-2.4139999999999997	4.585999999999999
2016	2	14	0	0	4.1	2.5860000000000003	5.886
2016	2	15	0	0	2.3	0.18599999999999994	3.386
2016	2	16	0	0	1.3	-3.114	0.18599999999999994
2016	2	17	0	0	0.2	-3.2140000000000004	-0.014000000000000012
2016	2	18	0	0	1.9	-2.714	6.085999999999999
2016	2	19	0	0	0.6	-2.114	0.786
2016	2	20	0	0	1.0	-1.114	7.486
2016	2	21	0	0	9.7	7.486	9.986
2016	2	22	0	0	10.0	7.386	9.686
2016	2	23	0	0	5.3	-0.714	7.486
2016	2	24	0	0	0.3	-1.6139999999999999	4.386
2016	2	25	0	0	0.4	-4.614	3.686
2016	2	26	0	0	-0.4	-5.014	4.386
2016	2	27	0	0	-0.6	-4.814	6.486
2016	2	28	0	0	2.3	-3.314	3.0859999999999994
2016	2	29	0	0	1.2	-2.114	1.486
2016	3	1	0	0	0.2	-2.714	4.286
2016	3	2	0	0	2.7	0.18599999999999994	6.085999999999999
2016	3	3	0	0	0.8	-0.11399999999999999	3.7859999999999996
2016	3	4	0	0	1.2	-0.514	5.486
2016	3	5	0	0	1.7	0.28600000000000003	4.686
2016	3	6	0	0	1.6	-1.214	2.386
2016	3	7	0	0	0.2	-3.7140000000000004	4.186
2016	3	8	0	0	0.1	-4.314	-0.11399999999999999
2016	3	9	0	0	-0.4	-5.414000000000001	5.786
2016	3	10	0	0	0.9	-6.214	6.786
2016	3	11	0	0	2.7	-2.0140000000000002	8.386000000000001
2016	3	12	0	0	4.4	-1.514	7.585999999999999
2016	3	13	0	0	4.0	-1.014	7.085999999999999
2016	3	14	0	0	2.9	-2.5140000000000002	8.686
2016	3	15	0	0	0.0	-3.114	2.186
2016	3	16	0	0	2.1	-1.514	7.085999999999999
2016	3	17	0	0	2.7	-3.0140000000000002	10.986
2016	3	18	0	0	3.7	-3.314	12.686
2016	3	19	0	0	4.0	-1.214	3.886
2016	3	20	0	0	4.2	1.386	3.7859999999999996
2016	3	21	0	0	4.8	0.6859999999999999	6.386
2016	3	22	0	0	4.3	1.586	9.086
2016	3	23	0	0	3.7	-0.514	6.186
2016	3	24	0	0	3.7	-0.21399999999999997	7.886
2016	3	25	0	0	4.5	2.686	4.886
2016	3	26	0	0	6.7	1.586	12.686
2016	3	27	0	0	4.6	1.386	9.186
2016	3	28	0	0	6.1	0.6859999999999999	13.286000000000001
2016	3	29	0	0	9.3	3.2859999999999996	10.686
2016	3	30	0	0	9.7	4.886	8.686
2016	3	31	0	0	10.5	5.886	17.386
2016	4	1	0	0	7.3	0.986	6.585999999999999
2016	4	2	0	0	8.4	0.18599999999999994	15.386
2016	4	3	0	0	12.5	5.186	19.186
2016	4	4	0	0	12.5	8.686	16.686
2016	4	5	0	0	11.1	6.486	15.986
2016	4	6	0	0	9.5	7.085999999999999	13.786000000000001
2016	4	7	0	0	6.0	0.8859999999999999	9.186
2016	4	8	0	0	6.0	0.28600000000000003	11.086
2016	4	9	0	0	6.3	0.6859999999999999	10.286000000000001
2016	4	10	0	0	8.6	5.186	13.886000000000001
2016	4	11	0	0	8.5	1.086	15.586000000000002
2016	4	12	0	0	10.9	3.0859999999999994	15.586000000000002
2016	4	13	0	0	9.1	3.9859999999999998	12.186
2016	4	14	0	0	7.4	4.386	14.186
2016	4	15	0	0	7.7	6.085999999999999	13.186
2016	4	16	0	0	10.4	7.185999999999999	11.286000000000001
2016	4	17	0	0	8.0	4.886	8.586
2016	4	18	0	0	6.2	2.2859999999999996	11.886000000000001
2016	4	19	0	0	7.5	1.086	12.186
2016	4	20	0	0	8.1	0.786	13.986
2016	4	21	0	0	10.4	1.6860000000000002	18.386
2016	4	22	0	0	11.5	4.486	16.086000000000002
2016	4	23	0	0	8.1	-0.514	8.486
2016	4	24	0	0	3.2	-2.714	5.886
2016	4	25	0	0	2.8	-1.6139999999999999	5.186
2016	4	26	0	0	2.8	-0.714	4.786
2016	4	27	0	0	2.4	-0.41400000000000003	6.186
2016	4	28	0	0	2.3	-2.114	8.186
2016	4	29	0	0	6.0	-1.114	13.586
2016	4	30	0	0	8.5	-0.014000000000000012	16.486
2016	5	1	0	0	8.1	6.085999999999999	16.686
2016	5	2	0	0	11.0	3.686	17.586000000000002
2016	5	3	0	0	8.3	3.2859999999999996	15.486
2016	5	4	0	0	7.8	0.3859999999999999	14.086
2016	5	5	0	0	9.2	1.2859999999999998	17.786
2016	5	6	0	0	12.2	5.486	22.286
2016	5	7	0	0	14.1	7.7860000000000005	24.186
2016	5	8	0	0	14.1	8.686	22.986
2016	5	9	0	0	15.7	8.186	24.186
2016	5	10	0	0	14.6	9.986	19.286
2016	5	11	0	0	14.0	7.585999999999999	21.686
2016	5	12	0	0	11.3	10.286000000000001	17.086000000000002
2016	5	13	0	0	11.6	10.486	18.386
2016	5	14	0	0	10.3	3.2859999999999996	12.886000000000001
2016	5	15	0	0	6.3	1.386	9.886000000000001
2016	5	16	0	0	6.2	3.5859999999999994	9.186
2016	5	17	0	0	9.1	3.7859999999999996	12.486
2016	5	18	0	0	11.5	5.286	18.086000000000002
2016	5	19	0	0	10.0	6.786	15.186
2016	5	20	0	0	11.2	5.886	18.186
2016	5	21	0	0	14.3	7.7860000000000005	22.686
2016	5	22	0	0	17.1	11.286000000000001	26.486
2016	5	23	0	0	9.5	8.986	11.386000000000001
2016	5	24	0	0	9.9	8.286000000000001	10.186
2016	5	25	0	0	13.2	8.286000000000001	15.086000000000002
2016	5	26	0	0	15.4	6.585999999999999	22.586000000000002
2016	5	27	0	0	17.6	10.786000000000001	22.986
2016	5	28	0	0	17.7	12.286000000000001	21.386
2016	5	29	0	0	15.2	12.286000000000001	23.386
2016	5	30	0	0	14.0	11.486	17.886
2016	5	31	0	0	14.2	9.986	20.386
2016	6	1	0	0	15.2	8.786000000000001	15.686
2016	6	2	0	0	15.0	12.386000000000001	15.686
2016	6	3	0	0	15.0	11.186	18.686
2016	6	4	0	0	15.7	12.586	19.886
2016	6	5	0	0	14.9	10.986	23.786
2016	6	6	0	0	16.9	9.886000000000001	25.986
2016	6	7	0	0	17.8	11.986	25.686
2016	6	8	0	0	15.6	12.186	20.686
2016	6	9	0	0	15.0	8.586	19.286
2016	6	10	0	0	16.2	7.386	21.386
2016	6	11	0	0	14.9	11.486	18.186
2016	6	12	0	0	14.8	11.086	18.186
2016	6	13	0	0	13.9	11.486	17.086000000000002
2016	6	14	0	0	13.8	10.786000000000001	17.886
2016	6	15	0	0	13.5	8.586	17.086000000000002
2016	6	16	0	0	12.9	8.086	15.886
2016	6	17	0	0	12.9	9.086	15.886
2016	6	18	0	0	13.6	9.886000000000001	19.486
2016	6	19	0	0	13.3	7.886	17.186
2016	6	20	0	0	14.9	6.386	20.986
2016	6	21	0	0	16.4	12.086	20.386
2016	6	22	0	0	20.7	14.986	26.086000000000002
2016	6	23	0	0	22.8	16.186	31.086000000000002
2016	6	24	0	0	23.3	16.086000000000002	30.286
2016	6	25	0	0	18.5	11.686	23.886
2016	6	26	0	0	15.5	10.286000000000001	20.686
2016	6	27	0	0	16.0	9.586	19.286
2016	6	28	0	0	18.8	12.886000000000001	20.886
2016	6	29	0	0	19.6	13.686	22.286
2016	6	30	0	0	18.8	13.086	22.386
2016	7	1	0	0	19.3	13.386000000000001	24.186
2016	7	2	0	0	15.3	10.286000000000001	18.186
2016	7	3	0	0	15.1	8.886000000000001	18.586000000000002
2016	7	4	0	0	18.0	11.986	22.486
2016	7	5	0	0	18.1	12.486	22.086000000000002
2016	7	6	0	0	16.8	10.286000000000001	20.186
2016	7	7	0	0	17.6	10.186	23.286
2016	7	8	0	0	19.8	11.086	25.486
2016	7	9	0	0	20.3	14.086	24.586000000000002
2016	7	10	0	0	22.1	13.686	29.986
2016	7	11	0	0	22.0	16.686	26.386
2016	7	12	0	0	16.9	14.486	18.386
2016	7	13	0	0	13.5	10.986	18.086000000000002
2016	7	14	0	0	11.9	8.586	17.786
2016	7	15	0	0	12.3	6.786	17.786
2016	7	16	0	0	15.0	6.986	21.586000000000002
2016	7	17	0	0	18.3	11.586	24.686
2016	7	18	0	0	20.7	13.986	26.286
2016	7	19	0	0	21.4	12.686	29.686
2016	7	20	0	0	22.8	15.286000000000001	31.785999999999998
2016	7	21	0	0	21.6	14.586	21.986
2016	7	22	0	0	18.5	13.486	26.986
2016	7	23	0	0	18.8	16.186	24.386
2016	7	24	0	0	19.7	15.986	24.986
2016	7	25	0	0	20.3	15.586000000000002	24.186
2016	7	26	0	0	19.5	16.786	27.186
2016	7	27	0	0	18.7	13.686	24.186
2016	7	28	0	0	18.7	13.486	23.786
2016	7	29	0	0	19.6	15.286000000000001	24.386
2016	7	30	0	0	20.4	13.986	26.186
2016	7	31	0	0	17.6	11.086	22.886
2016	8	1	0	0	15.8	7.986	21.586000000000002
2016	8	2	0	0	16.3	13.186	16.386
2016	8	3	0	0	19.2	14.786000000000001	22.786
2016	8	4	0	0	18.5	13.386000000000001	25.386
2016	8	5	0	0	14.7	11.386000000000001	18.886
2016	8	6	0	0	15.6	10.886000000000001	21.186
2016	8	7	0	0	16.6	10.086	24.286
2016	8	8	0	0	18.8	12.386000000000001	24.986
2016	8	9	0	0	15.0	12.286000000000001	18.986
2016	8	10	0	0	13.8	5.786	16.386
2016	8	11	0	0	13.1	4.585999999999999	17.486
2016	8	12	0	0	14.8	9.986	16.886
2016	8	13	0	0	17.7	12.186	24.686
2016	8	14	0	0	19.7	11.486	25.686
2016	8	15	0	0	19.2	11.686	25.886
2016	8	16	0	0	19.1	11.586	24.986
2016	8	17	0	0	16.5	10.386000000000001	24.186
2016	8	18	0	0	16.3	7.685999999999999	23.586000000000002
2016	8	19	0	0	18.4	11.886000000000001	24.386
2016	8	20	0	0	17.3	11.786000000000001	22.986
2016	8	21	0	0	14.7	10.686	20.586000000000002
2016	8	22	0	0	14.7	9.886000000000001	20.586000000000002
2016	8	23	0	0	17.1	10.986	27.386
2016	8	24	0	0	20.4	12.786000000000001	30.386
2016	8	25	0	0	20.6	13.786000000000001	31.586000000000002
2016	8	26	0	0	22.0	15.686	31.586000000000002
2016	8	27	0	0	22.2	16.386	33.086
2016	8	28	0	0	22.5	18.386	31.586000000000002
2016	8	29	0	0	18.0	12.786000000000001	25.686
2016	8	30	0	0	17.8	11.286000000000001	24.586000000000002
2016	8	31	0	0	18.7	9.586	26.986
2016	9	1	0	0	19.5	13.086	25.086000000000002
2016	9	2	0	0	17.7	10.786000000000001	25.286
2016	9	3	0	0	17.8	12.686	25.786
2016	9	4	0	0	16.5	13.286000000000001	19.986
2016	9	5	0	0	16.0	12.486	18.786
2016	9	6	0	0	14.8	9.386000000000001	24.186
2016	9	7	0	0	15.3	9.886000000000001	26.386
2016	9	8	0	0	17.9	12.986	27.886
2016	9	9	0	0	18.5	11.986	27.586000000000002
2016	9	10	0	0	18.4	12.086	28.586000000000002
2016	9	11	0	0	19.0	12.586	28.686
2016	9	12	0	0	19.0	14.686	30.286
2016	9	13	0	0	19.1	15.586000000000002	31.186000000000003
2016	9	14	0	0	19.1	13.386000000000001	29.986
2016	9	15	0	0	16.9	14.086	27.286
2016	9	16	0	0	15.6	11.086	21.686
2016	9	17	0	0	14.5	11.386000000000001	17.486
2016	9	18	0	0	13.3	12.086	14.186
2016	9	19	0	0	13.3	10.786000000000001	12.886000000000001
2016	9	20	0	0	11.4	9.286000000000001	17.186
2016	9	21	0	0	9.7	6.386	18.186
2016	9	22	0	0	10.0	5.085999999999999	19.886
2016	9	23	0	0	11.3	6.686	18.986
2016	9	24	0	0	11.1	5.986	21.186
2016	9	25	0	0	13.1	8.686	22.986
2016	9	26	0	0	15.8	10.486	15.986
2016	9	27	0	0	14.4	9.786000000000001	18.886
2016	9	28	0	0	13.2	8.086	19.886
2016	9	29	0	0	14.0	9.486	22.186
2016	9	30	0	0	14.2	10.586	19.686
2016	10	1	0	0	13.4	9.886000000000001	17.286
2016	10	2	0	0	11.6	8.386000000000001	16.486
2016	10	3	0	0	10.1	4.085999999999999	10.886000000000001
2016	10	4	0	0	9.7	3.686	12.086
2016	10	5	0	0	6.3	1.986	11.286000000000001
2016	10	6	0	0	5.3	4.786	8.186
2016	10	7	0	0	8.4	3.686	11.086
2016	10	8	0	0	7.7	2.686	8.486
2016	10	9	0	0	6.6	0.986	11.386000000000001
2016	10	10	0	0	5.1	1.7859999999999998	8.886000000000001
2016	10	11	0	0	5.9	1.986	9.886000000000001
2016	10	12	0	0	4.4	0.986	10.986
2016	10	13	0	0	6.0	0.18599999999999994	10.786000000000001
2016	10	14	0	0	6.3	2.4859999999999998	14.386000000000001
2016	10	15	0	0	8.4	5.585999999999999	14.686
2016	10	16	0	0	8.4	5.186	19.386
2016	10	17	0	0	10.3	7.986	15.986
2016	10	18	0	0	10.6	8.886000000000001	13.786000000000001
2016	10	19	0	0	8.6	4.486	9.686
2016	10	20	0	0	6.5	3.4859999999999998	6.486
2016	10	21	0	0	6.3	1.586	6.486
2016	10	22	0	0	4.8	0.5860000000000001	6.386
2016	10	23	0	0	4.3	0.986	11.986
2016	10	24	0	0	10.4	7.7860000000000005	14.986
2016	10	25	0	0	12.1	8.786000000000001	12.586
2016	10	26	0	0	9.8	5.486	10.786000000000001
2016	10	27	0	0	7.1	2.5860000000000003	11.786000000000001
2016	10	28	0	0	4.9	1.6860000000000002	10.386000000000001
2016	10	29	0	0	6.0	2.2859999999999996	12.386000000000001
2016	10	30	0	0	5.1	1.586	12.186
2016	10	31	0	0	5.3	1.086	12.786000000000001
2016	11	1	0	0	5.4	2.186	11.486
2016	11	2	0	0	6.3	0.486	8.486
2016	11	3	0	0	1.4	-0.41400000000000003	6.986
2016	11	4	0	0	1.5	-1.114	7.386
2016	11	5	0	0	7.5	4.386	8.886000000000001
2016	11	6	0	0	3.7	-0.21399999999999997	6.186
2016	11	7	0	0	1.4	-2.114	4.386
2016	11	8	0	0	0.5	-3.2140000000000004	0.8859999999999999
2016	11	9	0	0	1.5	-0.614	4.386
2016	11	10	0	0	4.2	1.2859999999999998	5.085999999999999
2016	11	11	0	0	3.8	-0.8140000000000001	3.7859999999999996
2016	11	12	0	0	0.9	-3.4139999999999997	1.986
2016	11	13	0	0	-0.4	-4.214	3.386
2016	11	14	0	0	-1.5	-6.614	2.686
2016	11	15	0	0	2.3	-3.0140000000000002	4.186
2016	11	16	0	0	6.0	4.186	7.986
2016	11	17	0	0	7.1	7.185999999999999	10.386000000000001
2016	11	18	0	0	7.4	5.486	12.986
2016	11	19	0	0	4.1	1.2859999999999998	5.786
2016	11	20	0	0	1.0	1.2859999999999998	13.586
2016	11	21	0	0	3.7	3.0859999999999994	12.986
2016	11	22	0	0	7.6	4.386	12.386000000000001
2016	11	23	0	0	6.2	2.186	7.486
2016	11	24	0	0	5.1	2.4859999999999998	6.486
2016	11	25	0	0	4.9	5.085999999999999	7.2860000000000005
2016	11	26	0	0	5.3	4.386	5.486
2016	11	27	0	0	5.3	-1.514	5.085999999999999
2016	11	28	0	0	-0.4	-5.914000000000001	0.786
2016	11	29	0	0	-3.1	-7.114	1.6860000000000002
2016	11	30	0	0	-2.6	-7.314	0.786
2016	12	1	0	0	0.6	-1.814	1.386
2016	12	2	0	0	0.8	-1.014	3.686
2016	12	3	0	0	0.6	-5.614	-0.014000000000000012
2016	12	4	0	0	-1.4	-8.814	2.186
2016	12	5	0	0	-1.6	-6.614	-2.4139999999999997
2016	12	6	0	0	-1.7	-5.714	-1.4140000000000001
2016	12	7	0	0	-3.8	-5.214	-1.114
2016	12	8	0	0	-1.4	-5.114	6.585999999999999
2016	12	9	0	0	-0.6	-1.314	5.686
2016	12	10	0	0	-0.3	-0.014000000000000012	7.386
2016	12	11	0	0	0.4	1.7859999999999998	5.186
2016	12	12	0	0	1.3	0.5860000000000001	4.085999999999999
2016	12	13	0	0	-1.7	-1.6139999999999999	4.786
2016	12	14	0	0	0.4	1.7859999999999998	6.386
2016	12	15	0	0	-0.5	0.6859999999999999	5.085999999999999
2016	12	16	0	0	-0.2	-1.814	1.486
2016	12	17	0	0	-1.1	-2.114	0.786
2016	12	18	0	0	1.2	-1.714	0.986
2016	12	19	0	0	0.7	-0.714	1.486
2016	12	20	0	0	-1.3	-3.2140000000000004	0.986
2016	12	21	0	0	-2.2	-4.114	-1.814
2016	12	22	0	0	-1.7	-5.414000000000001	3.2859999999999996
2016	12	23	0	0	2.2	0.5860000000000001	3.386
2016	12	24	0	0	4.2	3.0859999999999994	5.286
2016	12	25	0	0	5.1	4.286	5.986
2016	12	26	0	0	3.9	-0.614	6.186
2016	12	27	0	0	0.1	-1.4140000000000001	1.986
2016	12	28	0	0	-2.2	0.486	3.7859999999999996
2016	12	29	0	0	-2.7	-2.9139999999999997	4.886
2016	12	30	0	0	-2.7	-5.714	3.9859999999999998
2016	12	31	0	0	-3.6	-10.414	-0.11399999999999999
2017	1	1	0	0	-3.3	-11.113999999999999	-1.9140000000000001
2017	1	2	0	0	-2.4	-4.214	-1.4140000000000001
2017	1	3	0	0	-3.5	-3.2140000000000004	-1.6139999999999999
2017	1	4	0	0	-1.3	-2.814	-0.714
2017	1	5	0	0	-3.2	-13.914	-1.6139999999999999
2017	1	6	0	0	-11.2	-16.914	-6.514
2017	1	7	0	0	-12.5	-15.914	-5.814
2017	1	8	0	0	-2.7	-5.914000000000001	-2.5140000000000002
2017	1	9	0	0	-2.1	-2.5140000000000002	-1.714
2017	1	10	0	0	-2.5	-5.414000000000001	-0.714
2017	1	11	0	0	0.1	-2.9139999999999997	1.6860000000000002
2017	1	12	0	0	2.7	0.786	4.286
2017	1	13	0	0	0.6	-2.9139999999999997	4.886
2017	1	14	0	0	-1.2	-2.314	0.18599999999999994
2017	1	15	0	0	-4.2	-6.914000000000001	-1.014
2017	1	16	0	0	-5.6	-9.814	-3.7140000000000004
2017	1	17	0	0	-5.6	-9.014	-2.614
2017	1	18	0	0	-5.5	-10.814	-3.314
2017	1	19	0	0	-8.0	-12.414	-4.414
2017	1	20	0	0	-9.3	-10.914	-1.714
2017	1	21	0	0	-9.7	-10.414	0.08600000000000008
2017	1	22	0	0	-12.2	-13.213999999999999	-2.0140000000000002
2017	1	23	0	0	-10.7	-15.014	-5.514
2017	1	24	0	0	-10.0	-10.613999999999999	-7.014
2017	1	25	0	0	-8.2	-9.613999999999999	-4.714
2017	1	26	0	0	-5.8	-6.314	0.3859999999999999
2017	1	27	0	0	-6.2	-8.613999999999999	0.8859999999999999
2017	1	28	0	0	-5.7	-10.613999999999999	1.086
2017	1	29	0	0	-3.7	-7.414000000000001	6.186
2017	1	30	0	0	-1.0	-0.41400000000000003	4.886
2017	1	31	0	0	3.9	-0.514	4.286
2017	2	1	0	0	1.2	-1.814	5.386
2017	2	2	0	0	1.2	0.5860000000000001	8.686
2017	2	3	0	0	1.9	1.7859999999999998	7.7860000000000005
2017	2	4	0	0	2.0	-0.514	6.786
2017	2	5	0	0	1.7	-1.114	7.185999999999999
2017	2	6	0	0	2.6	-1.6139999999999999	6.986
2017	2	7	0	0	0.9	-2.0140000000000002	6.786
2017	2	8	0	0	0.9	-3.314	4.986
2017	2	9	0	0	-1.6	-5.014	-0.514
2017	2	10	0	0	-1.0	-4.614	-1.4140000000000001
2017	2	11	0	0	-0.8	-4.214	6.386
2017	2	12	0	0	-1.1	-2.714	-0.11399999999999999
2017	2	13	0	0	-0.9	-2.714	7.085999999999999
2017	2	14	0	0	-1.2	-4.214	9.486
2017	2	15	0	0	1.0	-3.2140000000000004	9.386000000000001
2017	2	16	0	0	2.9	-0.8140000000000001	12.786000000000001
2017	2	17	0	0	3.4	2.686	8.186
2017	2	18	0	0	1.9	-1.714	6.286
2017	2	19	0	0	1.4	-2.714	4.686
2017	2	20	0	0	4.9	3.386	6.386
2017	2	21	0	0	8.0	5.686	8.386000000000001
2017	2	22	0	0	8.2	6.486	8.086
2017	2	23	0	0	10.4	4.686	15.086000000000002
2017	2	24	0	0	3.6	-2.614	5.786
2017	2	25	0	0	0.8	-3.4139999999999997	8.086
2017	2	26	0	0	2.3	-0.41400000000000003	10.286000000000001
2017	2	27	0	0	4.7	2.186	13.886000000000001
2017	2	28	0	0	3.1	1.386	7.085999999999999
2017	3	1	0	0	3.8	1.2859999999999998	6.886
2017	3	2	0	0	6.0	0.6859999999999999	8.186
2017	3	3	0	0	3.6	-0.014000000000000012	9.586
2017	3	4	0	0	6.5	-0.614	15.786000000000001
2017	3	5	0	0	5.1	2.9859999999999998	10.086
2017	3	6	0	0	3.4	2.2859999999999996	7.085999999999999
2017	3	7	0	0	3.2	1.7859999999999998	7.7860000000000005
2017	3	8	0	0	3.8	-0.31400000000000006	7.386
2017	3	9	0	0	8.6	5.585999999999999	10.986
2017	3	10	0	0	6.1	0.18599999999999994	8.086
2017	3	11	0	0	3.9	-1.814	11.586
2017	3	12	0	0	5.1	-0.41400000000000003	11.986
2017	3	13	0	0	4.6	-1.9140000000000001	10.086
2017	3	14	0	0	5.8	-1.214	12.086
2017	3	15	0	0	6.4	1.486	11.486
2017	3	16	0	0	6.4	1.086	16.286
2017	3	17	0	0	8.9	1.886	15.086000000000002
2017	3	18	0	0	8.0	4.585999999999999	7.886
2017	3	19	0	0	10.6	7.585999999999999	10.386000000000001
2017	3	20	0	0	10.6	7.585999999999999	11.386000000000001
2017	3	21	0	0	8.5	2.7859999999999996	9.886000000000001
2017	3	22	0	0	4.9	2.2859999999999996	5.986
2017	3	23	0	0	9.0	3.5859999999999994	11.086
2017	3	24	0	0	7.3	2.2859999999999996	9.586
2017	3	25	0	0	8.8	0.28600000000000003	14.286000000000001
2017	3	26	0	0	7.3	1.586	13.186
2017	3	27	0	0	6.3	0.28600000000000003	17.386
2017	3	28	0	0	8.8	1.886	18.286
2017	3	29	0	0	10.1	6.486	16.786
2017	3	30	0	0	9.6	3.886	18.786
2017	3	31	0	0	11.0	7.685999999999999	22.086000000000002
2017	4	1	0	0	10.7	4.786	19.286
2017	4	2	0	0	11.2	6.585999999999999	15.186
2017	4	3	0	0	11.1	5.585999999999999	16.286
2017	4	4	0	0	9.0	2.9859999999999998	14.686
2017	4	5	0	0	8.4	0.486	13.386000000000001
2017	4	6	0	0	6.2	0.28600000000000003	9.886000000000001
2017	4	7	0	0	6.5	0.486	11.386000000000001
2017	4	8	0	0	8.7	1.986	15.586000000000002
2017	4	9	0	0	11.7	0.986	19.686
2017	4	10	0	0	13.5	5.085999999999999	21.386
2017	4	11	0	0	8.9	1.2859999999999998	12.286000000000001
2017	4	12	0	0	10.2	1.2859999999999998	15.286000000000001
2017	4	13	0	0	10.9	4.686	12.086
2017	4	14	0	0	8.7	4.486	13.286000000000001
2017	4	15	0	0	9.1	3.9859999999999998	12.586
2017	4	16	0	0	6.3	3.0859999999999994	8.986
2017	4	17	0	0	5.1	1.486	6.186
2017	4	18	0	0	1.9	-0.714	7.085999999999999
2017	4	19	0	0	0.9	-4.314	5.085999999999999
2017	4	20	0	0	1.0	-4.814	7.886
2017	4	21	0	0	3.8	-1.9140000000000001	12.786000000000001
2017	4	22	0	0	5.2	3.4859999999999998	9.786000000000001
2017	4	23	0	0	5.0	-2.114	8.186
2017	4	24	0	0	7.6	-2.5140000000000002	14.386000000000001
2017	4	25	0	0	8.3	3.386	12.186
2017	4	26	0	0	1.6	1.486	6.085999999999999
2017	4	27	0	0	2.8	0.986	7.386
2017	4	28	0	0	3.5	2.0860000000000003	10.786000000000001
2017	4	29	0	0	5.9	1.986	13.186
2017	4	30	0	0	7.6	-1.014	16.686
2017	5	1	0	0	5.1	2.9859999999999998	7.7860000000000005
2017	5	2	0	0	8.4	4.686	9.486
2017	5	3	0	0	9.2	4.786	12.186
2017	5	4	0	0	7.5	4.986	13.786000000000001
2017	5	5	0	0	9.3	5.585999999999999	13.786000000000001
2017	5	6	0	0	9.5	4.085999999999999	20.086000000000002
2017	5	7	0	0	10.2	9.586	12.086
2017	5	8	0	0	9.1	5.386	10.286000000000001
2017	5	9	0	0	7.1	1.1860000000000002	11.186
2017	5	10	0	0	9.3	0.486	17.086000000000002
2017	5	11	0	0	13.2	5.486	21.786
2017	5	12	0	0	13.7	10.686	19.486
2017	5	13	0	0	13.5	9.886000000000001	20.586000000000002
2017	5	14	0	0	13.6	8.986	20.686
2017	5	15	0	0	13.2	7.7860000000000005	19.686
2017	5	16	0	0	14.6	6.986	23.086000000000002
2017	5	17	0	0	17.5	9.386000000000001	25.686
2017	5	18	0	0	16.8	11.986	23.286
2017	5	19	0	0	11.3	6.286	17.386
2017	5	20	0	0	9.3	3.2859999999999996	15.686
2017	5	21	0	0	11.8	3.2859999999999996	19.786
2017	5	22	0	0	14.9	9.086	20.586000000000002
2017	5	23	0	0	16.8	8.486	23.186
2017	5	24	0	0	16.9	8.486	17.186
2017	5	25	0	0	15.6	6.986	20.186
2017	5	26	0	0	15.9	8.286000000000001	23.286
2017	5	27	0	0	18.4	10.686	26.486
2017	5	28	0	0	20.2	12.986	28.486
2017	5	29	0	0	21.4	14.886000000000001	30.286
2017	5	30	0	0	21.6	14.186	27.086000000000002
2017	5	31	0	0	19.9	10.786000000000001	22.686
2017	6	1	0	0	19.4	9.486	24.086000000000002
2017	6	2	0	0	17.4	10.486	26.786
2017	6	3	0	0	19.2	13.486	26.586000000000002
2017	6	4	0	0	16.9	8.486	17.686
2017	6	5	0	0	14.3	8.386000000000001	17.186
2017	6	6	0	0	12.9	7.986	19.386
2017	6	7	0	0	11.0	7.486	15.586000000000002
2017	6	8	0	0	13.2	5.886	21.586000000000002
2017	6	9	0	0	15.1	9.186	23.286
2017	6	10	0	0	16.5	9.186	21.286
2017	6	11	0	0	19.7	10.286000000000001	28.086000000000002
2017	6	12	0	0	20.1	10.486	23.586000000000002
2017	6	13	0	0	18.0	7.386	21.986
2017	6	14	0	0	18.3	9.186	24.486
2017	6	15	0	0	20.0	10.686	27.686
2017	6	16	0	0	18.0	11.886000000000001	22.486
2017	6	17	0	0	16.1	7.7860000000000005	18.886
2017	6	18	0	0	18.1	12.486	24.986
2017	6	19	0	0	20.0	10.386000000000001	28.686
2017	6	20	0	0	22.0	12.786000000000001	31.186000000000003
2017	6	21	0	0	21.5	16.086000000000002	30.386
2017	6	22	0	0	22.8	16.586000000000002	32.285999999999994
2017	6	23	0	0	23.2	14.386000000000001	27.286
2017	6	24	0	0	19.8	12.486	24.786
2017	6	25	0	0	18.2	12.886000000000001	24.586000000000002
2017	6	26	0	0	20.8	16.486	27.486
2017	6	27	0	0	20.2	15.886	25.686
2017	6	28	0	0	18.9	15.286000000000001	23.986
2017	6	29	0	0	16.0	12.086	20.586000000000002
2017	6	30	0	0	15.8	11.886000000000001	21.186
2017	7	1	0	0	15.2	12.486	17.186
2017	7	2	0	0	14.8	12.486	19.986
2017	7	3	0	0	16.7	12.586	21.586000000000002
2017	7	4	0	0	18.3	11.886000000000001	24.086000000000002
2017	7	5	0	0	20.0	13.786000000000001	27.286
2017	7	6	0	0	21.5	13.086	30.886
2017	7	7	0	0	20.9	15.786000000000001	28.086000000000002
2017	7	8	0	0	21.2	14.986	29.286
2017	7	9	0	0	20.4	14.686	28.186
2017	7	10	0	0	19.1	16.586000000000002	23.386
2017	7	11	0	0	17.6	14.886000000000001	21.686
2017	7	12	0	0	18.5	10.986	19.986
2017	7	13	0	0	16.8	6.585999999999999	20.086000000000002
2017	7	14	0	0	15.9	11.086	20.586000000000002
2017	7	15	0	0	15.1	9.186	17.686
2017	7	16	0	0	15.9	10.286000000000001	22.786
2017	7	17	0	0	18.9	12.986	25.386
2017	7	18	0	0	20.7	15.086000000000002	28.886
2017	7	19	0	0	21.3	15.286000000000001	31.686000000000003
2017	7	20	0	0	18.3	15.086000000000002	22.786
2017	7	21	0	0	20.0	13.086	26.586000000000002
2017	7	22	0	0	20.4	14.286000000000001	25.286
2017	7	23	0	0	17.7	12.986	20.686
2017	7	24	0	0	14.3	10.486	17.686
2017	7	25	0	0	13.2	10.786000000000001	12.786000000000001
2017	7	26	0	0	13.7	10.686	15.286000000000001
2017	7	27	0	0	14.9	10.186	19.486
2017	7	28	0	0	17.0	12.786000000000001	20.786
2017	7	29	0	0	19.0	12.786000000000001	25.486
2017	7	30	0	0	21.2	16.686	27.086000000000002
2017	7	31	0	0	20.9	15.886	25.986
2017	8	1	0	0	21.8	16.286	29.086000000000002
2017	8	2	0	0	22.3	17.386	26.086000000000002
2017	8	3	0	0	22.3	16.986	25.386
2017	8	4	0	0	22.1	13.886000000000001	23.086000000000002
2017	8	5	0	0	21.2	12.186	24.786
2017	8	6	0	0	16.7	10.386000000000001	21.486
2017	8	7	0	0	17.0	9.586	24.486
2017	8	8	0	0	15.7	11.286000000000001	22.286
2017	8	9	0	0	17.1	11.786000000000001	21.486
2017	8	10	0	0	12.6	11.386000000000001	13.986
2017	8	11	0	0	12.4	10.886000000000001	13.186
2017	8	12	0	0	14.7	9.886000000000001	16.886
2017	8	13	0	0	17.7	12.886000000000001	19.986
2017	8	14	0	0	19.2	12.886000000000001	25.786
2017	8	15	0	0	20.1	15.086000000000002	27.586000000000002
2017	8	16	0	0	19.9	14.886000000000001	24.186
2017	8	17	0	0	20.3	14.286000000000001	25.286
2017	8	18	0	0	19.5	14.286000000000001	27.186
2017	8	19	0	0	15.4	10.286000000000001	19.586000000000002
2017	8	20	0	0	13.8	7.585999999999999	18.586000000000002
2017	8	21	0	0	13.9	7.7860000000000005	19.386
2017	8	22	0	0	14.8	8.586	22.086000000000002
2017	8	23	0	0	17.7	10.186	25.286
2017	8	24	0	0	19.1	13.286000000000001	24.686
2017	8	25	0	0	19.6	13.186	27.186
2017	8	26	0	0	21.0	15.086000000000002	27.586000000000002
2017	8	27	0	0	19.0	15.286000000000001	25.186
2017	8	28	0	0	19.4	13.886000000000001	25.886
2017	8	29	0	0	19.7	12.586	27.986
2017	8	30	0	0	21.0	16.986	28.786
2017	8	31	0	0	16.0	12.986	18.586000000000002
2017	9	1	0	0	13.1	8.586	16.086000000000002
2017	9	2	0	0	12.2	6.585999999999999	16.486
2017	9	3	0	0	10.8	5.486	16.686
2017	9	4	0	0	12.3	7.2860000000000005	19.886
2017	9	5	0	0	16.7	12.386000000000001	22.786
2017	9	6	0	0	16.4	10.686	20.386
2017	9	7	0	0	12.9	9.986	16.386
2017	9	8	0	0	12.0	9.386000000000001	17.086000000000002
2017	9	9	0	0	10.3	10.986	15.086000000000002
2017	9	10	0	0	11.3	9.786000000000001	16.586000000000002
2017	9	11	0	0	11.1	9.086	15.286000000000001
2017	9	12	0	0	10.8	9.786000000000001	15.086000000000002
2017	9	13	0	0	12.8	9.686	17.586000000000002
2017	9	14	0	0	11.6	8.486	12.186
2017	9	15	0	0	10.1	6.186	15.286000000000001
2017	9	16	0	0	8.0	3.686	14.186
2017	9	17	0	0	8.5	4.286	14.386000000000001
2017	9	18	0	0	9.4	7.085999999999999	12.986
2017	9	19	0	0	9.5	6.186	13.086
2017	9	20	0	0	9.5	6.286	13.286000000000001
2017	9	21	0	0	8.4	4.585999999999999	17.186
2017	9	22	0	0	10.6	6.286	18.086000000000002
2017	9	23	0	0	11.6	7.585999999999999	18.486
2017	9	24	0	0	12.6	6.585999999999999	16.886
2017	9	25	0	0	11.0	4.886	18.086000000000002
2017	9	26	0	0	11.7	7.185999999999999	18.786
2017	9	27	0	0	12.5	6.786	19.286
2017	9	28	0	0	13.1	10.786000000000001	20.986
2017	9	29	0	0	14.2	13.386000000000001	19.786
2017	9	30	0	0	14.0	10.286000000000001	22.286
2017	10	1	0	0	10.8	7.085999999999999	14.986
2017	10	2	0	0	11.9	7.986	14.586
2017	10	3	0	0	11.9	5.986	13.886000000000001
2017	10	4	0	0	8.7	5.286	13.286000000000001
2017	10	5	0	0	12.4	4.986	15.986
2017	10	6	0	0	7.6	4.585999999999999	9.386000000000001
2017	10	7	0	0	8.7	6.286	10.186
2017	10	8	0	0	9.3	6.886	11.286000000000001
2017	10	9	0	0	9.5	7.085999999999999	12.086
2017	10	10	0	0	9.6	8.486	11.186
2017	10	11	0	0	11.2	8.486	14.686
2017	10	12	0	0	10.6	8.486	14.886000000000001
2017	10	13	0	0	10.2	9.086	17.786
2017	10	14	0	0	10.6	7.486	19.986
2017	10	15	0	0	11.2	8.186	21.686
2017	10	16	0	0	11.8	9.786000000000001	22.386
2017	10	17	0	0	11.0	9.186	21.786
2017	10	18	0	0	9.8	6.386	19.086000000000002
2017	10	19	0	0	9.7	8.286000000000001	20.286
2017	10	20	0	0	11.9	10.286000000000001	17.086000000000002
2017	10	21	0	0	13.9	8.186	17.586000000000002
2017	10	22	0	0	8.6	6.286	10.386000000000001
2017	10	23	0	0	7.3	5.585999999999999	9.186
2017	10	24	0	0	9.5	7.886	11.786000000000001
2017	10	25	0	0	9.7	6.786	14.686
2017	10	26	0	0	11.1	5.585999999999999	14.186
2017	10	27	0	0	8.7	5.286	11.386000000000001
2017	10	28	0	0	5.6	3.186	7.585999999999999
2017	10	29	0	0	6.5	1.7859999999999998	10.686
2017	10	30	0	0	2.8	-0.11399999999999999	7.886
2017	10	31	0	0	1.4	-1.4140000000000001	8.186
2017	11	1	0	0	4.9	3.9859999999999998	10.686
2017	11	2	0	0	7.6	4.585999999999999	11.086
2017	11	3	0	0	7.4	4.786	11.186
2017	11	4	0	0	7.2	4.085999999999999	13.486
2017	11	5	0	0	6.3	3.4859999999999998	10.386000000000001
2017	11	6	0	0	3.9	2.4859999999999998	5.486
2017	11	7	0	0	5.0	2.4859999999999998	7.085999999999999
2017	11	8	0	0	5.0	4.585999999999999	5.986
2017	11	9	0	0	5.2	4.186	5.085999999999999
2017	11	10	0	0	4.5	2.686	4.886
2017	11	11	0	0	5.9	1.2859999999999998	6.886
2017	11	12	0	0	5.1	-0.714	4.386
2017	11	13	0	0	2.4	-3.314	5.085999999999999
2017	11	14	0	0	-0.1	-4.114	1.7859999999999998
2017	11	15	0	0	-1.0	-2.5140000000000002	4.286
2017	11	16	0	0	-0.5	-0.41400000000000003	0.786
2017	11	17	0	0	1.4	-0.514	2.9859999999999998
2017	11	18	0	0	2.9	1.7859999999999998	3.9859999999999998
2017	11	19	0	0	1.7	0.5860000000000001	4.186
2017	11	20	0	0	1.1	0.486	4.085999999999999
2017	11	21	0	0	4.5	3.9859999999999998	5.986
2017	11	22	0	0	3.5	3.0859999999999994	11.086
2017	11	23	0	0	2.7	3.2859999999999996	14.286000000000001
2017	11	24	0	0	6.3	6.886	13.686
2017	11	25	0	0	4.6	0.28600000000000003	8.486
2017	11	26	0	0	0.1	-0.514	1.6860000000000002
2017	11	27	0	0	1.6	0.08600000000000008	2.9859999999999998
2017	11	28	0	0	2.3	1.2859999999999998	3.0859999999999994
2017	11	29	0	0	1.3	-1.314	1.7859999999999998
2017	11	30	0	0	-0.4	-1.4140000000000001	-0.31400000000000006
2017	12	1	0	0	-1.0	-4.514	0.28600000000000003
2017	12	2	0	0	-1.4	-5.114	-2.114
2017	12	3	0	0	-1.8	-4.814	-2.5140000000000002
2017	12	4	0	0	-0.2	-2.5140000000000002	-0.11399999999999999
2017	12	5	0	0	0.2	-0.21399999999999997	1.7859999999999998
2017	12	6	0	0	-0.5	0.986	2.186
2017	12	7	0	0	-0.6	-2.5140000000000002	5.886
2017	12	8	0	0	1.9	-2.314	4.886
2017	12	9	0	0	-3.5	-3.5140000000000002	-1.714
2017	12	10	0	0	-1.8	-4.514	5.786
2017	12	11	0	0	2.5	2.9859999999999998	5.686
2017	12	12	0	0	0.9	-1.014	5.686
2017	12	13	0	0	-0.5	-1.214	4.085999999999999
2017	12	14	0	0	2.6	1.386	4.886
2017	12	15	0	0	1.0	-0.41400000000000003	3.386
2017	12	16	0	0	-0.9	-1.014	1.7859999999999998
2017	12	17	0	0	-0.7	-0.8140000000000001	-0.21399999999999997
2017	12	18	0	0	-0.9	-2.714	0.18599999999999994
2017	12	19	0	0	-0.1	-1.9140000000000001	0.18599999999999994
2017	12	20	0	0	0.7	-0.514	1.6860000000000002
2017	12	21	0	0	1.5	1.6860000000000002	4.085999999999999
2017	12	22	0	0	3.5	4.085999999999999	5.486
2017	12	23	0	0	3.8	4.686	5.786
2017	12	24	0	0	2.3	3.0859999999999994	4.786
2017	12	25	0	0	-0.3	-1.9140000000000001	3.0859999999999994
2017	12	26	0	0	0.8	-1.114	9.886000000000001
2017	12	27	0	0	0.3	0.18599999999999994	3.886
2017	12	28	0	0	-0.1	-2.0140000000000002	1.386
2017	12	29	0	0	-2.3	-2.0140000000000002	1.2859999999999998
2017	12	30	0	0	3.4	0.3859999999999999	9.986
2017	12	31	0	0	7.6	6.186	11.086
2018	1	1	0	0	4.6	3.9859999999999998	8.986
2018	1	2	0	0	3.4	2.2859999999999996	4.386
2018	1	3	0	0	5.5	2.9859999999999998	9.286000000000001
2018	1	4	0	0	6.5	3.4859999999999998	10.386000000000001
2018	1	5	0	0	7.5	5.486	8.586
2018	1	6	0	0	6.3	3.4859999999999998	7.2860000000000005
2018	1	7	0	0	3.7	2.686	4.585999999999999
2018	1	8	0	0	4.8	3.2859999999999996	4.786
2018	1	9	0	0	4.0	1.386	8.086
2018	1	10	0	0	2.4	2.2859999999999996	9.486
2018	1	11	0	0	1.6	-1.114	3.386
2018	1	12	0	0	1.8	0.986	2.9859999999999998
2018	1	13	0	0	2.1	-0.014000000000000012	3.186
2018	1	14	0	0	0.1	-3.114	3.386
2018	1	15	0	0	0.7	-3.4139999999999997	4.286
2018	1	16	0	0	4.5	1.886	5.686
2018	1	17	0	0	0.7	-1.4140000000000001	2.2859999999999996
2018	1	18	0	0	2.6	-0.014000000000000012	6.886
2018	1	19	0	0	2.9	-0.514	4.085999999999999
2018	1	20	0	0	0.9	-0.914	0.786
2018	1	21	0	0	1.0	-1.814	0.986
2018	1	22	0	0	3.5	-1.514	3.9859999999999998
2018	1	23	0	0	3.7	2.2859999999999996	5.486
2018	1	24	0	0	5.0	4.886	10.886000000000001
2018	1	25	0	0	3.8	5.786	10.786000000000001
2018	1	26	0	0	4.7	3.5859999999999994	7.685999999999999
2018	1	27	0	0	5.5	0.08600000000000008	3.7859999999999996
2018	1	28	0	0	5.8	3.186	5.686
2018	1	29	0	0	5.6	4.986	6.585999999999999
2018	1	30	0	0	5.9	0.986	7.085999999999999
2018	1	31	0	0	4.9	3.7859999999999996	7.685999999999999
2018	2	1	0	0	2.5	-0.614	4.085999999999999
2018	2	2	0	0	0.3	-0.8140000000000001	1.086
2018	2	3	0	0	0.4	-1.314	0.8859999999999999
2018	2	4	0	0	-0.5	-4.314	0.28600000000000003
2018	2	5	0	0	-1.2	-7.314	-0.014000000000000012
2018	2	6	0	0	-1.2	-7.614	1.2859999999999998
2018	2	7	0	0	-1.6	-7.314	-0.8140000000000001
2018	2	8	0	0	-1.1	-7.214	0.786
2018	2	9	0	0	-0.6	-5.514	-0.8140000000000001
2018	2	10	0	0	0.2	-2.114	0.08600000000000008
2018	2	11	0	0	0.6	-1.314	1.586
2018	2	12	0	0	-0.7	-4.914	1.486
2018	2	13	0	0	-5.3	-6.614	1.7859999999999998
2018	2	14	0	0	-4.1	-8.613999999999999	2.386
2018	2	15	0	0	-1.5	-3.0140000000000002	2.2859999999999996
2018	2	16	0	0	2.6	-2.4139999999999997	6.486
2018	2	17	0	0	-0.3	-4.014	-0.8140000000000001
2018	2	18	0	0	-1.1	-9.613999999999999	1.486
2018	2	19	0	0	-1.8	-6.514	-1.714
2018	2	20	0	0	-2.6	-5.214	-0.8140000000000001
2018	2	21	0	0	-3.5	-6.414000000000001	1.486
2018	2	22	0	0	-3.6	-6.214	0.6859999999999999
2018	2	23	0	0	-3.4	-7.314	0.486
2018	2	24	0	0	-3.5	-8.314	2.186
2018	2	25	0	0	-8.4	-10.514	-2.714
2018	2	26	0	0	-11.7	-13.213999999999999	-5.114
2018	2	27	0	0	-12.3	-14.213999999999999	-6.314
2018	2	28	0	0	-11.8	-13.713999999999999	-4.814
2018	3	1	0	0	-8.2	-11.213999999999999	-1.6139999999999999
2018	3	2	0	0	-4.8	-9.613999999999999	-1.514
2018	3	3	0	0	-1.3	-4.114	5.286
2018	3	4	0	0	1.7	-1.114	9.686
2018	3	5	0	0	3.3	-0.714	10.886000000000001
2018	3	6	0	0	1.9	-3.314	6.085999999999999
2018	3	7	0	0	4.1	2.886	7.386
2018	3	8	0	0	4.1	1.886	10.186
2018	3	9	0	0	6.3	0.986	7.2860000000000005
2018	3	10	0	0	7.0	4.585999999999999	11.786000000000001
2018	3	11	0	0	6.4	5.286	16.286
2018	3	12	0	0	7.9	7.085999999999999	11.286000000000001
2018	3	13	0	0	5.7	2.5860000000000003	7.185999999999999
2018	3	14	0	0	6.1	0.08600000000000008	7.085999999999999
2018	3	15	0	0	4.0	-0.21399999999999997	11.886000000000001
2018	3	16	0	0	4.5	1.086	7.486
2018	3	17	0	0	1.0	-5.514	1.086
2018	3	18	0	0	-3.2	-6.314	-2.114
2018	3	19	0	0	-3.3	-7.114	-1.114
2018	3	20	0	0	-2.0	-10.113999999999999	-1.014
2018	3	21	0	0	-0.9	-10.014	2.9859999999999998
2018	3	22	0	0	-1.5	-6.214	0.6859999999999999
2018	3	23	0	0	2.3	-0.714	3.886
2018	3	24	0	0	2.4	-1.714	8.986
2018	3	25	0	0	4.8	-3.114	11.286000000000001
2018	3	26	0	0	5.1	1.2859999999999998	7.2860000000000005
2018	3	27	0	0	5.4	0.6859999999999999	8.586
2018	3	28	0	0	8.0	3.9859999999999998	9.886000000000001
2018	3	29	0	0	4.5	-0.21399999999999997	7.986
2018	3	30	0	0	5.1	-1.314	13.286000000000001
2018	3	31	0	0	5.1	3.386	10.186
2018	4	1	0	0	4.4	3.186	6.886
2018	4	2	0	0	5.9	-0.014000000000000012	13.186
2018	4	3	0	0	11.0	6.585999999999999	19.886
2018	4	4	0	0	8.9	7.685999999999999	20.786
2018	4	5	0	0	6.7	-0.714	10.686
2018	4	6	0	0	6.0	-1.814	13.686
2018	4	7	0	0	10.0	3.886	20.786
2018	4	8	0	0	11.8	6.686	20.786
2018	4	9	0	0	10.9	6.486	20.686
2018	4	10	0	0	10.5	6.486	19.186
2018	4	11	0	0	10.3	5.286	16.486
2018	4	12	0	0	12.4	6.986	19.086000000000002
2018	4	13	0	0	8.2	4.886	8.986
2018	4	14	0	0	9.6	4.786	18.086000000000002
2018	4	15	0	0	11.0	4.986	18.686
2018	4	16	0	0	11.9	7.685999999999999	18.086000000000002
2018	4	17	0	0	12.1	4.786	20.986
2018	4	18	0	0	13.6	6.486	22.886
2018	4	19	0	0	15.9	9.786000000000001	24.786
2018	4	20	0	0	15.1	7.585999999999999	26.286
2018	4	21	0	0	16.0	8.686	24.786
2018	4	22	0	0	16.3	10.486	25.286
2018	4	23	0	0	14.4	11.286000000000001	18.286
2018	4	24	0	0	14.6	9.186	18.286
2018	4	25	0	0	14.2	8.686	18.886
2018	4	26	0	0	10.4	2.9859999999999998	13.586
2018	4	27	0	0	12.2	1.386	19.686
2018	4	28	0	0	13.3	8.086	17.786
2018	4	29	0	0	16.5	8.686	25.486
2018	4	30	0	0	12.2	8.486	17.686
2018	5	1	0	0	9.7	2.0860000000000003	11.786000000000001
2018	5	2	0	0	11.5	1.886	14.786000000000001
2018	5	3	0	0	12.9	6.186	17.086000000000002
2018	5	4	0	0	15.8	7.7860000000000005	20.586000000000002
2018	5	5	0	0	16.8	6.486	22.686
2018	5	6	0	0	16.6	7.2860000000000005	22.786
2018	5	7	0	0	15.5	7.085999999999999	23.886
2018	5	8	0	0	15.5	8.386000000000001	24.886
2018	5	9	0	0	14.0	8.286000000000001	24.486
2018	5	10	0	0	11.5	9.386000000000001	18.786
2018	5	11	0	0	12.3	7.386	18.986
2018	5	12	0	0	15.6	7.886	25.586000000000002
2018	5	13	0	0	14.7	10.686	20.886
2018	5	14	0	0	12.4	9.586	20.086000000000002
2018	5	15	0	0	11.8	7.986	19.786
2018	5	16	0	0	10.8	9.186	16.386
2018	5	17	0	0	11.4	6.686	16.686
2018	5	18	0	0	13.4	4.486	17.486
2018	5	19	0	0	12.4	4.486	18.586000000000002
2018	5	20	0	0	13.5	10.386000000000001	17.586000000000002
2018	5	21	0	0	15.1	9.986	23.786
2018	5	22	0	0	14.9	9.786000000000001	23.386
2018	5	23	0	0	16.3	11.986	22.486
2018	5	24	0	0	16.3	11.686	20.886
2018	5	25	0	0	16.9	9.986	24.186
2018	5	26	0	0	18.6	11.786000000000001	25.686
2018	5	27	0	0	18.3	13.286000000000001	26.786
2018	5	28	0	0	19.3	13.686	28.886
2018	5	29	0	0	18.4	13.886000000000001	23.986
2018	5	30	0	0	19.5	12.186	26.886
2018	5	31	0	0	18.5	15.086000000000002	28.286
2018	6	1	0	0	17.6	14.286000000000001	23.586000000000002
2018	6	2	0	0	17.4	13.186	24.086000000000002
2018	6	3	0	0	19.2	11.386000000000001	26.186
2018	6	4	0	0	20.3	13.586	28.186
2018	6	5	0	0	19.7	14.286000000000001	28.086000000000002
2018	6	6	0	0	19.7	13.286000000000001	28.786
2018	6	7	0	0	18.4	14.386000000000001	25.486
2018	6	8	0	0	17.7	14.186	27.386
2018	6	9	0	0	19.2	13.686	27.286
2018	6	10	0	0	19.5	14.286000000000001	26.286
2018	6	11	0	0	19.3	15.486	25.886
2018	6	12	0	0	16.7	12.786000000000001	18.786
2018	6	13	0	0	12.9	11.286000000000001	14.886000000000001
2018	6	14	0	0	13.9	9.586	19.486
2018	6	15	0	0	15.4	9.886000000000001	21.486
2018	6	16	0	0	17.0	9.086	23.886
2018	6	17	0	0	17.4	12.686	21.286
2018	6	18	0	0	18.0	11.586	22.086000000000002
2018	6	19	0	0	18.7	11.886000000000001	24.486
2018	6	20	0	0	20.8	12.486	28.986
2018	6	21	0	0	19.8	8.086	24.086000000000002
2018	6	22	0	0	12.3	6.085999999999999	16.086000000000002
2018	6	23	0	0	12.9	4.585999999999999	18.286
2018	6	24	0	0	14.5	5.186	19.186
2018	6	25	0	0	15.4	11.186	21.686
2018	6	26	0	0	15.4	10.486	20.186
2018	6	27	0	0	16.8	10.086	24.286
2018	6	28	0	0	15.0	9.986	23.386
2018	6	29	0	0	18.5	14.686	28.186
2018	6	30	0	0	20.3	12.086	27.086000000000002
2018	7	1	0	0	18.1	9.686	25.386
2018	7	2	0	0	18.5	9.886000000000001	26.086000000000002
2018	7	3	0	0	18.2	9.586	28.786
2018	7	4	0	0	18.4	14.186	28.186
2018	7	5	0	0	16.5	12.986	23.386
2018	7	6	0	0	17.1	12.786000000000001	24.986
2018	7	7	0	0	18.2	10.286000000000001	25.686
2018	7	8	0	0	18.2	11.286000000000001	25.586000000000002
2018	7	9	0	0	18.6	11.486	26.586000000000002
2018	7	10	0	0	17.0	11.686	19.486
2018	7	11	0	0	13.7	10.886000000000001	18.786
2018	7	12	0	0	15.9	12.786000000000001	23.586000000000002
2018	7	13	0	0	19.2	11.286000000000001	26.886
2018	7	14	0	0	20.1	13.886000000000001	28.386
2018	7	15	0	0	19.8	12.686	26.886
2018	7	16	0	0	18.2	13.786000000000001	26.386
2018	7	17	0	0	18.4	12.686	29.586000000000002
2018	7	18	0	0	20.1	12.286000000000001	27.686
2018	7	19	0	0	20.0	12.086	27.886
2018	7	20	0	0	19.4	12.286000000000001	30.086000000000002
2018	7	21	0	0	17.3	15.586000000000002	20.086000000000002
2018	7	22	0	0	17.7	15.686	22.786
2018	7	23	0	0	19.7	15.286000000000001	27.486
2018	7	24	0	0	20.7	13.786000000000001	31.386
2018	7	25	0	0	20.8	15.086000000000002	33.486
2018	7	26	0	0	21.6	16.486	32.686
2018	7	27	0	0	21.8	15.086000000000002	31.586000000000002
2018	7	28	0	0	19.2	16.386	30.086000000000002
2018	7	29	0	0	21.0	15.886	29.586000000000002
2018	7	30	0	0	22.5	15.986	33.885999999999996
2018	7	31	0	0	23.5	18.586000000000002	35.385999999999996
2018	8	1	0	0	23.8	18.286	29.386
2018	8	2	0	0	22.5	17.086000000000002	30.986
2018	8	3	0	0	23.7	18.386	34.186
2018	8	4	0	0	23.0	17.986	34.686
2018	8	5	0	0	23.3	18.286	30.886
2018	8	6	0	0	23.0	14.886000000000001	32.785999999999994
2018	8	7	0	0	20.0	19.086000000000002	31.986
2018	8	8	0	0	19.6	18.586000000000002	31.086000000000002
2018	8	9	0	0	20.8	16.886	33.686
2018	8	10	0	0	16.9	12.586	22.786
2018	8	11	0	0	16.3	10.886000000000001	23.686
2018	8	12	0	0	17.9	8.786000000000001	28.486
2018	8	13	0	0	17.9	15.286000000000001	22.786
2018	8	14	0	0	19.0	14.086	22.886
2018	8	15	0	0	17.4	12.286000000000001	24.386
2018	8	16	0	0	18.9	12.586	30.686
2018	8	17	0	0	18.6	16.586000000000002	31.186000000000003
2018	8	18	0	0	20.6	14.986	27.586000000000002
2018	8	19	0	0	22.0	13.786000000000001	29.186
2018	8	20	0	0	21.8	14.686	28.686
2018	8	21	0	0	21.4	13.886000000000001	29.686
2018	8	22	0	0	22.5	15.086000000000002	32.385999999999996
2018	8	23	0	0	19.7	15.486	27.886
2018	8	24	0	0	16.7	13.086	19.686
2018	8	25	0	0	11.8	6.486	14.086
2018	8	26	0	0	10.9	4.085999999999999	19.386
2018	8	27	0	0	16.4	10.786000000000001	21.686
2018	8	28	0	0	18.4	11.686	24.386
2018	8	29	0	0	18.2	11.986	29.786
2018	8	30	0	0	17.0	12.886000000000001	19.586000000000002
2018	8	31	0	0	14.4	11.486	15.986
2018	9	1	0	0	13.9	9.086	21.086000000000002
2018	9	2	0	0	12.9	12.786000000000001	15.486
2018	9	3	0	0	14.5	11.586	17.786
2018	9	4	0	0	14.5	12.686	23.786
2018	9	5	0	0	16.4	10.986	26.986
2018	9	6	0	0	16.0	13.786000000000001	25.386
2018	9	7	0	0	16.3	12.486	20.986
2018	9	8	0	0	15.3	9.786000000000001	20.586000000000002
2018	9	9	0	0	15.6	7.886	23.586000000000002
2018	9	10	0	0	16.8	8.686	26.286
2018	9	11	0	0	18.0	10.486	25.886
2018	9	12	0	0	19.0	13.486	29.386
2018	9	13	0	0	18.5	13.686	22.186
2018	9	14	0	0	16.4	12.986	19.586000000000002
2018	9	15	0	0	15.6	8.686	20.086000000000002
2018	9	16	0	0	14.3	6.886	24.586000000000002
2018	9	17	0	0	16.2	9.486	26.086000000000002
2018	9	18	0	0	16.8	13.886000000000001	28.886
2018	9	19	0	0	18.0	14.486	28.386
2018	9	20	0	0	17.7	13.486	27.886
2018	9	21	0	0	15.9	10.186	26.586000000000002
2018	9	22	0	0	12.4	8.786000000000001	16.386
2018	9	23	0	0	16.8	7.085999999999999	20.786
2018	9	24	0	0	8.6	4.486	13.086
2018	9	25	0	0	6.6	1.386	14.086
2018	9	26	0	0	8.7	0.08600000000000008	17.686
2018	9	27	0	0	11.1	4.486	23.586000000000002
2018	9	28	0	0	13.3	7.585999999999999	19.986
2018	9	29	0	0	10.5	2.0860000000000003	16.686
2018	9	30	0	0	11.3	1.1860000000000002	17.586000000000002
2018	10	1	0	0	9.2	3.0859999999999994	12.786000000000001
2018	10	2	0	0	7.3	1.7859999999999998	8.686
2018	10	3	0	0	10.3	4.386	15.186
2018	10	4	0	0	8.5	2.386	18.386
2018	10	5	0	0	10.2	4.486	22.486
2018	10	6	0	0	12.0	10.386000000000001	23.286
2018	10	7	0	0	14.1	8.786000000000001	22.386
2018	10	8	0	0	13.1	6.986	20.286
2018	10	9	0	0	14.3	6.786	21.886
2018	10	10	0	0	12.0	6.386	23.086000000000002
2018	10	11	0	0	12.2	9.386000000000001	22.686
2018	10	12	0	0	13.7	10.586	25.286
2018	10	13	0	0	11.8	8.886000000000001	25.486
2018	10	14	0	0	11.7	9.086	25.386
2018	10	15	0	0	10.9	8.386000000000001	23.586000000000002
2018	10	16	0	0	10.0	6.686	23.486
2018	10	17	0	0	10.1	6.886	21.786
2018	10	18	0	0	10.8	6.886	20.186
2018	10	19	0	0	8.9	5.886	18.386
2018	10	20	0	0	7.4	3.9859999999999998	16.386
2018	10	21	0	0	5.9	2.7859999999999996	16.086000000000002
2018	10	22	0	0	7.0	-0.014000000000000012	14.686
2018	10	23	0	0	8.3	0.5860000000000001	10.486
2018	10	24	0	0	10.6	8.586	10.086
2018	10	25	0	0	10.0	8.386000000000001	11.986
2018	10	26	0	0	8.4	6.786	10.386000000000001
2018	10	27	0	0	4.4	3.7859999999999996	6.886
2018	10	28	0	0	1.5	0.5860000000000001	3.886
2018	10	29	0	0	3.7	1.6860000000000002	5.286
2018	10	30	0	0	3.5	2.7859999999999996	7.185999999999999
2018	10	31	0	0	2.7	1.2859999999999998	11.486
2018	11	1	0	0	5.6	1.886	10.586
2018	11	2	0	0	5.9	3.4859999999999998	11.586
2018	11	3	0	0	8.8	4.786	10.086
2018	11	4	0	0	8.6	7.685999999999999	9.686
2018	11	5	0	0	7.4	5.786	15.086000000000002
2018	11	6	0	0	5.4	4.686	15.086000000000002
2018	11	7	0	0	6.4	4.186	16.386
2018	11	8	0	0	8.5	6.386	10.786000000000001
2018	11	9	0	0	8.6	4.786	11.786000000000001
2018	11	10	0	0	6.9	5.686	13.586
2018	11	11	0	0	7.8	6.386	14.486
2018	11	12	0	0	6.3	8.886000000000001	15.986
2018	11	13	0	0	5.6	2.9859999999999998	11.986
2018	11	14	0	0	3.5	0.8859999999999999	11.486
2018	11	15	0	0	3.6	2.2859999999999996	4.286
2018	11	16	0	0	3.4	-1.4140000000000001	8.586
2018	11	17	0	0	2.7	-1.514	8.686
2018	11	18	0	0	0.7	-3.4139999999999997	6.085999999999999
2018	11	19	0	0	0.1	-4.414	1.386
2018	11	20	0	0	-0.5	-2.5140000000000002	1.886
2018	11	21	0	0	-1.4	-3.2140000000000004	0.5860000000000001
2018	11	22	0	0	0.2	-2.314	4.786
2018	11	23	0	0	-0.2	-4.014	2.886
2018	11	24	0	0	2.6	1.2859999999999998	7.886
2018	11	25	0	0	0.4	0.18599999999999994	8.386000000000001
2018	11	26	0	0	2.5	1.1860000000000002	3.186
2018	11	27	0	0	1.3	-0.014000000000000012	1.7859999999999998
2018	11	28	0	0	1.6	-1.314	4.286
2018	11	29	0	0	0.3	-0.914	4.386
2018	11	30	0	0	2.7	-0.614	5.085999999999999
2018	12	1	0	0	4.4	4.686	8.186
2018	12	2	0	0	6.9	5.585999999999999	10.286000000000001
2018	12	3	0	0	10.5	8.286000000000001	10.786000000000001
2018	12	4	0	0	6.5	-1.114	8.586
2018	12	5	0	0	4.8	-1.114	5.286
2018	12	6	0	0	7.5	3.4859999999999998	9.186
2018	12	7	0	0	8.7	4.386	10.186
2018	12	8	0	0	4.7	3.686	6.585999999999999
2018	12	9	0	0	5.6	3.386	7.486
2018	12	10	0	0	2.8	0.18599999999999994	4.085999999999999
2018	12	11	0	0	0.2	-0.31400000000000006	1.886
2018	12	12	0	0	-1.0	-2.614	2.5860000000000003
2018	12	13	0	0	-1.0	-4.114	-1.014
2018	12	14	0	0	-2.4	-2.5140000000000002	-2.0140000000000002
2018	12	15	0	0	-3.8	-5.514	-1.814
2018	12	16	0	0	-1.8	-4.914	0.18599999999999994
2018	12	17	0	0	-0.3	-0.21399999999999997	2.9859999999999998
2018	12	18	0	0	-0.5	-0.8140000000000001	5.786
2018	12	19	0	0	-0.1	-1.114	4.186
2018	12	20	0	0	2.9	2.886	5.585999999999999
2018	12	21	0	0	5.4	4.686	9.986
2018	12	22	0	0	8.4	5.786	9.286000000000001
2018	12	23	0	0	7.1	5.286	9.986
2018	12	24	0	0	4.1	-2.114	10.286000000000001
2018	12	25	0	0	-1.9	-4.914	-0.614
2018	12	26	0	0	-2.6	-5.014	-2.614
2018	12	27	0	0	-3.4	-4.314	1.986
2018	12	28	0	0	-1.6	-3.2140000000000004	-1.6139999999999999
2018	12	29	0	0	-1.8	-3.0140000000000002	0.3859999999999999
2018	12	30	0	0	2.0	0.28600000000000003	3.686
2018	12	31	0	0	3.4	2.386	4.386
2019	1	1	0	0	3.5	1.486	4.186
2019	1	2	0	0	0.8	-3.5140000000000002	1.6860000000000002
2019	1	3	0	0	-3.2	-6.714	-2.0140000000000002
2019	1	4	0	0	-1.4	-2.9139999999999997	-0.714
2019	1	5	0	0	0.1	-1.114	1.986
2019	1	6	0	0	1.5	1.586	3.386
2019	1	7	0	0	1.3	-0.31400000000000006	2.186
2019	1	8	0	0	1.5	-0.31400000000000006	3.386
2019	1	9	0	0	-0.3	-2.214	1.2859999999999998
2019	1	10	0	0	-1.0	-8.814	-0.514
2019	1	11	0	0	-3.0	-7.714	-1.6139999999999999
2019	1	12	0	0	0.3	-1.6139999999999999	1.2859999999999998
2019	1	13	0	0	2.3	1.1860000000000002	6.386
2019	1	14	0	0	2.6	-0.11399999999999999	4.186
2019	1	15	0	0	0.7	-0.614	2.686
2019	1	16	0	0	-1.7	1.086	3.886
2019	1	17	0	0	2.0	-0.714	4.986
2019	1	18	0	0	-1.9	-4.014	1.586
2019	1	19	0	0	-5.0	-7.714	0.6859999999999999
2019	1	20	0	0	-3.5	-8.613999999999999	-4.214
2019	1	21	0	0	-2.8	-9.113999999999999	-1.4140000000000001
2019	1	22	0	0	-3.0	-8.214	-3.814
2019	1	23	0	0	-3.9	-6.714	-4.614
2019	1	24	0	0	-3.9	-6.914000000000001	-4.314
2019	1	25	0	0	-4.2	-8.613999999999999	-2.214
2019	1	26	0	0	0.0	-3.0140000000000002	2.4859999999999998
2019	1	27	0	0	2.5	-0.514	6.386
2019	1	28	0	0	0.5	-1.814	0.18599999999999994
2019	1	29	0	0	-1.5	-4.114	1.086
2019	1	30	0	0	-1.8	-5.714	2.0860000000000003
2019	1	31	0	0	-3.2	-7.014	0.986
2019	2	1	0	0	0.2	-1.714	2.386
2019	2	2	0	0	1.5	-1.214	2.7859999999999996
2019	2	3	0	0	0.5	-1.014	0.786
2019	2	4	0	0	-3.9	-4.714	2.686
2019	2	5	0	0	-5.4	-5.114	3.9859999999999998
2019	2	6	0	0	-6.6	-5.814	3.886
2019	2	7	0	0	-1.7	-5.514	2.7859999999999996
2019	2	8	0	0	2.1	1.6860000000000002	7.386
2019	2	9	0	0	4.1	2.886	8.186
2019	2	10	0	0	4.2	2.386	10.886000000000001
2019	2	11	0	0	2.2	-0.21399999999999997	4.686
2019	2	12	0	0	0.5	-1.514	3.5859999999999994
2019	2	13	0	0	-0.3	-3.4139999999999997	7.7860000000000005
2019	2	14	0	0	0.5	-2.5140000000000002	10.986
2019	2	15	0	0	1.3	-2.114	14.386000000000001
2019	2	16	0	0	2.0	-1.714	13.886000000000001
2019	2	17	0	0	2.2	-0.914	15.486
2019	2	18	0	0	1.9	-1.714	14.786000000000001
2019	2	19	0	0	4.0	-0.41400000000000003	7.585999999999999
2019	2	20	0	0	4.5	-1.814	9.186
2019	2	21	0	0	4.6	-0.614	9.186
2019	2	22	0	0	6.3	0.786	10.486
2019	2	23	0	0	3.2	-2.5140000000000002	8.186
2019	2	24	0	0	2.7	-4.614	12.386000000000001
2019	2	25	0	0	5.7	-2.614	15.686
2019	2	26	0	0	5.3	-0.614	16.986
2019	2	27	0	0	4.8	-1.014	17.686
2019	2	28	0	0	8.0	1.886	15.686
2019	3	1	0	0	6.5	5.085999999999999	7.886
2019	3	2	0	0	5.9	3.386	7.486
2019	3	3	0	0	7.8	6.286	10.086
2019	3	4	0	0	5.1	2.4859999999999998	10.286000000000001
2019	3	5	0	0	5.1	1.6860000000000002	5.686
2019	3	6	0	0	4.7	1.586	13.286000000000001
2019	3	7	0	0	5.7	5.085999999999999	10.086
2019	3	8	0	0	5.7	3.7859999999999996	7.2860000000000005
2019	3	9	0	0	7.4	4.186	8.786000000000001
2019	3	10	0	0	9.1	0.8859999999999999	11.486
2019	3	11	0	0	1.0	-0.31400000000000006	4.786
2019	3	12	0	0	1.7	-0.31400000000000006	8.286000000000001
2019	3	13	0	0	4.2	-0.014000000000000012	7.585999999999999
2019	3	14	0	0	2.5	1.986	4.386
2019	3	15	0	0	7.0	3.886	8.786000000000001
2019	3	16	0	0	9.5	6.786	10.286000000000001
2019	3	17	0	0	6.0	1.386	13.286000000000001
2019	3	18	0	0	2.4	-0.31400000000000006	6.486
2019	3	19	0	0	1.5	-1.9140000000000001	7.386
2019	3	20	0	0	1.8	-3.0140000000000002	10.386000000000001
2019	3	21	0	0	4.6	-2.114	14.786000000000001
2019	3	22	0	0	5.1	0.08600000000000008	17.086000000000002
2019	3	23	0	0	7.4	0.5860000000000001	16.686
2019	3	24	0	0	7.1	1.2859999999999998	12.186
2019	3	25	0	0	4.0	-0.914	8.386000000000001
2019	3	26	0	0	3.5	-2.0140000000000002	6.585999999999999
2019	3	27	0	0	4.0	1.1860000000000002	9.386000000000001
2019	3	28	0	0	6.2	0.28600000000000003	13.086
2019	3	29	0	0	8.2	3.0859999999999994	15.886
2019	3	30	0	0	7.2	1.6860000000000002	17.486
2019	3	31	0	0	8.5	1.386	18.586000000000002
2019	4	1	0	0	9.0	1.6860000000000002	16.386
2019	4	2	0	0	9.5	4.886	19.586000000000002
2019	4	3	0	0	9.2	2.7859999999999996	13.786000000000001
2019	4	4	0	0	3.7	2.386	4.686
2019	4	5	0	0	4.5	1.6860000000000002	6.886
2019	4	6	0	0	5.4	0.18599999999999994	16.186
2019	4	7	0	0	7.3	2.886	16.186
2019	4	8	0	0	8.9	6.286	13.086
2019	4	9	0	0	8.2	6.085999999999999	15.086000000000002
2019	4	10	0	0	7.7	2.2859999999999996	11.986
2019	4	11	0	0	6.7	-1.214	10.586
2019	4	12	0	0	4.7	-1.214	8.286000000000001
2019	4	13	0	0	3.6	-0.41400000000000003	4.886
2019	4	14	0	0	3.9	-1.214	9.386000000000001
2019	4	15	0	0	6.8	0.18599999999999994	16.686
2019	4	16	0	0	7.9	1.586	17.286
2019	4	17	0	0	11.1	7.386	19.286
2019	4	18	0	0	11.4	4.986	20.386
2019	4	19	0	0	12.0	6.986	22.586000000000002
2019	4	20	0	0	12.2	3.386	23.086000000000002
2019	4	21	0	0	12.8	3.4859999999999998	22.886
2019	4	22	0	0	14.1	5.886	23.586000000000002
2019	4	23	0	0	14.3	7.2860000000000005	21.286
2019	4	24	0	0	12.6	3.9859999999999998	24.786
2019	4	25	0	0	12.6	4.386	24.286
2019	4	26	0	0	6.5	5.085999999999999	8.186
2019	4	27	0	0	6.5	3.0859999999999994	11.686
2019	4	28	0	0	4.7	1.386	11.186
2019	4	29	0	0	7.2	0.5860000000000001	10.786000000000001
2019	4	30	0	0	7.9	4.486	15.086000000000002
2019	5	1	0	0	8.4	1.386	18.086000000000002
2019	5	2	0	0	9.6	3.5859999999999994	16.686
2019	5	3	0	0	8.7	5.686	12.586
2019	5	4	0	0	5.2	-0.514	6.486
2019	5	5	0	0	3.3	-0.8140000000000001	9.286000000000001
2019	5	6	0	0	3.5	-0.8140000000000001	9.886000000000001
2019	5	7	0	0	6.9	-1.4140000000000001	12.186
2019	5	8	0	0	8.2	4.886	10.686
2019	5	9	0	0	9.4	6.686	10.186
2019	5	10	0	0	9.6	7.486	13.686
2019	5	11	0	0	10.2	5.085999999999999	15.886
2019	5	12	0	0	7.9	2.5860000000000003	13.086
2019	5	13	0	0	8.4	1.386	14.586
2019	5	14	0	0	7.7	0.6859999999999999	13.586
2019	5	15	0	0	7.5	0.486	12.686
2019	5	16	0	0	7.9	2.9859999999999998	13.286000000000001
2019	5	17	0	0	10.5	5.986	19.686
2019	5	18	0	0	12.6	5.986	20.686
2019	5	19	0	0	13.0	6.286	21.786
2019	5	20	0	0	12.3	10.086	14.486
2019	5	21	0	0	11.0	9.586	11.286000000000001
2019	5	22	0	0	12.9	4.186	14.986
2019	5	23	0	0	11.9	3.186	18.486
2019	5	24	0	0	13.8	6.786	20.286
2019	5	25	0	0	12.3	8.186	20.286
2019	5	26	0	0	13.3	5.686	19.986
2019	5	27	0	0	14.4	8.686	19.386
2019	5	28	0	0	11.8	8.786000000000001	14.286000000000001
2019	5	29	0	0	10.6	5.186	14.386000000000001
2019	5	30	0	0	11.9	5.085999999999999	19.186
2019	5	31	0	0	15.9	9.186	21.986
2019	6	1	0	0	17.0	11.386000000000001	25.186
2019	6	2	0	0	18.4	12.586	27.986
2019	6	3	0	0	18.1	13.386000000000001	28.886
2019	6	4	0	0	20.2	11.686	28.386
2019	6	5	0	0	21.5	15.886	29.386
2019	6	6	0	0	13.4	6.186	20.986
2019	6	7	0	0	15.5	5.686	26.386
2019	6	8	0	0	15.2	7.685999999999999	19.386
2019	6	9	0	0	13.8	6.886	22.786
2019	6	10	0	0	14.2	12.486	20.386
2019	6	11	0	0	14.1	12.386000000000001	18.886
2019	6	12	0	0	14.7	9.586	17.586000000000002
2019	6	13	0	0	16.5	9.586	22.386
2019	6	14	0	0	18.8	11.486	25.486
2019	6	15	0	0	18.9	12.886000000000001	21.686
2019	6	16	0	0	15.5	11.286000000000001	20.286
2019	6	17	0	0	17.1	9.186	24.486
2019	6	18	0	0	19.7	12.886000000000001	27.486
2019	6	19	0	0	20.9	14.786000000000001	28.586000000000002
2019	6	20	0	0	17.0	12.586	21.986
2019	6	21	0	0	17.0	12.486	22.986
2019	6	22	0	0	17.1	12.086	24.386
2019	6	23	0	0	18.6	13.186	26.286
2019	6	24	0	0	20.7	14.686	28.386
2019	6	25	0	0	23.4	16.486	31.285999999999998
2019	6	26	0	0	25.5	19.686	32.986
2019	6	27	0	0	25.3	13.486	27.986
2019	6	28	0	0	21.1	11.586	26.286
2019	6	29	0	0	21.1	11.186	30.286
2019	6	30	0	0	23.6	14.186	32.885999999999996
2019	7	1	0	0	23.6	16.686	27.186
2019	7	2	0	0	20.7	12.186	23.186
2019	7	3	0	0	18.7	9.186	22.886
2019	7	4	0	0	18.4	9.086	24.386
2019	7	5	0	0	20.1	9.786000000000001	26.286
2019	7	6	0	0	19.6	12.586	27.986
2019	7	7	0	0	18.9	12.386000000000001	18.986
2019	7	8	0	0	16.0	8.386000000000001	19.786
2019	7	9	0	0	15.1	5.886	17.486
2019	7	10	0	0	14.2	4.686	21.786
2019	7	11	0	0	13.3	12.286000000000001	17.386
2019	7	12	0	0	14.9	10.986	19.786
2019	7	13	0	0	15.5	10.886000000000001	19.786
2019	7	14	0	0	16.0	9.286000000000001	21.686
2019	7	15	0	0	16.3	8.886000000000001	22.386
2019	7	16	0	0	17.1	6.886	23.086000000000002
2019	7	17	0	0	18.3	8.286000000000001	24.986
2019	7	18	0	0	18.4	9.386000000000001	25.886
2019	7	19	0	0	19.8	13.786000000000001	25.486
2019	7	20	0	0	20.7	13.286000000000001	29.886
2019	7	21	0	0	19.7	13.786000000000001	25.986
2019	7	22	0	0	20.9	12.686	28.486
2019	7	23	0	0	22.3	13.586	32.785999999999994
2019	7	24	0	0	23.5	18.186	34.486
2019	7	25	0	0	24.8	17.586000000000002	36.285999999999994
2019	7	26	0	0	24.6	17.986	35.086
2019	7	27	0	0	20.5	16.586000000000002	27.286
2019	7	28	0	0	17.9	16.186	22.186
2019	7	29	0	0	18.9	14.786000000000001	21.086000000000002
2019	7	30	0	0	21.5	13.986	27.186
2019	7	31	0	0	17.3	11.486	23.686
2019	8	1	0	0	17.6	10.786000000000001	23.486
2019	8	2	0	0	17.6	11.886000000000001	24.386
2019	8	3	0	0	17.1	11.486	20.886
2019	8	4	0	0	17.9	10.086	25.386
2019	8	5	0	0	20.0	15.286000000000001	26.486
2019	8	6	0	0	20.0	14.486	26.686
2019	8	7	0	0	17.5	14.286000000000001	19.186
2019	8	8	0	0	19.1	14.486	23.786
2019	8	9	0	0	21.7	13.486	29.586000000000002
2019	8	10	0	0	19.1	13.886000000000001	23.286
2019	8	11	0	0	18.4	12.886000000000001	26.586000000000002
2019	8	12	0	0	15.2	12.286000000000001	19.286
2019	8	13	0	0	14.6	9.386000000000001	18.186
2019	8	14	0	0	13.7	7.685999999999999	19.386
2019	8	15	0	0	13.6	10.686	19.786
2019	8	16	0	0	16.4	11.286000000000001	20.986
2019	8	17	0	0	16.6	12.986	21.186
2019	8	18	0	0	22.0	14.786000000000001	28.086000000000002
2019	8	19	0	0	18.1	12.586	22.386
2019	8	20	0	0	14.3	11.286000000000001	17.686
2019	8	21	0	0	14.5	9.886000000000001	20.986
2019	8	22	0	0	14.6	8.586	23.486
2019	8	23	0	0	16.0	9.786000000000001	25.386
2019	8	24	0	0	18.5	12.086	26.386
2019	8	25	0	0	18.8	13.986	27.886
2019	8	26	0	0	19.3	14.886000000000001	29.186
2019	8	27	0	0	20.1	15.186	29.386
2019	8	28	0	0	21.0	15.886	28.386
2019	8	29	0	0	19.8	15.886	28.286
2019	8	30	0	0	20.0	14.586	27.686
2019	8	31	0	0	20.4	15.886	29.586000000000002
2019	9	1	0	0	18.2	13.786000000000001	23.586000000000002
2019	9	2	0	0	15.5	6.986	19.986
2019	9	3	0	0	13.3	5.585999999999999	22.186
2019	9	4	0	0	14.8	9.186	24.186
2019	9	5	0	0	11.9	10.386000000000001	18.786
2019	9	6	0	0	13.0	6.386	17.886
2019	9	7	0	0	12.3	7.685999999999999	14.586
2019	9	8	0	0	10.7	7.685999999999999	13.586
2019	9	9	0	0	10.9	7.2860000000000005	13.086
2019	9	10	0	0	11.6	4.886	18.286
2019	9	11	0	0	13.1	5.486	19.786
2019	9	12	0	0	16.2	11.286000000000001	22.086000000000002
2019	9	13	0	0	16.0	9.986	21.786
2019	9	14	0	0	16.3	10.886000000000001	22.686
2019	9	15	0	0	16.6	10.286000000000001	24.786
2019	9	16	0	0	18.2	8.286000000000001	23.086000000000002
2019	9	17	0	0	15.4	7.886	18.986
2019	9	18	0	0	10.0	2.4859999999999998	16.586000000000002
2019	9	19	0	0	9.1	3.4859999999999998	15.286000000000001
2019	9	20	0	0	8.8	1.6860000000000002	17.386
2019	9	21	0	0	11.0	2.5860000000000003	22.986
2019	9	22	0	0	13.1	7.486	22.486
2019	9	23	0	0	13.0	8.886000000000001	15.386
2019	9	24	0	0	11.3	7.685999999999999	17.186
2019	9	25	0	0	13.5	11.086	14.986
2019	9	26	0	0	13.3	10.686	15.686
2019	9	27	0	0	14.8	9.486	16.286
2019	9	28	0	0	13.4	10.986	14.986
2019	9	29	0	0	13.8	9.886000000000001	18.786
2019	9	30	0	0	14.3	8.586	15.286000000000001
2019	10	1	0	0	12.8	8.386000000000001	16.586000000000002
2019	10	2	0	0	11.3	3.2859999999999996	13.186
2019	10	3	0	0	6.3	3.186	11.586
2019	10	4	0	0	6.6	4.585999999999999	10.686
2019	10	5	0	0	10.1	2.5860000000000003	10.786000000000001
2019	10	6	0	0	8.5	2.886	8.286000000000001
2019	10	7	0	0	10.3	5.886	10.686
2019	10	8	0	0	11.8	8.886000000000001	12.986
2019	10	9	0	0	10.3	6.486	11.886000000000001
2019	10	10	0	0	8.9	6.085999999999999	11.686
2019	10	11	0	0	8.2	6.085999999999999	16.386
2019	10	12	0	0	11.1	7.886	19.786
2019	10	13	0	0	13.1	12.586	24.486
2019	10	14	0	0	12.5	10.886000000000001	23.986
2019	10	15	0	0	10.6	9.686	21.386
2019	10	16	0	0	9.6	8.686	14.586
2019	10	17	0	0	10.5	9.086	16.786
2019	10	18	0	0	12.0	10.086	16.886
2019	10	19	0	0	11.8	9.786000000000001	13.086
2019	10	20	0	0	11.5	8.786000000000001	18.786
2019	10	21	0	0	12.6	8.286000000000001	18.786
2019	10	22	0	0	11.6	7.585999999999999	15.586000000000002
2019	10	23	0	0	11.5	8.586	15.186
2019	10	24	0	0	11.9	8.386000000000001	15.286000000000001
2019	10	25	0	0	12.3	7.886	15.186
2019	10	26	0	0	9.1	6.886	17.786
2019	10	27	0	0	11.6	4.286	15.586000000000002
2019	10	28	0	0	7.8	2.886	8.486
2019	10	29	0	0	6.2	1.7859999999999998	7.585999999999999
2019	10	30	0	0	5.6	-0.614	7.085999999999999
2019	10	31	0	0	3.7	-1.9140000000000001	8.786000000000001
2019	11	1	0	0	7.7	2.186	10.286000000000001
2019	11	2	0	0	11.9	9.986	15.586000000000002
2019	11	3	0	0	9.9	8.286000000000001	12.086
2019	11	4	0	0	9.0	7.486	10.186
2019	11	5	0	0	6.9	4.085999999999999	9.586
2019	11	6	0	0	6.2	4.786	7.7860000000000005
2019	11	7	0	0	4.5	2.7859999999999996	9.786000000000001
2019	11	8	0	0	2.7	2.5860000000000003	4.986
2019	11	9	0	0	2.8	-0.41400000000000003	6.686
2019	11	10	0	0	0.0	-2.714	4.886
2019	11	11	0	0	0.6	-1.6139999999999999	3.386
2019	11	12	0	0	3.4	1.6860000000000002	6.986
2019	11	13	0	0	2.4	-0.514	5.486
2019	11	14	0	0	0.7	-2.0140000000000002	7.7860000000000005
2019	11	15	0	0	2.6	-0.714	4.486
2019	11	16	0	0	3.0	-1.6139999999999999	6.486
2019	11	17	0	0	3.4	-0.11399999999999999	4.585999999999999
2019	11	18	0	0	2.7	1.886	3.886
2019	11	19	0	0	1.8	-2.5140000000000002	3.7859999999999996
2019	11	20	0	0	3.2	-3.814	0.28600000000000003
2019	11	21	0	0	2.1	-0.41400000000000003	5.186
2019	11	22	0	0	1.4	-0.914	3.9859999999999998
2019	11	23	0	0	3.1	0.486	8.786000000000001
2019	11	24	0	0	3.5	-0.614	6.085999999999999
2019	11	25	0	0	2.3	1.1860000000000002	4.585999999999999
2019	11	26	0	0	5.8	2.9859999999999998	10.986
2019	11	27	0	0	7.0	4.686	10.886000000000001
2019	11	28	0	0	7.8	6.386	9.186
2019	11	29	0	0	5.2	0.18599999999999994	7.386
2019	11	30	0	0	0.2	-1.9140000000000001	3.686
2019	12	1	0	0	-0.2	-1.9140000000000001	-0.014000000000000012
2019	12	2	0	0	-0.1	-3.314	2.7859999999999996
2019	12	3	0	0	-1.1	-2.5140000000000002	4.286
2019	12	4	0	0	-2.4	-4.014	3.386
2019	12	5	0	0	-2.0	-5.214	2.386
2019	12	6	0	0	0.6	-5.514	5.386
2019	12	7	0	0	4.7	3.886	6.286
2019	12	8	0	0	5.1	5.386	9.186
2019	12	9	0	0	5.2	2.7859999999999996	5.986
2019	12	10	0	0	0.7	-1.814	3.386
2019	12	11	0	0	-2.2	-2.214	1.2859999999999998
2019	12	12	0	0	0.5	-1.4140000000000001	1.486
2019	12	13	0	0	0.6	-1.214	3.386
2019	12	14	0	0	5.0	2.186	6.786
2019	12	15	0	0	8.0	4.286	11.086
2019	12	16	0	0	2.1	4.386	11.886000000000001
2019	12	17	0	0	0.6	2.2859999999999996	11.386000000000001
2019	12	18	0	0	3.9	4.286	10.786000000000001
2019	12	19	0	0	1.2	0.6859999999999999	9.186
2019	12	20	0	0	0.9	1.086	7.7860000000000005
2019	12	21	0	0	3.2	0.6859999999999999	7.486
2019	12	22	0	0	3.7	1.586	6.886
2019	12	23	0	0	4.5	3.886	5.486
2019	12	24	0	0	3.2	3.386	6.786
2019	12	25	0	0	3.8	0.786	5.986
2019	12	26	0	0	0.6	1.086	3.2859999999999996
2019	12	27	0	0	4.6	-2.0140000000000002	3.886
2019	12	28	0	0	-0.1	-4.714	2.186
2019	12	29	0	0	-2.5	-6.414000000000001	1.7859999999999998
2019	12	30	0	0	-1.9	-4.914	6.085999999999999
2019	12	31	0	0	-1.4	-3.4139999999999997	2.886
2020	1	1	0	0	-2.4	-3.814	4.686
2020	1	2	0	0	-1.9	-5.914000000000001	0.3859999999999999
2020	1	3	0	0	1.4	-0.914	6.386
2020	1	4	0	0	3.5	0.08600000000000008	5.686
2020	1	5	0	0	1.6	-1.514	3.686
2020	1	6	0	0	-1.8	-2.814	4.886
2020	1	7	0	0	0.3	-3.114	3.0859999999999994
2020	1	8	0	0	1.0	0.18599999999999994	6.085999999999999
2020	1	9	0	0	3.5	4.786	10.686
2020	1	10	0	0	5.3	3.4859999999999998	8.486
2020	1	11	0	0	2.5	-1.714	5.085999999999999
2020	1	12	0	0	-1.8	-3.5140000000000002	1.886
2020	1	13	0	0	0.7	1.7859999999999998	5.585999999999999
2020	1	14	0	0	0.6	2.2859999999999996	9.886000000000001
2020	1	15	0	0	1.3	3.5859999999999994	11.186
2020	1	16	0	0	2.8	2.5860000000000003	12.086
2020	1	17	0	0	1.6	-0.31400000000000006	9.386000000000001
2020	1	18	0	0	2.2	-0.31400000000000006	5.085999999999999
2020	1	19	0	0	-0.9	-1.014	1.886
2020	1	20	0	0	0.4	-3.4139999999999997	3.5859999999999994
2020	1	21	0	0	-1.8	-5.914000000000001	0.18599999999999994
2020	1	22	0	0	-3.5	-5.214	-2.0140000000000002
2020	1	23	0	0	-3.2	-3.114	-1.4140000000000001
2020	1	24	0	0	-0.7	-3.814	3.886
2020	1	25	0	0	0.7	-4.514	5.886
2020	1	26	0	0	1.3	-3.7140000000000004	5.486
2020	1	27	0	0	4.3	-0.014000000000000012	9.086
2020	1	28	0	0	3.7	-0.514	5.286
2020	1	29	0	0	1.8	-0.8140000000000001	2.9859999999999998
2020	1	30	0	0	4.2	1.386	7.486
2020	1	31	0	0	9.8	7.386	10.586
2020	2	1	0	0	9.9	3.2859999999999996	12.786000000000001
2020	2	2	0	0	9.6	5.286	10.986
2020	2	3	0	0	9.0	5.386	8.686
2020	2	4	0	0	3.5	0.6859999999999999	9.686
2020	2	5	0	0	1.4	-3.614	4.686
2020	2	6	0	0	-1.5	-4.414	4.986
2020	2	7	0	0	-1.5	-4.014	5.186
2020	2	8	0	0	-0.3	-3.4139999999999997	7.486
2020	2	9	0	0	4.3	0.986	12.186
2020	2	10	0	0	8.8	3.186	13.086
2020	2	11	0	0	2.9	-0.614	4.986
2020	2	12	0	0	2.2	-0.11399999999999999	3.386
2020	2	13	0	0	2.0	-0.614	4.986
2020	2	14	0	0	4.0	2.386	5.186
2020	2	15	0	0	1.8	0.8859999999999999	9.886000000000001
2020	2	16	0	0	5.4	5.585999999999999	16.086000000000002
2020	2	17	0	0	6.5	4.585999999999999	14.486
2020	2	18	0	0	4.5	2.686	5.986
2020	2	19	0	0	2.7	0.8859999999999999	5.186
2020	2	20	0	0	3.7	1.2859999999999998	7.585999999999999
2020	2	21	0	0	3.7	0.486	6.085999999999999
2020	2	22	0	0	5.9	2.186	10.186
2020	2	23	0	0	10.3	4.585999999999999	11.086
2020	2	24	0	0	8.8	2.5860000000000003	9.886000000000001
2020	2	25	0	0	6.2	2.7859999999999996	7.986
2020	2	26	0	0	1.4	-1.4140000000000001	2.7859999999999996
2020	2	27	0	0	0.7	-1.114	3.186
2020	2	28	0	0	1.7	-1.014	4.486
2020	2	29	0	0	7.0	2.2859999999999996	13.686
2020	3	1	0	0	6.9	2.886	9.186
2020	3	2	0	0	4.0	0.486	9.586
2020	3	3	0	0	2.8	-1.114	4.886
2020	3	4	0	0	1.2	-1.314	5.686
2020	3	5	0	0	3.0	1.1860000000000002	6.786
2020	3	6	0	0	4.4	2.2859999999999996	7.085999999999999
2020	3	7	0	0	2.9	-0.21399999999999997	6.386
2020	3	8	0	0	2.2	-0.31400000000000006	9.386000000000001
2020	3	9	0	0	3.8	1.7859999999999998	7.986
2020	3	10	0	0	3.6	2.5860000000000003	9.986
2020	3	11	0	0	10.4	9.286000000000001	12.286000000000001
2020	3	12	0	0	10.0	4.186	12.286000000000001
2020	3	13	0	0	6.2	0.18599999999999994	8.486
2020	3	14	0	0	2.7	-1.214	7.986
2020	3	15	0	0	4.0	-0.014000000000000012	12.586
2020	3	16	0	0	6.8	2.686	15.886
2020	3	17	0	0	8.0	4.486	14.586
2020	3	18	0	0	8.0	2.686	16.486
2020	3	19	0	0	8.9	6.686	16.586000000000002
2020	3	20	0	0	8.6	4.286	15.986
2020	3	21	0	0	4.0	-0.914	4.286
2020	3	22	0	0	1.1	-3.314	6.686
2020	3	23	0	0	-0.5	-5.114	5.686
2020	3	24	0	0	0.1	-5.314	6.986
2020	3	25	0	0	0.9	-4.714	7.386
2020	3	26	0	0	1.1	-3.614	7.585999999999999
2020	3	27	0	0	4.7	-1.214	15.786000000000001
2020	3	28	0	0	6.7	2.0860000000000003	16.086000000000002
2020	3	29	0	0	2.8	-0.714	4.186
2020	3	30	0	0	0.3	-4.914	5.686
2020	3	31	0	0	-0.3	-4.614	6.486
2020	4	1	0	0	1.1	-6.714	9.386000000000001
2020	4	2	0	0	3.6	-4.514	11.886000000000001
2020	4	3	0	0	4.5	-2.114	11.486
2020	4	4	0	0	6.2	-1.6139999999999999	13.986
2020	4	5	0	0	8.3	2.7859999999999996	17.086000000000002
2020	4	6	0	0	9.1	2.0860000000000003	20.086000000000002
2020	4	7	0	0	10.6	3.886	21.686
2020	4	8	0	0	11.3	3.686	20.386
2020	4	9	0	0	10.7	3.9859999999999998	21.486
2020	4	10	0	0	10.8	6.486	20.386
2020	4	11	0	0	11.4	4.486	19.586000000000002
2020	4	12	0	0	11.4	6.786	21.886
2020	4	13	0	0	11.0	-0.41400000000000003	15.986
2020	4	14	0	0	3.1	-4.014	7.7860000000000005
2020	4	15	0	0	6.7	-2.214	15.786000000000001
2020	4	16	0	0	10.6	3.886	21.186
2020	4	17	0	0	13.1	5.886	22.286
2020	4	18	0	0	12.9	7.585999999999999	21.686
2020	4	19	0	0	13.3	5.686	18.586000000000002
2020	4	20	0	0	11.4	3.7859999999999996	17.886
2020	4	21	0	0	12.0	4.486	20.586000000000002
2020	4	22	0	0	12.2	3.9859999999999998	21.386
2020	4	23	0	0	11.2	3.9859999999999998	20.086000000000002
2020	4	24	0	0	11.8	4.386	20.786
2020	4	25	0	0	11.7	3.686	16.786
2020	4	26	0	0	11.2	0.5860000000000001	18.586000000000002
2020	4	27	0	0	13.5	6.686	20.486
2020	4	28	0	0	11.4	6.786	17.086000000000002
2020	4	29	0	0	10.3	8.286000000000001	15.786000000000001
2020	4	30	0	0	8.6	8.086	13.586
2020	5	1	0	0	8.3	6.486	12.286000000000001
2020	5	2	0	0	7.2	2.386	13.586
2020	5	3	0	0	8.6	2.2859999999999996	15.286000000000001
2020	5	4	0	0	12.2	6.986	16.286
2020	5	5	0	0	8.9	2.386	14.086
2020	5	6	0	0	7.3	1.2859999999999998	14.486
2020	5	7	0	0	10.1	1.2859999999999998	20.286
2020	5	8	0	0	14.5	8.586	22.886
2020	5	9	0	0	16.7	10.286000000000001	20.586000000000002
2020	5	10	0	0	15.8	9.086	22.786
2020	5	11	0	0	9.5	-1.4140000000000001	12.586
2020	5	12	0	0	6.4	-2.5140000000000002	11.486
2020	5	13	0	0	6.9	0.08600000000000008	11.886000000000001
2020	5	14	0	0	8.2	5.286	14.886000000000001
2020	5	15	0	0	9.2	5.286	15.486
2020	5	16	0	0	9.0	1.886	17.986
2020	5	17	0	0	11.7	2.4859999999999998	18.686
2020	5	18	0	0	13.7	3.886	21.486
2020	5	19	0	0	15.6	6.886	23.186
2020	5	20	0	0	14.9	8.586	22.286
2020	5	21	0	0	15.3	8.686	23.186
2020	5	22	0	0	16.8	11.486	23.686
2020	5	23	0	0	12.0	7.585999999999999	18.086000000000002
2020	5	24	0	0	11.6	6.585999999999999	16.786
2020	5	25	0	0	11.6	6.886	18.086000000000002
2020	5	26	0	0	11.7	4.085999999999999	18.686
2020	5	27	0	0	12.9	5.186	20.986
2020	5	28	0	0	12.7	5.686	19.586000000000002
2020	5	29	0	0	11.3	3.4859999999999998	20.086000000000002
2020	5	30	0	0	12.1	5.486	18.786
2020	5	31	0	0	11.8	4.686	19.786
2020	6	1	0	0	15.2	6.386	24.686
2020	6	2	0	0	15.6	8.586	25.986
2020	6	3	0	0	15.2	10.486	26.986
2020	6	4	0	0	13.4	9.786000000000001	17.386
2020	6	5	0	0	11.8	7.685999999999999	12.586
2020	6	6	0	0	14.8	7.685999999999999	14.086
2020	6	7	0	0	10.9	7.986	16.086000000000002
2020	6	8	0	0	12.9	6.386	17.486
2020	6	9	0	0	11.4	8.686	16.486
2020	6	10	0	0	12.5	9.686	14.686
2020	6	11	0	0	13.3	9.486	17.086000000000002
2020	6	12	0	0	17.5	8.886000000000001	26.486
2020	6	13	0	0	17.8	11.486	25.486
2020	6	14	0	0	13.6	13.486	15.586000000000002
2020	6	15	0	0	14.9	12.986	15.486
2020	6	16	0	0	14.9	11.186	17.586000000000002
2020	6	17	0	0	14.7	10.386000000000001	22.786
2020	6	18	0	0	15.0	10.386000000000001	21.186
2020	6	19	0	0	12.9	10.286000000000001	20.086000000000002
2020	6	20	0	0	14.0	10.886000000000001	21.586000000000002
2020	6	21	0	0	16.3	9.986	22.486
2020	6	22	0	0	17.5	13.186	22.986
2020	6	23	0	0	18.0	11.186	23.986
2020	6	24	0	0	18.3	11.086	24.586000000000002
2020	6	25	0	0	17.9	10.786000000000001	23.386
2020	6	26	0	0	17.9	10.886000000000001	27.286
2020	6	27	0	0	19.7	14.686	25.886
2020	6	28	0	0	18.5	12.586	23.886
2020	6	29	0	0	16.7	12.086	20.886
2020	6	30	0	0	16.9	11.586	20.886
2020	7	1	0	0	20.0	11.886000000000001	27.386
2020	7	2	0	0	18.0	13.786000000000001	21.686
2020	7	3	0	0	17.3	10.186	21.986
2020	7	4	0	0	17.1	8.886000000000001	24.186
2020	7	5	0	0	20.1	17.786	24.786
2020	7	6	0	0	15.9	7.386	20.286
2020	7	7	0	0	14.1	5.486	20.286
2020	7	8	0	0	17.6	10.386000000000001	20.186
2020	7	9	0	0	20.2	13.086	27.786
2020	7	10	0	0	20.4	13.786000000000001	25.886
2020	7	11	0	0	16.4	8.186	20.986
2020	7	12	0	0	15.1	7.185999999999999	23.486
2020	7	13	0	0	16.2	8.286000000000001	24.586000000000002
2020	7	14	0	0	16.4	11.086	26.086000000000002
2020	7	15	0	0	15.5	13.286000000000001	18.686
2020	7	16	0	0	14.0	11.586	14.086
2020	7	17	0	0	15.2	10.386000000000001	19.886
2020	7	18	0	0	15.5	8.186	23.686
2020	7	19	0	0	18.3	10.086	26.586000000000002
2020	7	20	0	0	19.7	12.386000000000001	27.786
2020	7	21	0	0	19.0	12.486	25.086000000000002
2020	7	22	0	0	19.0	8.586	26.386
2020	7	23	0	0	18.7	9.386000000000001	26.486
2020	7	24	0	0	17.0	11.186	25.586000000000002
2020	7	25	0	0	19.2	15.786000000000001	25.886
2020	7	26	0	0	18.3	12.086	24.586000000000002
2020	7	27	0	0	19.8	12.086	29.086000000000002
2020	7	28	0	0	21.9	13.886000000000001	27.286
2020	7	29	0	0	19.7	9.386000000000001	25.686
2020	7	30	0	0	20.7	9.286000000000001	29.486
2020	7	31	0	0	23.5	12.986	33.486
2020	8	1	0	0	23.2	15.786000000000001	33.186
2020	8	2	0	0	18.0	16.586000000000002	22.886
2020	8	3	0	0	15.5	13.286000000000001	19.686
2020	8	4	0	0	13.8	11.586	19.886
2020	8	5	0	0	15.1	9.686	24.486
2020	8	6	0	0	18.1	11.286000000000001	28.186
2020	8	7	0	0	20.9	14.386000000000001	31.086000000000002
2020	8	8	0	0	20.7	16.386	32.186
2020	8	9	0	0	21.2	16.086000000000002	33.385999999999996
2020	8	10	0	0	21.2	17.486	32.686
2020	8	11	0	0	21.3	16.986	31.886
2020	8	12	0	0	22.4	17.986	31.886
2020	8	13	0	0	18.7	17.786	25.386
2020	8	14	0	0	17.8	17.586000000000002	22.486
2020	8	15	0	0	19.8	15.886	27.386
2020	8	16	0	0	20.0	14.986	28.786
2020	8	17	0	0	17.8	15.186	24.686
2020	8	18	0	0	17.6	12.886000000000001	24.686
2020	8	19	0	0	18.3	10.986	24.986
2020	8	20	0	0	21.4	17.386	30.486
2020	8	21	0	0	22.4	18.486	33.086
2020	8	22	0	0	18.8	16.586000000000002	24.386
2020	8	23	0	0	17.1	12.086	22.286
2020	8	24	0	0	15.4	9.186	21.086000000000002
2020	8	25	0	0	15.0	9.186	23.286
2020	8	26	0	0	18.7	13.686	22.486
2020	8	27	0	0	14.7	9.286000000000001	21.186
2020	8	28	0	0	15.4	13.186	19.086000000000002
2020	8	29	0	0	13.3	12.186	18.986
2020	8	30	0	0	12.1	10.886000000000001	14.186
2020	8	31	0	0	13.3	11.386000000000001	17.886
2020	9	1	0	0	12.7	9.386000000000001	16.986
2020	9	2	0	0	13.1	8.386000000000001	18.386
2020	9	3	0	0	14.5	8.286000000000001	20.786
2020	9	4	0	0	17.7	15.086000000000002	24.986
2020	9	5	0	0	18.2	11.886000000000001	23.586000000000002
2020	9	6	0	0	14.6	8.186	17.686
2020	9	7	0	0	13.7	5.986	20.086000000000002
2020	9	8	0	0	13.3	6.486	22.286
2020	9	9	0	0	15.1	10.886000000000001	24.586000000000002
2020	9	10	0	0	15.4	13.086	20.586000000000002
2020	9	11	0	0	16.0	12.986	23.886
2020	9	12	0	0	16.4	12.886000000000001	24.986
2020	9	13	0	0	16.7	11.186	26.986
2020	9	14	0	0	16.7	12.386000000000001	29.386
2020	9	15	0	0	17.8	13.186	27.386
2020	9	16	0	0	17.4	12.186	24.886
2020	9	17	0	0	17.5	9.886000000000001	19.686
2020	9	18	0	0	14.9	7.2860000000000005	22.286
2020	9	19	0	0	13.2	5.186	22.786
2020	9	20	0	0	14.1	6.585999999999999	22.386
2020	9	21	0	0	14.8	7.185999999999999	24.386
2020	9	22	0	0	15.6	12.486	24.786
2020	9	23	0	0	14.8	12.986	19.986
2020	9	24	0	0	14.3	10.886000000000001	19.386
2020	9	25	0	0	8.8	6.986	12.186
2020	9	26	0	0	6.7	5.486	7.085999999999999
2020	9	27	0	0	7.5	2.886	12.286000000000001
2020	9	28	0	0	8.3	1.7859999999999998	15.486
2020	9	29	0	0	10.0	4.886	10.286000000000001
2020	9	30	0	0	11.6	7.585999999999999	14.886000000000001
2020	10	1	0	0	11.5	7.585999999999999	17.186
2020	10	2	0	0	12.4	9.186	19.386
2020	10	3	0	0	8.7	6.786	13.786000000000001
2020	10	4	0	0	9.6	6.486	15.786000000000001
2020	10	5	0	0	10.0	7.986	13.286000000000001
2020	10	6	0	0	10.6	8.786000000000001	13.486
2020	10	7	0	0	9.4	8.386000000000001	12.986
2020	10	8	0	0	10.1	8.186	14.786000000000001
2020	10	9	0	0	10.8	11.686	15.886
2020	10	10	0	0	8.3	3.686	11.686
2020	10	11	0	0	3.7	1.2859999999999998	8.586
2020	10	12	0	0	3.9	2.886	9.086
2020	10	13	0	0	5.2	3.0859999999999994	10.486
2020	10	14	0	0	4.4	2.4859999999999998	7.2860000000000005
2020	10	15	0	0	6.3	4.986	7.886
2020	10	16	0	0	7.5	4.085999999999999	8.586
2020	10	17	0	0	5.9	3.886	7.386
2020	10	18	0	0	5.2	2.0860000000000003	9.686
2020	10	19	0	0	6.4	3.2859999999999996	11.086
2020	10	20	0	0	5.1	2.4859999999999998	14.986
2020	10	21	0	0	9.3	7.685999999999999	17.686
2020	10	22	0	0	12.3	10.286000000000001	18.986
2020	10	23	0	0	12.2	11.886000000000001	15.586000000000002
2020	10	24	0	0	10.3	7.185999999999999	14.486
2020	10	25	0	0	7.5	5.686	16.586000000000002
2020	10	26	0	0	6.0	5.486	9.886000000000001
2020	10	27	0	0	5.6	4.186	9.886000000000001
2020	10	28	0	0	8.1	6.986	12.486
2020	10	29	0	0	9.4	6.486	10.186
2020	10	30	0	0	9.3	8.586	11.686
2020	10	31	0	0	6.9	7.585999999999999	15.586000000000002
2020	11	1	0	0	9.5	8.086	14.286000000000001
2020	11	2	0	0	14.4	13.486	19.386
2020	11	3	0	0	10.5	6.686	15.886
2020	11	4	0	0	6.7	1.486	7.7860000000000005
2020	11	5	0	0	7.1	-0.714	9.486
2020	11	6	0	0	3.5	-3.314	10.986
2020	11	7	0	0	3.3	-0.11399999999999999	9.886000000000001
2020	11	8	0	0	5.2	0.5860000000000001	13.686
2020	11	9	0	0	6.0	1.6860000000000002	11.186
2020	11	10	0	0	4.6	1.886	4.986
2020	11	11	0	0	6.2	3.4859999999999998	8.986
2020	11	12	0	0	7.2	3.7859999999999996	11.086
2020	11	13	0	0	6.1	3.5859999999999994	13.686
2020	11	14	0	0	6.2	7.486	16.186
2020	11	15	0	0	5.0	6.085999999999999	15.586000000000002
2020	11	16	0	0	8.0	7.085999999999999	9.486
2020	11	17	0	0	6.1	2.886	10.086
2020	11	18	0	0	3.2	1.886	13.886000000000001
2020	11	19	0	0	4.8	4.186	9.986
2020	11	20	0	0	3.1	-3.2140000000000004	4.585999999999999
2020	11	21	0	0	-1.2	-4.114	4.585999999999999
2020	11	22	0	0	-0.4	-3.5140000000000002	4.085999999999999
2020	11	23	0	0	3.3	-0.21399999999999997	4.085999999999999
2020	11	24	0	0	2.7	-0.614	4.085999999999999
2020	11	25	0	0	0.0	-2.0140000000000002	1.886
2020	11	26	0	0	0.0	-2.4139999999999997	4.085999999999999
2020	11	27	0	0	-1.2	-3.2140000000000004	7.185999999999999
2020	11	28	0	0	-1.1	-4.714	0.08600000000000008
2020	11	29	0	0	-0.8	-5.614	2.5860000000000003
2020	11	30	0	0	-1.5	-7.214	0.786
2020	12	1	0	0	0.1	-3.314	-0.41400000000000003
2020	12	2	0	0	-1.4	-3.614	-0.614
2020	12	3	0	0	-1.7	-3.5140000000000002	0.08600000000000008
2020	12	4	0	0	-2.2	-3.5140000000000002	0.486
2020	12	5	0	0	0.6	-4.514	1.1860000000000002
2020	12	6	0	0	0.8	-0.514	0.986
2020	12	7	0	0	0.6	-1.514	3.686
2020	12	8	0	0	-0.4	-2.4139999999999997	1.986
2020	12	9	0	0	0.1	-1.514	0.08600000000000008
2020	12	10	0	0	-0.2	-1.814	-0.11399999999999999
2020	12	11	0	0	-1.4	-1.714	1.486
2020	12	12	0	0	0.6	0.8859999999999999	4.186
2020	12	13	0	0	2.8	2.7859999999999996	5.085999999999999
2020	12	14	0	0	1.3	-0.11399999999999999	5.986
2020	12	15	0	0	2.5	2.186	7.986
2020	12	16	0	0	2.8	0.8859999999999999	9.086
2020	12	17	0	0	2.9	0.486	6.686
2020	12	18	0	0	2.7	0.08600000000000008	8.086
2020	12	19	0	0	-0.6	-0.31400000000000006	6.986
2020	12	20	0	0	0.7	0.986	7.386
2020	12	21	0	0	4.0	1.486	6.686
2020	12	22	0	0	10.3	6.686	11.386000000000001
2020	12	23	0	0	8.9	8.686	11.686
2020	12	24	0	0	5.9	0.18599999999999994	9.186
2020	12	25	0	0	0.7	-5.214	0.8859999999999999
2020	12	26	0	0	-3.4	-5.814	-0.714
2020	12	27	0	0	-3.8	-4.314	3.7859999999999996
2020	12	28	0	0	-0.3	-0.614	2.5860000000000003
2020	12	29	0	0	2.1	-0.714	2.386
2020	12	30	0	0	0.7	-1.314	2.5860000000000003
2020	12	31	0	0	-0.7	-2.0140000000000002	0.986
2021	1	1	0	0	0.5	-2.114	1.7859999999999998
2021	1	2	0	0	0.1	-2.5140000000000002	0.28600000000000003
2021	1	3	0	0	-0.4	-2.114	-0.714
2021	1	4	0	0	-1.1	-1.714	-0.41400000000000003
2021	1	5	0	0	-1.3	-1.214	-0.11399999999999999
2021	1	6	0	0	-1.4	-1.4140000000000001	-0.21399999999999997
2021	1	7	0	0	-1.4	-1.4140000000000001	0.486
2021	1	8	0	0	-2.4	-1.9140000000000001	-1.314
2021	1	9	0	0	-4.7	-5.214	0.5860000000000001
2021	1	10	0	0	-3.5	-9.014	0.18599999999999994
2021	1	11	0	0	-5.7	-10.713999999999999	-3.114
2021	1	12	0	0	-1.8	-3.314	-0.11399999999999999
2021	1	13	0	0	-0.8	-5.614	0.3859999999999999
2021	1	14	0	0	-1.2	-5.014	0.3859999999999999
2021	1	15	0	0	-5.8	-8.214	-0.714
2021	1	16	0	0	-5.4	-6.414000000000001	-2.814
2021	1	17	0	0	-1.7	-5.514	-0.8140000000000001
2021	1	18	0	0	-1.1	-1.114	0.6859999999999999
2021	1	19	0	0	-1.8	-2.714	1.2859999999999998
2021	1	20	0	0	-4.5	-2.4139999999999997	7.585999999999999
2021	1	21	0	0	1.1	3.5859999999999994	10.186
2021	1	22	0	0	5.0	-0.614	10.586
2021	1	23	0	0	0.3	-1.114	1.6860000000000002
2021	1	24	0	0	-2.8	-5.514	0.18599999999999994
2021	1	25	0	0	-3.0	-6.014	-0.8140000000000001
2021	1	26	0	0	-2.1	-3.5140000000000002	-0.614
2021	1	27	0	0	-3.3	-4.314	-0.21399999999999997
2021	1	28	0	0	3.0	-0.21399999999999997	8.586
2021	1	29	0	0	5.3	4.886	7.986
2021	1	30	0	0	4.2	-1.9140000000000001	5.786
2021	1	31	0	0	1.0	-2.214	0.08600000000000008
2021	2	1	0	0	4.1	-0.21399999999999997	5.486
2021	2	2	0	0	6.8	3.5859999999999994	9.086
2021	2	3	0	0	8.1	6.686	9.686
2021	2	4	0	0	5.6	2.386	8.486
2021	2	5	0	0	6.8	3.886	7.986
2021	2	6	0	0	5.9	2.386	5.585999999999999
2021	2	7	0	0	3.6	-2.9139999999999997	5.386
2021	2	8	0	0	1.3	-9.713999999999999	-2.714
2021	2	9	0	0	-0.8	-9.613999999999999	-6.314
2021	2	10	0	0	-3.7	-13.414	-9.113999999999999
2021	2	11	0	0	-9.5	-17.814	-1.9140000000000001
2021	2	12	0	0	-8.7	-14.414	-5.714
2021	2	13	0	0	-8.7	-14.113999999999999	-4.114
2021	2	14	0	0	-6.4	-13.613999999999999	0.18599999999999994
2021	2	15	0	0	-4.0	-6.714	0.786
2021	2	16	0	0	3.0	0.28600000000000003	6.986
2021	2	17	0	0	4.5	1.586	9.086
2021	2	18	0	0	1.8	-0.21399999999999997	10.686
2021	2	19	0	0	5.5	2.886	10.586
2021	2	20	0	0	3.6	2.686	15.086000000000002
2021	2	21	0	0	3.9	2.386	17.086000000000002
2021	2	22	0	0	4.1	-1.114	11.686
2021	2	23	0	0	5.9	1.386	17.786
2021	2	24	0	0	6.9	5.886	18.586000000000002
2021	2	25	0	0	6.4	3.686	17.586000000000002
2021	2	26	0	0	6.2	-0.21399999999999997	13.386000000000001
2021	2	27	0	0	3.6	-1.4140000000000001	7.986
2021	2	28	0	0	2.5	-3.0140000000000002	8.986
2021	3	1	0	0	2.7	-3.7140000000000004	13.286000000000001
2021	3	2	0	0	3.5	-1.214	13.586
2021	3	3	0	0	2.9	0.786	10.586
2021	3	4	0	0	6.7	3.7859999999999996	12.686
2021	3	5	0	0	2.8	-4.314	4.486
2021	3	6	0	0	-0.3	-6.114	5.886
2021	3	7	0	0	1.7	-6.514	5.686
2021	3	8	0	0	0.9	-6.614	6.286
2021	3	9	0	0	1.5	-4.614	5.886
2021	3	10	0	0	3.5	1.1860000000000002	7.386
2021	3	11	0	0	7.9	4.085999999999999	10.386000000000001
2021	3	12	0	0	5.6	0.5860000000000001	7.886
2021	3	13	0	0	6.0	1.486	7.886
2021	3	14	0	0	2.4	0.28600000000000003	3.7859999999999996
2021	3	15	0	0	2.3	0.3859999999999999	5.986
2021	3	16	0	0	2.5	-0.21399999999999997	5.585999999999999
2021	3	17	0	0	2.0	-1.6139999999999999	2.7859999999999996
2021	3	18	0	0	0.8	-3.4139999999999997	3.5859999999999994
2021	3	19	0	0	-0.4	-3.5140000000000002	3.7859999999999996
2021	3	20	0	0	-0.8	-5.114	1.586
2021	3	21	0	0	1.5	-0.714	3.886
2021	3	22	0	0	2.3	0.786	4.186
2021	3	23	0	0	2.7	-1.114	5.386
2021	3	24	0	0	3.8	-1.9140000000000001	12.386000000000001
2021	3	25	0	0	6.2	-0.014000000000000012	14.986
2021	3	26	0	0	8.5	0.986	15.686
2021	3	27	0	0	7.1	2.386	9.286000000000001
2021	3	28	0	0	5.9	2.4859999999999998	13.486
2021	3	29	0	0	8.2	2.4859999999999998	17.786
2021	3	30	0	0	9.6	2.2859999999999996	21.586000000000002
2021	3	31	0	0	10.7	4.486	22.586000000000002
2021	4	1	0	0	12.1	5.186	21.286
2021	4	2	0	0	7.8	1.486	10.386000000000001
2021	4	3	0	0	3.9	-1.4140000000000001	10.086
2021	4	4	0	0	3.7	-2.614	11.586
2021	4	5	0	0	3.5	-3.9139999999999997	6.286
2021	4	6	0	0	-0.7	-3.9139999999999997	2.886
2021	4	7	0	0	-0.7	-2.614	1.2859999999999998
2021	4	8	0	0	2.6	-2.9139999999999997	5.686
2021	4	9	0	0	5.8	-1.714	14.186
2021	4	10	0	0	8.9	5.286	13.086
2021	4	11	0	0	11.1	1.2859999999999998	17.786
2021	4	12	0	0	2.5	-2.614	6.585999999999999
2021	4	13	0	0	1.1	-4.114	7.386
2021	4	14	0	0	0.6	-4.614	6.085999999999999
2021	4	15	0	0	2.0	-4.114	7.2860000000000005
2021	4	16	0	0	1.2	-2.114	4.286
2021	4	17	0	0	2.7	-0.614	8.586
2021	4	18	0	0	4.0	1.486	8.586
2021	4	19	0	0	4.6	1.7859999999999998	10.086
2021	4	20	0	0	6.6	-0.21399999999999997	14.186
2021	4	21	0	0	8.6	0.6859999999999999	15.986
2021	4	22	0	0	8.2	0.08600000000000008	12.386000000000001
2021	4	23	0	0	7.0	-2.0140000000000002	14.286000000000001
2021	4	24	0	0	9.4	-0.41400000000000003	16.386
2021	4	25	0	0	9.0	0.5860000000000001	14.486
2021	4	26	0	0	8.2	-0.41400000000000003	13.686
2021	4	27	0	0	8.0	0.18599999999999994	16.086000000000002
2021	4	28	0	0	9.5	3.186	19.586000000000002
2021	4	29	0	0	11.0	1.886	13.886000000000001
2021	4	30	0	0	7.8	-1.114	7.085999999999999
2021	5	1	0	0	6.3	2.186	9.886000000000001
2021	5	2	0	0	5.9	-0.31400000000000006	11.186
2021	5	3	0	0	6.4	0.18599999999999994	12.186
2021	5	4	0	0	9.0	2.9859999999999998	14.686
2021	5	5	0	0	7.1	2.386	8.086
2021	5	6	0	0	6.7	3.0859999999999994	7.486
2021	5	7	0	0	6.6	-0.21399999999999997	10.086
2021	5	8	0	0	8.8	0.08600000000000008	16.186
2021	5	9	0	0	15.5	7.386	27.586000000000002
2021	5	10	0	0	15.1	8.886000000000001	20.586000000000002
2021	5	11	0	0	11.6	9.286000000000001	14.786000000000001
2021	5	12	0	0	9.7	6.486	12.086
2021	5	13	0	0	9.3	4.686	16.586000000000002
2021	5	14	0	0	9.4	5.386	16.486
2021	5	15	0	0	9.3	5.186	13.586
2021	5	16	0	0	9.9	6.585999999999999	15.986
2021	5	17	0	0	9.5	7.486	12.586
2021	5	18	0	0	8.7	6.286	14.286000000000001
2021	5	19	0	0	9.2	5.585999999999999	15.786000000000001
2021	5	20	0	0	9.7	5.085999999999999	15.086000000000002
2021	5	21	0	0	9.1	6.686	14.186
2021	5	22	0	0	11.0	6.186	15.786000000000001
2021	5	23	0	0	10.3	4.585999999999999	14.786000000000001
2021	5	24	0	0	8.9	3.886	17.586000000000002
2021	5	25	0	0	9.4	6.286	12.386000000000001
2021	5	26	0	0	9.5	6.886	11.786000000000001
2021	5	27	0	0	9.6	6.686	12.286000000000001
2021	5	28	0	0	11.5	6.286	14.086
2021	5	29	0	0	12.4	4.286	17.786
2021	5	30	0	0	11.1	4.585999999999999	19.086000000000002
2021	5	31	0	0	12.0	3.9859999999999998	19.786
2021	6	1	0	0	13.8	4.585999999999999	22.686
2021	6	2	0	0	16.5	7.2860000000000005	24.586000000000002
2021	6	3	0	0	17.4	10.486	25.886
2021	6	4	0	0	18.1	14.486	26.286
2021	6	5	0	0	15.5	13.986	22.486
2021	6	6	0	0	15.0	14.186	17.786
2021	6	7	0	0	16.0	13.986	21.086000000000002
2021	6	8	0	0	16.9	13.986	19.886
2021	6	9	0	0	16.7	11.586	23.586000000000002
2021	6	10	0	0	16.7	11.486	22.786
2021	6	11	0	0	17.8	10.686	25.786
2021	6	12	0	0	19.4	11.186	25.186
2021	6	13	0	0	18.0	8.286000000000001	21.286
2021	6	14	0	0	17.6	8.286000000000001	25.086000000000002
2021	6	15	0	0	19.2	11.686	27.386
2021	6	16	0	0	20.8	13.686	29.186
2021	6	17	0	0	22.4	15.386	31.686000000000003
2021	6	18	0	0	22.9	15.586000000000002	31.886
2021	6	19	0	0	24.1	18.086000000000002	30.586000000000002
2021	6	20	0	0	20.8	15.586000000000002	27.386
2021	6	21	0	0	19.3	14.586	25.586000000000002
2021	6	22	0	0	18.1	13.086	20.286
2021	6	23	0	0	18.2	14.586	23.486
2021	6	24	0	0	16.9	12.486	20.786
2021	6	25	0	0	16.3	12.386000000000001	19.086000000000002
2021	6	26	0	0	17.4	10.486	23.686
2021	6	27	0	0	19.7	12.086	27.186
2021	6	28	0	0	20.6	14.986	29.186
2021	6	29	0	0	16.9	12.686	23.886
2021	6	30	0	0	14.1	11.486	17.686
2021	7	1	0	0	14.0	11.186	13.986
2021	7	2	0	0	16.0	11.686	20.686
2021	7	3	0	0	16.9	10.986	24.286
2021	7	4	0	0	17.1	12.586	22.786
2021	7	5	0	0	16.3	11.086	21.086000000000002
2021	7	6	0	0	18.0	13.286000000000001	24.286
2021	7	7	0	0	16.8	13.386000000000001	21.386
2021	7	8	0	0	16.1	13.986	20.586000000000002
2021	7	9	0	0	16.4	11.086	18.986
2021	7	10	0	0	17.4	9.586	23.486
2021	7	11	0	0	16.0	12.486	20.886
2021	7	12	0	0	18.2	11.286000000000001	24.786
2021	7	13	0	0	15.2	11.686	18.886
2021	7	14	0	0	14.3	11.386000000000001	18.986
2021	7	15	0	0	15.1	11.386000000000001	21.186
2021	7	16	0	0	17.0	11.786000000000001	24.986
2021	7	17	0	0	18.0	14.986	22.386
2021	7	18	0	0	19.7	12.286000000000001	25.586000000000002
2021	7	19	0	0	19.7	12.886000000000001	24.686
2021	7	20	0	0	18.3	10.886000000000001	22.586000000000002
2021	7	21	0	0	18.7	9.186	23.586000000000002
2021	7	22	0	0	19.4	10.686	24.786
2021	7	23	0	0	19.7	11.186	26.386
2021	7	24	0	0	17.1	14.886000000000001	26.786
2021	7	25	0	0	17.2	14.586	22.786
2021	7	26	0	0	17.7	14.186	24.186
2021	7	27	0	0	17.9	12.986	24.186
2021	7	28	0	0	17.2	14.186	21.286
2021	7	29	0	0	18.4	10.886000000000001	21.986
2021	7	30	0	0	18.8	11.086	24.886
2021	7	31	0	0	18.8	11.786000000000001	21.086000000000002
2021	8	1	0	0	14.1	12.286000000000001	19.686
2021	8	2	0	0	15.0	10.586	19.186
2021	8	3	0	0	13.7	10.386000000000001	19.186
2021	8	4	0	0	14.7	12.386000000000001	18.986
2021	8	5	0	0	15.6	11.386000000000001	21.886
2021	8	6	0	0	16.4	11.886000000000001	20.786
2021	8	7	0	0	14.6	11.986	20.286
2021	8	8	0	0	14.9	10.486	19.386
2021	8	9	0	0	15.1	8.986	21.986
2021	8	10	0	0	17.3	11.186	22.586000000000002
2021	8	11	0	0	19.4	12.186	25.486
2021	8	12	0	0	20.8	13.086	27.486
2021	8	13	0	0	22.3	15.086000000000002	27.786
2021	8	14	0	0	22.8	13.486	27.786
2021	8	15	0	0	20.7	13.486	28.286
2021	8	16	0	0	17.9	9.786000000000001	21.786
2021	8	17	0	0	13.8	7.886	16.386
2021	8	18	0	0	15.4	10.886000000000001	17.586000000000002
2021	8	19	0	0	16.9	13.886000000000001	18.986
2021	8	20	0	0	18.1	12.986	22.986
2021	8	21	0	0	17.9	11.886000000000001	26.186
2021	8	22	0	0	16.9	13.086	18.386
2021	8	23	0	0	15.0	9.686	19.586000000000002
2021	8	24	0	0	13.6	8.086	18.986
2021	8	25	0	0	14.3	7.7860000000000005	20.186
2021	8	26	0	0	12.2	10.186	17.886
2021	8	27	0	0	13.3	10.086	15.186
2021	8	28	0	0	12.0	10.186	15.986
2021	8	29	0	0	11.9	10.886000000000001	13.886000000000001
2021	8	30	0	0	13.9	11.786000000000001	16.586000000000002
2021	8	31	0	0	14.1	8.786000000000001	18.686
2021	9	1	0	0	12.9	7.585999999999999	20.986
2021	9	2	0	0	13.9	8.286000000000001	22.686
2021	9	3	0	0	14.4	8.286000000000001	23.586000000000002
2021	9	4	0	0	14.6	9.186	24.486
2021	9	5	0	0	15.2	9.686	25.386
2021	9	6	0	0	15.4	9.386000000000001	25.186
2021	9	7	0	0	14.6	10.786000000000001	24.486
2021	9	8	0	0	15.7	9.886000000000001	25.186
2021	9	9	0	0	16.8	13.786000000000001	25.186
2021	9	10	0	0	16.9	13.486	23.386
2021	9	11	0	0	16.5	13.486	21.886
2021	9	12	0	0	15.4	11.486	21.086000000000002
2021	9	13	0	0	15.9	9.686	22.886
2021	9	14	0	0	17.1	13.186	25.386
2021	9	15	0	0	17.8	16.386	19.786
2021	9	16	0	0	16.0	8.986	16.586000000000002
2021	9	17	0	0	12.2	8.786000000000001	18.186
2021	9	18	0	0	11.6	7.085999999999999	20.086000000000002
2021	9	19	0	0	11.1	6.986	17.086000000000002
2021	9	20	0	0	12.4	8.586	14.686
2021	9	21	0	0	11.1	5.286	15.586000000000002
2021	9	22	0	0	9.4	3.5859999999999994	17.086000000000002
2021	9	23	0	0	10.8	5.886	20.186
2021	9	24	0	0	12.2	8.486	19.686
2021	9	25	0	0	14.3	8.086	23.786
2021	9	26	0	0	15.9	12.186	21.386
2021	9	27	0	0	15.6	12.786000000000001	20.586000000000002
2021	9	28	0	0	13.9	8.886000000000001	16.586000000000002
2021	9	29	0	0	12.9	7.085999999999999	16.986
2021	9	30	0	0	8.8	3.886	13.486
2021	10	1	0	0	9.5	4.986	18.986
2021	10	2	0	0	12.7	8.786000000000001	20.786
2021	10	3	0	0	13.6	11.786000000000001	18.086000000000002
2021	10	4	0	0	11.7	8.586	12.686
2021	10	5	0	0	11.2	8.986	14.686
2021	10	6	0	0	9.4	7.986	12.786000000000001
2021	10	7	0	0	9.5	5.886	14.186
2021	10	8	0	0	10.8	4.286	15.286000000000001
2021	10	9	0	0	8.7	2.2859999999999996	15.386
2021	10	10	0	0	5.2	0.18599999999999994	13.286000000000001
2021	10	11	0	0	5.5	-0.714	11.586
2021	10	12	0	0	7.8	3.186	9.286000000000001
2021	10	13	0	0	5.7	0.5860000000000001	9.486
2021	10	14	0	0	4.5	3.886	10.986
2021	10	15	0	0	5.6	2.686	12.286000000000001
2021	10	16	0	0	5.9	2.4859999999999998	12.786000000000001
2021	10	17	0	0	4.1	1.6860000000000002	12.086
2021	10	18	0	0	5.9	4.386	9.586
2021	10	19	0	0	7.7	4.585999999999999	15.386
2021	10	20	0	0	11.0	6.786	18.686
2021	10	21	0	0	11.9	4.286	14.086
2021	10	22	0	0	6.6	1.2859999999999998	8.086
2021	10	23	0	0	4.5	0.786	10.486
2021	10	24	0	0	3.3	-0.914	13.986
2021	10	25	0	0	4.4	1.486	15.386
2021	10	26	0	0	6.1	5.085999999999999	12.886000000000001
2021	10	27	0	0	5.9	3.0859999999999994	13.386000000000001
2021	10	28	0	0	7.4	1.6860000000000002	11.586
2021	10	29	0	0	4.6	0.786	12.386000000000001
2021	10	30	0	0	5.4	-0.914	10.686
2021	10	31	0	0	9.0	8.586	18.586000000000002
2021	11	1	0	0	7.2	3.9859999999999998	11.486
2021	11	2	0	0	5.5	2.5860000000000003	9.186
2021	11	3	0	0	4.7	2.386	8.086
2021	11	4	0	0	4.6	3.386	5.186
2021	11	5	0	0	4.1	0.18599999999999994	6.486
2021	11	6	0	0	2.4	-0.714	4.585999999999999
2021	11	7	0	0	3.4	0.3859999999999999	5.386
2021	11	8	0	0	3.9	1.486	7.7860000000000005
2021	11	9	0	0	2.1	-0.914	9.686
2021	11	10	0	0	1.9	-0.614	7.886
2021	11	11	0	0	2.6	-3.314	5.486
2021	11	12	0	0	1.2	-3.0140000000000002	2.886
2021	11	13	0	0	3.9	-0.21399999999999997	6.085999999999999
2021	11	14	0	0	6.6	4.686	8.186
2021	11	15	0	0	4.2	4.085999999999999	5.486
2021	11	16	0	0	3.6	2.9859999999999998	4.486
2021	11	17	0	0	3.8	2.5860000000000003	3.5859999999999994
2021	11	18	0	0	3.0	3.2859999999999996	5.386
2021	11	19	0	0	0.1	3.0859999999999994	4.585999999999999
2021	11	20	0	0	2.0	3.4859999999999998	7.185999999999999
2021	11	21	0	0	1.8	1.2859999999999998	3.5859999999999994
2021	11	22	0	0	3.1	-2.5140000000000002	5.886
2021	11	23	0	0	1.3	-4.414	4.486
2021	11	24	0	0	0.1	-3.2140000000000004	5.986
2021	11	25	0	0	-0.2	-1.814	-0.8140000000000001
2021	11	26	0	0	0.3	-1.6139999999999999	0.986
2021	11	27	0	0	0.8	-2.4139999999999997	2.686
2021	11	28	0	0	-0.2	-2.0140000000000002	1.086
2021	11	29	0	0	-0.5	-2.0140000000000002	0.5860000000000001
2021	11	30	0	0	0.6	-1.214	2.4859999999999998
2021	12	1	0	0	4.9	2.4859999999999998	6.585999999999999
2021	12	2	0	0	1.9	-2.114	3.5859999999999994
2021	12	3	0	0	-1.6	-2.614	0.28600000000000003
2021	12	4	0	0	3.7	-0.714	6.886
2021	12	5	0	0	1.1	-2.9139999999999997	4.085999999999999
2021	12	6	0	0	-0.1	-3.5140000000000002	0.5860000000000001
2021	12	7	0	0	0.0	-1.014	3.186
2021	12	8	0	0	-0.1	-0.514	2.0860000000000003
2021	12	9	0	0	0.7	-0.21399999999999997	0.8859999999999999
2021	12	10	0	0	-1.4	-2.214	0.6859999999999999
2021	12	11	0	0	0.9	-0.914	1.2859999999999998
2021	12	12	0	0	0.8	-0.21399999999999997	3.186
2021	12	13	0	0	2.6	2.2859999999999996	4.986
2021	12	14	0	0	1.3	2.686	3.886
2021	12	15	0	0	2.6	2.5860000000000003	5.386
2021	12	16	0	0	2.0	1.386	5.386
2021	12	17	0	0	2.6	-0.914	4.085999999999999
2021	12	18	0	0	-0.4	-0.21399999999999997	2.5860000000000003
2021	12	19	0	0	-1.8	-0.11399999999999999	1.1860000000000002
2021	12	20	0	0	-0.1	-4.114	3.886
2021	12	21	0	0	-3.0	-6.714	0.18599999999999994
2021	12	22	0	0	-3.9	-8.014	-0.014000000000000012
2021	12	23	0	0	-1.0	-7.014	5.886
2021	12	24	0	0	2.9	5.386	6.986
2021	12	25	0	0	4.3	-0.514	5.786
2021	12	26	0	0	3.6	-0.614	3.386
2021	12	27	0	0	5.9	3.2859999999999996	6.786
2021	12	28	0	0	6.7	4.186	8.486
2021	12	29	0	0	6.8	5.886	10.286000000000001
2021	12	30	0	0	11.1	9.786000000000001	11.886000000000001
2021	12	31	0	0	8.2	7.7860000000000005	12.286000000000001
