YYYY	MM	DD	hh	mm	RS
2016	1	1	0	0	26.536278971673894
2016	1	2	0	0	51.88264788550551
2016	1	3	0	0	16.7245622527156
2016	1	4	0	0	40.0309153756291
2016	1	5	0	0	56.0895324443806
2016	1	6	0	0	12.5758178095467
2016	1	7	0	0	20.6425613800308
2016	1	8	0	0	60.506616658982
2016	1	9	0	0	33.1397156015193
2016	1	10	0	0	39.84384027102711
2016	1	11	0	0	14.6369870419209
2016	1	12	0	0	57.8615660750607
2016	1	13	0	0	34.1264848168365
2016	1	14	0	0	17.642408078400397
2016	1	15	0	0	23.8899895754972
2016	1	16	0	0	30.416377163656
2016	1	17	0	0	15.5010092661495
2016	1	18	0	0	30.8981938399093
2016	1	19	0	0	6.19368676148459
2016	1	20	0	0	18.4257061843958
2016	1	21	0	0	56.8637870105746
2016	1	22	0	0	64.2575812134416
2016	1	23	0	0	28.7255989224076
2016	1	24	0	0	12.2379666743735
2016	1	25	0	0	69.653633583707
2016	1	26	0	0	72.5813127314391
2016	1	27	0	0	76.02014577825129
2016	1	28	0	0	64.6439828196789
2016	1	29	0	0	40.0317893928499
2016	1	30	0	0	63.7869808571801
2016	1	31	0	0	61.8283869497108
2016	2	1	0	0	19.4404132453848
2016	2	2	0	0	8.990209663064519
2016	2	3	0	0	65.0793798509787
2016	2	4	0	0	35.9594704436831
2016	2	5	0	0	14.892320667496
2016	2	6	0	0	26.5353467528894
2016	2	7	0	0	19.0784373396054
2016	2	8	0	0	14.8960834626285
2016	2	9	0	0	31.526003968159
2016	2	10	0	0	37.6106749363606
2016	2	11	0	0	22.657029426217605
2016	2	12	0	0	96.53403064909028
2016	2	13	0	0	63.4758808530362
2016	2	14	0	0	117.627640272175
2016	2	15	0	0	120.475027467775
2016	2	16	0	0	118.97795374058998
2016	2	17	0	0	116.936921480887
2016	2	18	0	0	94.0998422110026
2016	2	19	0	0	120.049769756184
2016	2	20	0	0	125.104916755951
2016	2	21	0	0	129.789936451479
2016	2	22	0	0	53.719665628086005
2016	2	23	0	0	101.458532407499
2016	2	24	0	0	40.451464078985
2016	2	25	0	0	4.82624484690974
2016	2	26	0	0	10.7485130515819
2016	2	27	0	0	46.6535767033306
2016	2	28	0	0	66.0933882604861
2016	2	29	0	0	72.88731850502955
2016	3	1	0	0	79.681248749573
2016	3	2	0	0	55.4650120620697
2016	3	3	0	0	8.946993402172131
2016	3	4	0	0	25.8672396941883
2016	3	5	0	0	123.103565937705
2016	3	6	0	0	152.304746736632
2016	3	7	0	0	121.414680095398
2016	3	8	0	0	8.772496586691231
2016	3	9	0	0	21.5991244175358
2016	3	10	0	0	71.3901817210894
2016	3	11	0	0	85.117749206186
2016	3	12	0	0	70.0554088455621
2016	3	13	0	0	40.714049928714296
2016	3	14	0	0	187.402637364175
2016	3	15	0	0	98.2534318859975
2016	3	16	0	0	71.7238310273658
2016	3	17	0	0	119.337884911334
2016	3	18	0	0	169.986554171585
2016	3	19	0	0	54.5473937862013
2016	3	20	0	0	59.090597292982
2016	3	21	0	0	147.755799772441
2016	3	22	0	0	140.629601253765
2016	3	23	0	0	178.66935492935502
2016	3	24	0	0	221.29386252368
2016	3	25	0	0	139.864217944406
2016	3	26	0	0	128.047150075414
2016	3	27	0	0	193.335746957764
2016	3	28	0	0	154.316484505617
2016	3	29	0	0	70.1463666346586
2016	3	30	0	0	117.267939940033
2016	3	31	0	0	24.9270625499438
2016	4	1	0	0	22.353626169033895
2016	4	2	0	0	64.6099102842076
2016	4	3	0	0	111.478151591073
2016	4	4	0	0	56.3830014998024
2016	4	5	0	0	102.287073074017
2016	4	6	0	0	226.98535821028705
2016	4	7	0	0	13.7105250809998
2016	4	8	0	0	88.8776615287148
2016	4	9	0	0	66.825871083052
2016	4	10	0	0	56.7797635025778
2016	4	11	0	0	205.000618567795
2016	4	12	0	0	78.1045702400327
2016	4	13	0	0	128.334033163838
2016	4	14	0	0	91.69974519182291
2016	4	15	0	0	92.4023034657193
2016	4	16	0	0	135.953249856473
2016	4	17	0	0	55.0485075771678
2016	4	18	0	0	261.476631024498
2016	4	19	0	0	260.136244626303
2016	4	20	0	0	262.104168758069
2016	4	21	0	0	126.732535071072
2016	4	22	0	0	275.963582055731
2016	4	23	0	0	175.010593257607
2016	4	24	0	0	254.508589000434
2016	4	25	0	0	108.756728942812
2016	4	26	0	0	228.701539630684
2016	4	27	0	0	99.2207828202815
2016	4	28	0	0	93.5423891983468
2016	4	29	0	0	94.18385100141458
2016	4	30	0	0	73.85582417429531
2016	5	1	0	0	145.489021096727
2016	5	2	0	0	84.500700896952
2016	5	3	0	0	284.770112340886
2016	5	4	0	0	284.513704698492
2016	5	5	0	0	256.563555684724
2016	5	6	0	0	187.297540291367
2016	5	7	0	0	201.346015544605
2016	5	8	0	0	294.295871393039
2016	5	9	0	0	239.113131913924
2016	5	10	0	0	257.567723570006
2016	5	11	0	0	284.530356592915
2016	5	12	0	0	256.841403268921
2016	5	13	0	0	185.074172801469
2016	5	14	0	0	155.82376985223
2016	5	15	0	0	100.829156098922
2016	5	16	0	0	205.196045335859
2016	5	17	0	0	230.30055600879905
2016	5	18	0	0	301.024889659528
2016	5	19	0	0	303.478575753803
2016	5	20	0	0	229.497889900134
2016	5	21	0	0	57.0272603957292
2016	5	22	0	0	235.871172145983
2016	5	23	0	0	287.724944165774
2016	5	24	0	0	320.927790365041
2016	5	25	0	0	278.344390331969
2016	5	26	0	0	258.16396701604697
2016	5	27	0	0	216.24872852201
2016	5	28	0	0	254.777133681258
2016	5	29	0	0	91.2596131253962
2016	5	30	0	0	63.6439937178844
2016	5	31	0	0	232.303434767118
2016	6	1	0	0	108.184174523439
2016	6	2	0	0	183.435108707122
2016	6	3	0	0	213.174501552678
2016	6	4	0	0	156.877553344419
2016	6	5	0	0	114.67184839115
2016	6	6	0	0	151.560224684368
2016	6	7	0	0	177.585087815317
2016	6	8	0	0	133.61778240259
2016	6	9	0	0	162.547181248957
2016	6	10	0	0	332.326876422864
2016	6	11	0	0	353.036422296254
2016	6	12	0	0	331.72176735545
2016	6	13	0	0	332.082849245331
2016	6	14	0	0	330.86832435739103
2016	6	15	0	0	344.234542799675
2016	6	16	0	0	321.103416920022
2016	6	17	0	0	316.187931087206
2016	6	18	0	0	275.752937174162
2016	6	19	0	0	222.713555455239
2016	6	20	0	0	210.610636445908
2016	6	21	0	0	283.353795196376
2016	6	22	0	0	348.093678156487
2016	6	23	0	0	340.904353913979
2016	6	24	0	0	325.994347891281
2016	6	25	0	0	278.117817981619
2016	6	26	0	0	213.455765983075
2016	6	27	0	0	229.14076422810905
2016	6	28	0	0	162.881924754925
2016	6	29	0	0	102.587539447945
2016	6	30	0	0	92.70886820007392
2016	7	1	0	0	206.237190483196
2016	7	2	0	0	218.25626745114
2016	7	3	0	0	284.767978909063
2016	7	4	0	0	204.670398086857
2016	7	5	0	0	122.227926097428
2016	7	6	0	0	121.742467263825
2016	7	7	0	0	142.244018458872
2016	7	8	0	0	209.711610026315
2016	7	9	0	0	160.00891440465
2016	7	10	0	0	168.727193020982
2016	7	11	0	0	175.989253520201
2016	7	12	0	0	198.182360044435
2016	7	13	0	0	299.053262606668
2016	7	14	0	0	154.546942127743
2016	7	15	0	0	150.826293693653
2016	7	16	0	0	170.137681020102
2016	7	17	0	0	249.247773553691
2016	7	18	0	0	211.270519836268
2016	7	19	0	0	221.517989134948
2016	7	20	0	0	238.85370591551103
2016	7	21	0	0	293.023020180003
2016	7	22	0	0	210.81517626686696
2016	7	23	0	0	134.179396512429
2016	7	24	0	0	163.805795890307
2016	7	25	0	0	268.029087913969
2016	7	26	0	0	281.258111713036
2016	7	27	0	0	230.28044372748
2016	7	28	0	0	217.505958241349
2016	7	29	0	0	212.604042389943
2016	7	30	0	0	263.561954565196
2016	7	31	0	0	236.013149834197
2016	8	1	0	0	118.016769244423
2016	8	2	0	0	146.243244592973
2016	8	3	0	0	118.507312733745
2016	8	4	0	0	154.48619647148
2016	8	5	0	0	249.70338678712
2016	8	6	0	0	272.770570703545
2016	8	7	0	0	260.336630688179
2016	8	8	0	0	205.825676280697
2016	8	9	0	0	151.475062252877
2016	8	10	0	0	160.20463131839
2016	8	11	0	0	209.488083044798
2016	8	12	0	0	218.086431007715
2016	8	13	0	0	175.380906288716
2016	8	14	0	0	119.607222242615
2016	8	15	0	0	117.318170700717
2016	8	16	0	0	99.38439665638408
2016	8	17	0	0	21.0261474776505
2016	8	18	0	0	110.667341345549
2016	8	19	0	0	134.651522784141
2016	8	20	0	0	111.713025003844
2016	8	21	0	0	120.974173213728
2016	8	22	0	0	205.192656109563
2016	8	23	0	0	80.20486127080841
2016	8	24	0	0	161.315018207334
2016	8	25	0	0	115.075772588134
2016	8	26	0	0	141.85353641579
2016	8	27	0	0	167.932172806062
2016	8	28	0	0	213.3290110224
2016	8	29	0	0	213.061320199118
2016	8	30	0	0	115.452960341268
2016	8	31	0	0	63.7498713146691
2016	9	1	0	0	200.23243732591203
2016	9	2	0	0	224.385794661187
2016	9	3	0	0	238.04071242281003
2016	9	4	0	0	218.987699491879
2016	9	5	0	0	211.248782172933
2016	9	6	0	0	173.27961303712502
2016	9	7	0	0	201.842158131107
2016	9	8	0	0	194.864399438591
2016	9	9	0	0	150.0588866796
2016	9	10	0	0	127.255200023554
2016	9	11	0	0	134.443310727557
2016	9	12	0	0	118.860855532598
2016	9	13	0	0	81.7545213879105
2016	9	14	0	0	121.566343144897
2016	9	15	0	0	148.155809733921
2016	9	16	0	0	153.203508588413
2016	9	17	0	0	175.61981319921298
2016	9	18	0	0	120.489449628821
2016	9	19	0	0	93.2560797949811
2016	9	20	0	0	180.26667906286
2016	9	21	0	0	173.93965028746
2016	9	22	0	0	173.608999546511
2016	9	23	0	0	160.810499130192
2016	9	24	0	0	150.994756164624
2016	9	25	0	0	148.74526801955798
2016	9	26	0	0	143.01132609706002
2016	9	27	0	0	47.99193298255671
2016	9	28	0	0	160.934875013231
2016	9	29	0	0	148.236461913255
2016	9	30	0	0	149.27447945425502
2016	10	1	0	0	105.435330859933
2016	10	2	0	0	141.66436229052098
2016	10	3	0	0	122.926923166951
2016	10	4	0	0	132.548381723631
2016	10	5	0	0	122.445916549765
2016	10	6	0	0	123.87422268113998
2016	10	7	0	0	31.8938006605808
2016	10	8	0	0	69.2210016495046
2016	10	9	0	0	113.039433959601
2016	10	10	0	0	86.40019592242821
2016	10	11	0	0	116.597996295688
2016	10	12	0	0	89.28505567035829
2016	10	13	0	0	70.0860443846937
2016	10	14	0	0	99.456440576021
2016	10	15	0	0	96.3273733157774
2016	10	16	0	0	115.813764514956
2016	10	17	0	0	82.44287915040441
2016	10	18	0	0	40.5271564745494
2016	10	19	0	0	100.127379067766
2016	10	20	0	0	101.741612794914
2016	10	21	0	0	79.0681564559713
2016	10	22	0	0	84.2544095717991
2016	10	23	0	0	94.4778715957296
2016	10	24	0	0	91.9826893872558
2016	10	25	0	0	93.2529765893374
2016	10	26	0	0	97.6437859712497
2016	10	27	0	0	94.7215207436779
2016	10	28	0	0	85.4819307784386
2016	10	29	0	0	89.5384029184609
2016	10	30	0	0	91.267144311524
2016	10	31	0	0	89.07367127006658
2016	11	1	0	0	85.5103194619254
2016	11	2	0	0	82.3431117665265
2016	11	3	0	0	81.58793297831359
2016	11	4	0	0	38.04072692730861
2016	11	5	0	0	73.3206091690613
2016	11	6	0	0	77.4373491763696
2016	11	7	0	0	77.95319521479558
2016	11	8	0	0	45.8544599429003
2016	11	9	0	0	70.1598302527956
2016	11	10	0	0	10.8930262539587
2016	11	11	0	0	17.2705202864614
2016	11	12	0	0	12.3356978998692
2016	11	13	0	0	35.5679318901615
2016	11	14	0	0	11.2655541906011
2016	11	15	0	0	25.640762601276
2016	11	16	0	0	54.468784096524
2016	11	17	0	0	15.644174536340802
2016	11	18	0	0	28.1898443198844
2016	11	19	0	0	62.8044618163923
2016	11	20	0	0	18.3920109102235
2016	11	21	0	0	53.3533718007516
2016	11	22	0	0	58.3633814205968
2016	11	23	0	0	57.0936590850675
2016	11	24	0	0	56.74908561526061
2016	11	25	0	0	20.4084532706957
2016	11	26	0	0	26.590945285075897
2016	11	27	0	0	50.3413168398154
2016	11	28	0	0	55.643556053019
2016	11	29	0	0	53.9768770793274
2016	11	30	0	0	53.9202335298889
2016	12	1	0	0	19.2231427482822
2016	12	2	0	0	57.594438843640205
2016	12	3	0	0	19.1224669789725
2016	12	4	0	0	15.3303594041111
2016	12	5	0	0	9.23296237849094
2016	12	6	0	0	50.1596895985594
2016	12	7	0	0	51.9932930634392
2016	12	8	0	0	45.1949675293559
2016	12	9	0	0	42.7315187632218
2016	12	10	0	0	49.3171219394264
2016	12	11	0	0	50.648276167282
2016	12	12	0	0	48.316939208949
2016	12	13	0	0	48.8134733954244
2016	12	14	0	0	49.17800691567329
2016	12	15	0	0	13.7518741104981
2016	12	16	0	0	27.0227012802345
2016	12	17	0	0	42.67815979805261
2016	12	18	0	0	27.4002079950462
2016	12	19	0	0	6.57809255385708
2016	12	20	0	0	14.2740513942759
2016	12	21	0	0	39.7959393349134
2016	12	22	0	0	40.2398193671657
2016	12	23	0	0	42.6431149141824
2016	12	24	0	0	6.01800017166155
2016	12	25	0	0	7.5584766881891
2016	12	26	0	0	24.723750295896696
2016	12	27	0	0	10.4505445004447
2016	12	28	0	0	16.3035022889229
2016	12	29	0	0	11.7833951193272
2016	12	30	0	0	50.59212469271901
2016	12	31	0	0	25.3473305163163
2017	1	1	0	0	13.059557744122698
2017	1	2	0	0	31.878009049792105
2017	1	3	0	0	34.3654950778304
2017	1	4	0	0	6.7621307926564
2017	1	5	0	0	15.4156618864756
2017	1	6	0	0	15.8997501693582
2017	1	7	0	0	29.090614633140103
2017	1	8	0	0	11.4799057811375
2017	1	9	0	0	19.5111725880296
2017	1	10	0	0	18.5276780338672
2017	1	11	0	0	29.085903200742894
2017	1	12	0	0	18.547591074322604
2017	1	13	0	0	19.029584559718
2017	1	14	0	0	59.3649734709818
2017	1	15	0	0	44.1236557446058
2017	1	16	0	0	53.8290564691739
2017	1	17	0	0	17.6247354644915
2017	1	18	0	0	35.282462195594505
2017	1	19	0	0	58.8770239734375
2017	1	20	0	0	61.9672766107026
2017	1	21	0	0	63.6750973931262
2017	1	22	0	0	70.28105007271719
2017	1	23	0	0	70.1975801238839
2017	1	24	0	0	67.1439489877532
2017	1	25	0	0	65.8776742798848
2017	1	26	0	0	69.3182199551795
2017	1	27	0	0	70.853286089414
2017	1	28	0	0	27.3399808000926
2017	1	29	0	0	58.708109548784506
2017	1	30	0	0	23.1132613893078
2017	1	31	0	0	24.5384567145019
2017	2	1	0	0	57.3150822141907
2017	2	2	0	0	40.9627570900815
2017	2	3	0	0	33.5635286420953
2017	2	4	0	0	43.399554496195
2017	2	5	0	0	59.7637713773823
2017	2	6	0	0	59.9220267299168
2017	2	7	0	0	87.59317738846909
2017	2	8	0	0	19.1439909397351
2017	2	9	0	0	30.991525043505103
2017	2	10	0	0	69.9702122840468
2017	2	11	0	0	88.21104779977631
2017	2	12	0	0	101.973630405268
2017	2	13	0	0	103.477246049148
2017	2	14	0	0	53.3100647179096
2017	2	15	0	0	56.8082956184956
2017	2	16	0	0	117.754831459355
2017	2	17	0	0	45.3159418531064
2017	2	18	0	0	32.197285267897804
2017	2	19	0	0	78.7308709937753
2017	2	20	0	0	128.952689775298
2017	2	21	0	0	138.65297145742
2017	2	22	0	0	144.018640865827
2017	2	23	0	0	152.896025670657
2017	2	24	0	0	144.388447987207
2017	2	25	0	0	151.69426947776
2017	2	26	0	0	151.273871794883
2017	2	27	0	0	154.889082905061
2017	2	28	0	0	154.56193157126498
2017	3	1	0	0	157.862619878747
2017	3	2	0	0	57.9876885217755
2017	3	3	0	0	80.5911378140224
2017	3	4	0	0	141.239400151895
2017	3	5	0	0	85.0383733976483
2017	3	6	0	0	88.72933162497591
2017	3	7	0	0	150.899510851792
2017	3	8	0	0	133.103096970787
2017	3	9	0	0	115.568464549514
2017	3	10	0	0	58.9637094561834
2017	3	11	0	0	167.490487342041
2017	3	12	0	0	140.76820406189302
2017	3	13	0	0	168.484327642009
2017	3	14	0	0	165.913947999971
2017	3	15	0	0	154.407495966944
2017	3	16	0	0	63.9448553318713
2017	3	17	0	0	52.5892326585699
2017	3	18	0	0	98.6083979114802
2017	3	19	0	0	60.1264891314832
2017	3	20	0	0	14.2891985690287
2017	3	21	0	0	99.8460627243682
2017	3	22	0	0	76.3319268849954
2017	3	23	0	0	92.9329947395924
2017	3	24	0	0	101.709690137517
2017	3	25	0	0	23.4361301060352
2017	3	26	0	0	194.776750347034
2017	3	27	0	0	45.2493107181732
2017	3	28	0	0	127.264971926623
2017	3	29	0	0	77.966400257995
2017	3	30	0	0	78.13810899547408
2017	3	31	0	0	81.05624098997819
2017	4	1	0	0	212.040303996209
2017	4	2	0	0	75.2934859015636
2017	4	3	0	0	103.285161733226
2017	4	4	0	0	157.032839435093
2017	4	5	0	0	208.181306125318
2017	4	6	0	0	192.726936904184
2017	4	7	0	0	60.8481900355703
2017	4	8	0	0	68.6710224118323
2017	4	9	0	0	241.59990101097
2017	4	10	0	0	250.020745683511
2017	4	11	0	0	244.156389915602
2017	4	12	0	0	207.61653735622696
2017	4	13	0	0	168.950801094767
2017	4	14	0	0	260.390810553719
2017	4	15	0	0	259.216540418705
2017	4	16	0	0	251.261618378236
2017	4	17	0	0	256.93236899793703
2017	4	18	0	0	263.68630879865503
2017	4	19	0	0	255.194798742714
2017	4	20	0	0	242.930850009169
2017	4	21	0	0	236.310924214188
2017	4	22	0	0	240.782874385382
2017	4	23	0	0	245.292189426945
2017	4	24	0	0	259.719565930191
2017	4	25	0	0	266.269653537744
2017	4	26	0	0	258.530338444092
2017	4	27	0	0	259.791790445994
2017	4	28	0	0	250.936149963535
2017	4	29	0	0	218.08761607245305
2017	4	30	0	0	56.3993775635946
2017	5	1	0	0	227.48413257449903
2017	5	2	0	0	293.577615805885
2017	5	3	0	0	268.724583773359
2017	5	4	0	0	147.918610135946
2017	5	5	0	0	111.4229118084
2017	5	6	0	0	113.618421486994
2017	5	7	0	0	199.66041360104697
2017	5	8	0	0	255.581913253049
2017	5	9	0	0	301.590091402991
2017	5	10	0	0	123.371719771548
2017	5	11	0	0	137.635905042876
2017	5	12	0	0	226.472722890522
2017	5	13	0	0	112.907795330226
2017	5	14	0	0	109.673803658077
2017	5	15	0	0	210.722323931339
2017	5	16	0	0	175.550358331665
2017	5	17	0	0	207.203805831503
2017	5	18	0	0	174.78167328223202
2017	5	19	0	0	267.289513198216
2017	5	20	0	0	270.983627678107
2017	5	21	0	0	258.757368182508
2017	5	22	0	0	117.870186030778
2017	5	23	0	0	266.123234715502
2017	5	24	0	0	243.698097357773
2017	5	25	0	0	299.493280497268
2017	5	26	0	0	235.718182476731
2017	5	27	0	0	309.92579567205104
2017	5	28	0	0	307.818717736232
2017	5	29	0	0	316.252774724754
2017	5	30	0	0	214.043343535634
2017	5	31	0	0	241.184774773154
2017	6	1	0	0	332.601353026581
2017	6	2	0	0	295.187197444512
2017	6	3	0	0	207.129651098342
2017	6	4	0	0	179.59332673365898
2017	6	5	0	0	92.58501457231908
2017	6	6	0	0	149.497238377434
2017	6	7	0	0	151.52251032560198
2017	6	8	0	0	222.763984076334
2017	6	9	0	0	322.09746327092097
2017	6	10	0	0	338.673489366113
2017	6	11	0	0	346.222626503122
2017	6	12	0	0	350.707271571928
2017	6	13	0	0	346.02026428247905
2017	6	14	0	0	357.515940963341
2017	6	15	0	0	300.591232784187
2017	6	16	0	0	307.317055202573
2017	6	17	0	0	332.60545245595404
2017	6	18	0	0	188.187405326555
2017	6	19	0	0	74.72186788557859
2017	6	20	0	0	54.6885728468697
2017	6	21	0	0	170.103788770992
2017	6	22	0	0	295.676313045913
2017	6	23	0	0	262.407389919088
2017	6	24	0	0	329.380001635578
2017	6	25	0	0	171.60029122156098
2017	6	26	0	0	141.179599661364
2017	6	27	0	0	257.497110118024
2017	6	28	0	0	207.06490806105305
2017	6	29	0	0	304.432179817776
2017	6	30	0	0	327.09307270206403
2017	7	1	0	0	309.562336373269
2017	7	2	0	0	179.02111412509498
2017	7	3	0	0	246.660351130412
2017	7	4	0	0	224.556946145745
2017	7	5	0	0	212.763366190337
2017	7	6	0	0	209.69340676625905
2017	7	7	0	0	324.517125433159
2017	7	8	0	0	343.777218738228
2017	7	9	0	0	340.070431143112
2017	7	10	0	0	313.863765370812
2017	7	11	0	0	334.169001448445
2017	7	12	0	0	308.204567422551
2017	7	13	0	0	241.015096181884
2017	7	14	0	0	339.588867666633
2017	7	15	0	0	301.045937818254
2017	7	16	0	0	335.632033537237
2017	7	17	0	0	327.329506271795
2017	7	18	0	0	235.952123245569
2017	7	19	0	0	78.49438485300179
2017	7	20	0	0	163.949760216162
2017	7	21	0	0	147.44379918802798
2017	7	22	0	0	78.0718074198904
2017	7	23	0	0	133.088984885479
2017	7	24	0	0	227.546598261525
2017	7	25	0	0	327.416168334271
2017	7	26	0	0	321.857758047151
2017	7	27	0	0	304.347714678041
2017	7	28	0	0	296.985653652019
2017	7	29	0	0	233.59600784368
2017	7	30	0	0	76.6386820882542
2017	7	31	0	0	135.979521967317
2017	8	1	0	0	116.516922949353
2017	8	2	0	0	301.287052421674
2017	8	3	0	0	301.125430442854
2017	8	4	0	0	304.553258744421
2017	8	5	0	0	205.536676751522
2017	8	6	0	0	174.883766437132
2017	8	7	0	0	276.364801229898
2017	8	8	0	0	259.519900193587
2017	8	9	0	0	220.622864527554
2017	8	10	0	0	171.346383203497
2017	8	11	0	0	167.443474858986
2017	8	12	0	0	273.125596243491
2017	8	13	0	0	136.244839596788
2017	8	14	0	0	227.449796341008
2017	8	15	0	0	255.391142464334
2017	8	16	0	0	259.631660593624
2017	8	17	0	0	261.723651901333
2017	8	18	0	0	231.760233142504
2017	8	19	0	0	229.77399391444803
2017	8	20	0	0	240.154928670634
2017	8	21	0	0	267.37422161474
2017	8	22	0	0	104.039956240481
2017	8	23	0	0	117.936437001538
2017	8	24	0	0	127.216227068903
2017	8	25	0	0	118.292220569175
2017	8	26	0	0	153.976534876175
2017	8	27	0	0	160.910950332452
2017	8	28	0	0	151.32938474191002
2017	8	29	0	0	84.2623223581482
2017	8	30	0	0	65.0670488219732
2017	8	31	0	0	81.6277792786821
2017	9	1	0	0	243.999745369232
2017	9	2	0	0	224.154825258792
2017	9	3	0	0	186.26563564527305
2017	9	4	0	0	226.096101617299
2017	9	5	0	0	225.876556782338
2017	9	6	0	0	199.47785222968895
2017	9	7	0	0	177.717615012893
2017	9	8	0	0	121.57615132415
2017	9	9	0	0	65.41247569805779
2017	9	10	0	0	175.277232701604
2017	9	11	0	0	111.923289181439
2017	9	12	0	0	28.044629682705803
2017	9	13	0	0	73.5157634765847
2017	9	14	0	0	179.10212816603598
2017	9	15	0	0	63.05659010822829
2017	9	16	0	0	23.381916626089
2017	9	17	0	0	65.8260215828162
2017	9	18	0	0	164.83628666903
2017	9	19	0	0	173.058248013598
2017	9	20	0	0	175.722586851692
2017	9	21	0	0	173.94477831740002
2017	9	22	0	0	167.748047305469
2017	9	23	0	0	160.153069255946
2017	9	24	0	0	32.94162429476889
2017	9	25	0	0	152.693747662267
2017	9	26	0	0	164.749019918061
2017	9	27	0	0	25.7886512754323
2017	9	28	0	0	94.2231853627627
2017	9	29	0	0	150.762026191061
2017	9	30	0	0	103.573056676448
2017	10	1	0	0	30.974890507154104
2017	10	2	0	0	141.288410876261
2017	10	3	0	0	134.150703100341
2017	10	4	0	0	105.029986771507
2017	10	5	0	0	103.32504232203
2017	10	6	0	0	83.8921178049224
2017	10	7	0	0	121.595333350009
2017	10	8	0	0	87.25805514171091
2017	10	9	0	0	116.399283369244
2017	10	10	0	0	108.092552520987
2017	10	11	0	0	50.3363123393877
2017	10	12	0	0	27.9658686698729
2017	10	13	0	0	107.65764372171
2017	10	14	0	0	93.0781765016282
2017	10	15	0	0	61.93795951411239
2017	10	16	0	0	56.5847213792314
2017	10	17	0	0	62.352981426670894
2017	10	18	0	0	29.1346368269213
2017	10	19	0	0	103.798996275014
2017	10	20	0	0	106.749340892415
2017	10	21	0	0	60.1074533919037
2017	10	22	0	0	102.928371540045
2017	10	23	0	0	94.6146349265082
2017	10	24	0	0	92.0712212059309
2017	10	25	0	0	79.6171442122938
2017	10	26	0	0	33.477125188471305
2017	10	27	0	0	81.1199813390955
2017	10	28	0	0	22.5115659639261
2017	10	29	0	0	54.1773646374343
2017	10	30	0	0	27.9515562336451
2017	10	31	0	0	74.730324253199
2017	11	1	0	0	34.934941407624194
2017	11	2	0	0	22.594243245926
2017	11	3	0	0	21.0631983487702
2017	11	4	0	0	34.9911554861238
2017	11	5	0	0	13.6566986797421
2017	11	6	0	0	23.867065674530203
2017	11	7	0	0	70.12823188610679
2017	11	8	0	0	55.619341202639895
2017	11	9	0	0	10.8563196046122
2017	11	10	0	0	26.589409068993803
2017	11	11	0	0	62.11587125082
2017	11	12	0	0	65.45571400286009
2017	11	13	0	0	65.88814816039721
2017	11	14	0	0	23.6055850346789
2017	11	15	0	0	20.8008633147994
2017	11	16	0	0	59.04200882682901
2017	11	17	0	0	20.198207811659803
2017	11	18	0	0	15.774193231337302
2017	11	19	0	0	13.7827459360787
2017	11	20	0	0	43.0889686056661
2017	11	21	0	0	6.38670616795787
2017	11	22	0	0	8.369919753151999
2017	11	23	0	0	18.1266071387704
2017	11	24	0	0	8.900167653837869
2017	11	25	0	0	31.7124009040388
2017	11	26	0	0	12.5812422731146
2017	11	27	0	0	17.3888755852859
2017	11	28	0	0	7.9368364754459
2017	11	29	0	0	6.66206407316779
2017	11	30	0	0	17.8729669602623
2017	12	1	0	0	18.6569020593334
2017	12	2	0	0	56.8538686153992
2017	12	3	0	0	46.9522743773092
2017	12	4	0	0	41.3888631621874
2017	12	5	0	0	50.6552736740277
2017	12	6	0	0	54.16977208257871
2017	12	7	0	0	20.5856783750205
2017	12	8	0	0	9.4326144272819
2017	12	9	0	0	14.023157296204
2017	12	10	0	0	34.2975740748334
2017	12	11	0	0	41.3837505259761
2017	12	12	0	0	11.1236528229439
2017	12	13	0	0	21.0331512296057
2017	12	14	0	0	46.77003306359139
2017	12	15	0	0	47.744100418206
2017	12	16	0	0	38.84801738259871
2017	12	17	0	0	6.575665192590789
2017	12	18	0	0	25.4724610507041
2017	12	19	0	0	11.7791316853304
2017	12	20	0	0	43.032354892194704
2017	12	21	0	0	11.193581415291
2017	12	22	0	0	17.3412523981249
2017	12	23	0	0	7.78229274992723
2017	12	24	0	0	24.9597079034145
2017	12	25	0	0	21.3462284195052
2017	12	26	0	0	17.728178493422398
2017	12	27	0	0	34.6088530918795
2017	12	28	0	0	5.286371881271731
2017	12	29	0	0	8.550461498688389
2017	12	30	0	0	15.1321764236549
2017	12	31	0	0	35.061036432392605
2018	1	1	0	0	52.1430813792083
2018	1	2	0	0	45.82262688319511
2018	1	3	0	0	39.5044562862936
2018	1	4	0	0	57.1786637237735
2018	1	5	0	0	18.1549468077225
2018	1	6	0	0	52.2354495978745
2018	1	7	0	0	53.27603317433329
2018	1	8	0	0	61.7940065845794
2018	1	9	0	0	11.621779221360002
2018	1	10	0	0	40.678920834059895
2018	1	11	0	0	7.728026351910549
2018	1	12	0	0	7.7627519454714
2018	1	13	0	0	10.6587382901856
2018	1	14	0	0	53.2238086427497
2018	1	15	0	0	13.533555378069698
2018	1	16	0	0	20.6328727739318
2018	1	17	0	0	13.9742958021566
2018	1	18	0	0	59.663042108453
2018	1	19	0	0	9.07758817324297
2018	1	20	0	0	65.9077140931964
2018	1	21	0	0	63.72468794287151
2018	1	22	0	0	40.8437377418568
2018	1	23	0	0	11.7236548404227
2018	1	24	0	0	56.3570972253962
2018	1	25	0	0	46.135721677997104
2018	1	26	0	0	74.9882884487165
2018	1	27	0	0	61.9280437916182
2018	1	28	0	0	20.696845491915603
2018	1	29	0	0	5.3906216531149695
2018	1	30	0	0	80.24160517269871
2018	1	31	0	0	72.53217067037521
2018	2	1	0	0	72.843006231774
2018	2	2	0	0	41.314851109865
2018	2	3	0	0	48.43405841891229
2018	2	4	0	0	17.300489841531302
2018	2	5	0	0	88.3635300114007
2018	2	6	0	0	79.3326807971577
2018	2	7	0	0	96.1968774440358
2018	2	8	0	0	95.9945377662077
2018	2	9	0	0	35.9784763982951
2018	2	10	0	0	67.9600067778298
2018	2	11	0	0	60.830041026063206
2018	2	12	0	0	22.1114688754841
2018	2	13	0	0	51.1248278316615
2018	2	14	0	0	42.5284785880386
2018	2	15	0	0	118.789772991407
2018	2	16	0	0	121.21933231696998
2018	2	17	0	0	121.331001907346
2018	2	18	0	0	96.957886825456
2018	2	19	0	0	59.8852951214588
2018	2	20	0	0	117.01393600866
2018	2	21	0	0	123.469969508531
2018	2	22	0	0	128.132878201064
2018	2	23	0	0	123.226714555375
2018	2	24	0	0	109.733158596288
2018	2	25	0	0	83.8431397169464
2018	2	26	0	0	26.4903396136328
2018	2	27	0	0	23.1681378954015
2018	2	28	0	0	33.7720018910709
2018	3	1	0	0	127.616211392198
2018	3	2	0	0	117.184195655797
2018	3	3	0	0	41.3798527956472
2018	3	4	0	0	70.51425139109321
2018	3	5	0	0	108.020701047993
2018	3	6	0	0	120.132402387834
2018	3	7	0	0	160.04127877945498
2018	3	8	0	0	170.81564264281
2018	3	9	0	0	166.98131323646402
2018	3	10	0	0	179.95116869344102
2018	3	11	0	0	118.31848520458
2018	3	12	0	0	79.19840154069779
2018	3	13	0	0	180.034254632673
2018	3	14	0	0	112.332464299146
2018	3	15	0	0	92.10979089243072
2018	3	16	0	0	95.6251944029401
2018	3	17	0	0	108.667539905515
2018	3	18	0	0	150.830539090766
2018	3	19	0	0	63.1558823881555
2018	3	20	0	0	39.1105379294747
2018	3	21	0	0	97.550104903692
2018	3	22	0	0	154.966833278585
2018	3	23	0	0	163.431567683192
2018	3	24	0	0	165.513238896137
2018	3	25	0	0	202.73437294269505
2018	3	26	0	0	199.75002788680305
2018	3	27	0	0	40.8696654918824
2018	3	28	0	0	39.4535091186919
2018	3	29	0	0	12.3733010175985
2018	3	30	0	0	98.9289250160343
2018	3	31	0	0	192.37205204318295
2018	4	1	0	0	176.946461395653
2018	4	2	0	0	47.866144798903
2018	4	3	0	0	111.457188573091
2018	4	4	0	0	111.0663693868
2018	4	5	0	0	146.127092244371
2018	4	6	0	0	78.0432186643386
2018	4	7	0	0	118.421596558087
2018	4	8	0	0	93.45614300895409
2018	4	9	0	0	201.881035909911
2018	4	10	0	0	186.877133330149
2018	4	11	0	0	180.36887864356095
2018	4	12	0	0	184.345189740168
2018	4	13	0	0	115.332906858921
2018	4	14	0	0	29.689559309582897
2018	4	15	0	0	110.400318029159
2018	4	16	0	0	136.124180301705
2018	4	17	0	0	185.56735373526
2018	4	18	0	0	143.72638806580602
2018	4	19	0	0	154.571502077836
2018	4	20	0	0	163.759741657006
2018	4	21	0	0	139.784847372466
2018	4	22	0	0	201.24154175627
2018	4	23	0	0	78.909161964692
2018	4	24	0	0	198.331179490255
2018	4	25	0	0	181.10297797828
2018	4	26	0	0	269.201013957363
2018	4	27	0	0	119.014407340615
2018	4	28	0	0	191.452879401279
2018	4	29	0	0	200.63070432556
2018	4	30	0	0	111.087485919993
2018	5	1	0	0	100.413814927384
2018	5	2	0	0	258.794993003657
2018	5	3	0	0	107.434642517508
2018	5	4	0	0	290.20635986253
2018	5	5	0	0	288.840009285824
2018	5	6	0	0	287.64665632266497
2018	5	7	0	0	298.52934840009
2018	5	8	0	0	37.7239089588094
2018	5	9	0	0	221.72740840162004
2018	5	10	0	0	106.558816778877
2018	5	11	0	0	89.58185841685949
2018	5	12	0	0	111.955861057527
2018	5	13	0	0	71.43599718011741
2018	5	14	0	0	130.627421512547
2018	5	15	0	0	235.1066406926
2018	5	16	0	0	99.6202493464168
2018	5	17	0	0	117.765383006903
2018	5	18	0	0	247.786610657516
2018	5	19	0	0	208.703337988739
2018	5	20	0	0	100.185452985281
2018	5	21	0	0	294.51147828219
2018	5	22	0	0	97.153803676402
2018	5	23	0	0	41.7716493564276
2018	5	24	0	0	61.0813337436463
2018	5	25	0	0	152.45102966846
2018	5	26	0	0	114.108006409483
2018	5	27	0	0	113.401407128139
2018	5	28	0	0	105.831736701552
2018	5	29	0	0	148.909252844203
2018	5	30	0	0	268.992049660902
2018	5	31	0	0	114.744537622359
2018	6	1	0	0	209.50446124077095
2018	6	2	0	0	145.706532298047
2018	6	3	0	0	133.045740234325
2018	6	4	0	0	64.2326281615118
2018	6	5	0	0	171.947687743948
2018	6	6	0	0	186.28789624176895
2018	6	7	0	0	262.68439772733603
2018	6	8	0	0	201.04923223777803
2018	6	9	0	0	220.68776184793495
2018	6	10	0	0	248.59809642383
2018	6	11	0	0	221.964880848134
2018	6	12	0	0	269.44026298809
2018	6	13	0	0	265.387436456444
2018	6	14	0	0	259.232867686463
2018	6	15	0	0	155.999933342858
2018	6	16	0	0	220.10750397056
2018	6	17	0	0	112.957469430797
2018	6	18	0	0	276.98274507083903
2018	6	19	0	0	311.165871850408
2018	6	20	0	0	324.202667861581
2018	6	21	0	0	318.634003516695
2018	6	22	0	0	229.661738250119
2018	6	23	0	0	261.284986749876
2018	6	24	0	0	173.752035683192
2018	6	25	0	0	257.976824410963
2018	6	26	0	0	164.099363117523
2018	6	27	0	0	154.858363201304
2018	6	28	0	0	211.26993991163505
2018	6	29	0	0	197.51908457173096
2018	6	30	0	0	293.431067308066
2018	7	1	0	0	287.81437234985003
2018	7	2	0	0	256.810343788192
2018	7	3	0	0	265.266416888599
2018	7	4	0	0	206.263088380432
2018	7	5	0	0	110.444653620723
2018	7	6	0	0	232.151434504335
2018	7	7	0	0	205.738140926178
2018	7	8	0	0	109.89748566497
2018	7	9	0	0	95.4339346037111
2018	7	10	0	0	132.150696514402
2018	7	11	0	0	205.728311030796
2018	7	12	0	0	176.10749545463298
2018	7	13	0	0	246.97036518799
2018	7	14	0	0	188.848883693687
2018	7	15	0	0	258.867337139584
2018	7	16	0	0	250.581878570576
2018	7	17	0	0	210.506981369934
2018	7	18	0	0	137.08377212114598
2018	7	19	0	0	240.48259698545
2018	7	20	0	0	227.552896936025
2018	7	21	0	0	281.035254239246
2018	7	22	0	0	139.542481864008
2018	7	23	0	0	148.169449220191
2018	7	24	0	0	241.526586806246
2018	7	25	0	0	279.898300531844
2018	7	26	0	0	290.82801507113
2018	7	27	0	0	233.630879163389
2018	7	28	0	0	217.27534807572
2018	7	29	0	0	252.634750869099
2018	7	30	0	0	220.42329621592603
2018	7	31	0	0	302.519445456335
2018	8	1	0	0	286.506267137115
2018	8	2	0	0	283.859243735824
2018	8	3	0	0	247.592345714205
2018	8	4	0	0	193.306569199987
2018	8	5	0	0	107.527987639108
2018	8	6	0	0	99.1034147466427
2018	8	7	0	0	181.605606563975
2018	8	8	0	0	224.377311456026
2018	8	9	0	0	252.234552409272
2018	8	10	0	0	245.117779496388
2018	8	11	0	0	239.054692716476
2018	8	12	0	0	246.605631173875
2018	8	13	0	0	263.983687658721
2018	8	14	0	0	48.239076443948704
2018	8	15	0	0	59.0146245038072
2018	8	16	0	0	251.97827312253895
2018	8	17	0	0	241.387960738593
2018	8	18	0	0	244.88389683579496
2018	8	19	0	0	247.189278366168
2018	8	20	0	0	76.7281491837193
2018	8	21	0	0	180.616214798821
2018	8	22	0	0	247.494266261001
2018	8	23	0	0	36.98368975621951
2018	8	24	0	0	156.320308066168
2018	8	25	0	0	223.67354024781503
2018	8	26	0	0	204.751653798277
2018	8	27	0	0	155.609570714632
2018	8	28	0	0	148.710408082509
2018	8	29	0	0	179.994145810452
2018	8	30	0	0	201.538961432407
2018	8	31	0	0	220.69745139082295
2018	9	1	0	0	215.653035617261
2018	9	2	0	0	224.23908825445
2018	9	3	0	0	221.13568446624905
2018	9	4	0	0	217.754771795221
2018	9	5	0	0	217.05504369734905
2018	9	6	0	0	209.995138389918
2018	9	7	0	0	112.370486635528
2018	9	8	0	0	73.45644131853692
2018	9	9	0	0	187.948699039653
2018	9	10	0	0	121.102516541657
2018	9	11	0	0	88.1309951830015
2018	9	12	0	0	173.141424289656
2018	9	13	0	0	138.055696108929
2018	9	14	0	0	50.0772961068524
2018	9	15	0	0	171.987415786267
2018	9	16	0	0	193.389935632648
2018	9	17	0	0	183.649051835093
2018	9	18	0	0	104.022751839285
2018	9	19	0	0	184.318604111514
2018	9	20	0	0	134.933061076997
2018	9	21	0	0	98.5726889050114
2018	9	22	0	0	33.854049424427096
2018	9	23	0	0	12.2793349511639
2018	9	24	0	0	106.053425080696
2018	9	25	0	0	70.971442994817
2018	9	26	0	0	21.7640720761655
2018	9	27	0	0	66.3139429156881
2018	9	28	0	0	81.6467458273749
2018	9	29	0	0	156.14395554725002
2018	9	30	0	0	41.79977497729861
2018	10	1	0	0	142.815401842775
2018	10	2	0	0	97.997958938331
2018	10	3	0	0	55.15590431057979
2018	10	4	0	0	103.445787697769
2018	10	5	0	0	86.052329291905
2018	10	6	0	0	122.798259020514
2018	10	7	0	0	132.765706065095
2018	10	8	0	0	130.161710351845
2018	10	9	0	0	113.281910701311
2018	10	10	0	0	61.276371504907
2018	10	11	0	0	33.513527946353
2018	10	12	0	0	97.3208882252629
2018	10	13	0	0	69.8407277029698
2018	10	14	0	0	112.630818233735
2018	10	15	0	0	111.959931963838
2018	10	16	0	0	61.0950167536761
2018	10	17	0	0	109.014597614355
2018	10	18	0	0	70.89867011040309
2018	10	19	0	0	46.7258095564348
2018	10	20	0	0	36.9142686218354
2018	10	21	0	0	74.6835477063594
2018	10	22	0	0	96.0121633514671
2018	10	23	0	0	25.4953824805828
2018	10	24	0	0	36.760686115477
2018	10	25	0	0	96.13338005667627
2018	10	26	0	0	62.8446168628514
2018	10	27	0	0	39.9644033537212
2018	10	28	0	0	96.7663456529397
2018	10	29	0	0	78.8715699525257
2018	10	30	0	0	53.331244432284
2018	10	31	0	0	74.86949051732459
2018	11	1	0	0	20.8819181295372
2018	11	2	0	0	90.6897502959223
2018	11	3	0	0	86.9201281709297
2018	11	4	0	0	82.63017791504959
2018	11	5	0	0	86.7239253303523
2018	11	6	0	0	78.31128491881441
2018	11	7	0	0	77.939619163512
2018	11	8	0	0	71.7625574439203
2018	11	9	0	0	72.2944437664566
2018	11	10	0	0	30.937679540891104
2018	11	11	0	0	9.04315159163194
2018	11	12	0	0	30.542704499298896
2018	11	13	0	0	17.6858955269164
2018	11	14	0	0	23.136485360527395
2018	11	15	0	0	69.9097536567778
2018	11	16	0	0	62.9283798414286
2018	11	17	0	0	65.8900604426842
2018	11	18	0	0	59.6965110126174
2018	11	19	0	0	16.6121618593856
2018	11	20	0	0	49.442038875861904
2018	11	21	0	0	61.91930043030501
2018	11	22	0	0	54.55773521513571
2018	11	23	0	0	13.6068716676194
2018	11	24	0	0	54.6848155020769
2018	11	25	0	0	14.675217622966098
2018	11	26	0	0	7.89958412480396
2018	11	27	0	0	26.1550420512399
2018	11	28	0	0	49.1995635149348
2018	11	29	0	0	6.37380150742225
2018	11	30	0	0	6.37617720693681
2018	12	1	0	0	19.6116741179346
2018	12	2	0	0	21.1753043825344
2018	12	3	0	0	16.939680383439
2018	12	4	0	0	13.0414359856697
2018	12	5	0	0	11.3557166767438
2018	12	6	0	0	26.635859931441495
2018	12	7	0	0	21.641574032930304
2018	12	8	0	0	6.3265051155187
2018	12	9	0	0	52.100296500486
2018	12	10	0	0	16.227572488178698
2018	12	11	0	0	16.029364122718597
2018	12	12	0	0	11.2787757513157
2018	12	13	0	0	46.243130569002
2018	12	14	0	0	9.44220692803732
2018	12	15	0	0	7.19442869098972
2018	12	16	0	0	34.4053355142729
2018	12	17	0	0	32.5579894193232
2018	12	18	0	0	18.277856039120604
2018	12	19	0	0	26.9818143292766
2018	12	20	0	0	23.5027629226972
2018	12	21	0	0	22.858946500594698
2018	12	22	0	0	7.34285672987141
2018	12	23	0	0	25.5941838418818
2018	12	24	0	0	15.769764887717304
2018	12	25	0	0	17.9844019494468
2018	12	26	0	0	15.9280413849926
2018	12	27	0	0	9.311202294440813
2018	12	28	0	0	33.3115348091657
2018	12	29	0	0	14.8098046683902
2018	12	30	0	0	21.6381872240054
2018	12	31	0	0	16.7658449978914
2019	1	1	0	0	30.7761400076444
2019	1	2	0	0	29.8162594350934
2019	1	3	0	0	13.027909180464
2019	1	4	0	0	28.180419258674306
2019	1	5	0	0	12.6060706796915
2019	1	6	0	0	9.86996536488217
2019	1	7	0	0	52.7366751858175
2019	1	8	0	0	22.878461717102297
2019	1	9	0	0	8.947693064776939
2019	1	10	0	0	54.7987858621206
2019	1	11	0	0	21.1117901792049
2019	1	12	0	0	22.6884591785991
2019	1	13	0	0	7.79619466787598
2019	1	14	0	0	14.7522471999641
2019	1	15	0	0	15.566551210401402
2019	1	16	0	0	33.0070421973031
2019	1	17	0	0	21.892922476898
2019	1	18	0	0	23.8030239667904
2019	1	19	0	0	61.8994365220816
2019	1	20	0	0	17.5635104403172
2019	1	21	0	0	18.1490549618142
2019	1	22	0	0	57.4439639607246
2019	1	23	0	0	25.598295711727
2019	1	24	0	0	17.783566182877802
2019	1	25	0	0	7.92180321991351
2019	1	26	0	0	56.83704724560929
2019	1	27	0	0	32.1760580466298
2019	1	28	0	0	2.6829505481461497
2019	1	29	0	0	4.012284679454931
2019	1	30	0	0	9.78820243322592
2019	1	31	0	0	27.488574786196605
2019	2	1	0	0	7.611921127117469
2019	2	2	0	0	5.73689464050734
2019	2	3	0	0	19.3862529828185
2019	2	4	0	0	37.546864567323496
2019	2	5	0	0	40.235522729983394
2019	2	6	0	0	74.7485173284888
2019	2	7	0	0	28.1659884299758
2019	2	8	0	0	8.33793326094121
2019	2	9	0	0	53.075379142923005
2019	2	10	0	0	38.667927660876295
2019	2	11	0	0	37.23932094053461
2019	2	12	0	0	16.4938118429794
2019	2	13	0	0	68.278398308568
2019	2	14	0	0	29.6269323372751
2019	2	15	0	0	63.1311495688355
2019	2	16	0	0	34.8613994875239
2019	2	17	0	0	64.59017631110561
2019	2	18	0	0	11.678610018740402
2019	2	19	0	0	49.95926448555471
2019	2	20	0	0	23.2233657923243
2019	2	21	0	0	15.556906334572
2019	2	22	0	0	42.340520007716
2019	2	23	0	0	52.146778670621394
2019	2	24	0	0	45.2076512953759
2019	2	25	0	0	136.942074391024
2019	2	26	0	0	118.05659223184
2019	2	27	0	0	35.445278314494
2019	2	28	0	0	39.7270882637821
2019	3	1	0	0	54.2379263232897
2019	3	2	0	0	101.041379518951
2019	3	3	0	0	81.9919119079982
2019	3	4	0	0	7.21119408057144
2019	3	5	0	0	52.62613919802629
2019	3	6	0	0	164.679192101718
2019	3	7	0	0	143.077380876613
2019	3	8	0	0	61.524128083629705
2019	3	9	0	0	82.017472570726
2019	3	10	0	0	55.8751748337404
2019	3	11	0	0	88.2930524251222
2019	3	12	0	0	22.466326090455297
2019	3	13	0	0	61.9501988918771
2019	3	14	0	0	146.849489640531
2019	3	15	0	0	187.534323524853
2019	3	16	0	0	25.8411868654013
2019	3	17	0	0	129.111406520997
2019	3	18	0	0	185.64916190963
2019	3	19	0	0	51.97997745499951
2019	3	20	0	0	66.9907197041712
2019	3	21	0	0	50.6071045716101
2019	3	22	0	0	32.678649617616
2019	3	23	0	0	71.5729963143842
2019	3	24	0	0	76.0927795171706
2019	3	25	0	0	23.304931427278294
2019	3	26	0	0	78.7456550427748
2019	3	27	0	0	163.56651415772
2019	3	28	0	0	116.286614258503
2019	3	29	0	0	42.0829990266872
2019	3	30	0	0	37.8606953246355
2019	3	31	0	0	28.448251219909302
2019	4	1	0	0	230.098248358046
2019	4	2	0	0	222.485133141916
2019	4	3	0	0	216.303773895714
2019	4	4	0	0	226.663088582421
2019	4	5	0	0	210.594735602088
2019	4	6	0	0	229.374865302565
2019	4	7	0	0	233.006280934551
2019	4	8	0	0	188.59307087486695
2019	4	9	0	0	186.526274695561
2019	4	10	0	0	128.246007986365
2019	4	11	0	0	41.1962262953497
2019	4	12	0	0	164.762985282832
2019	4	13	0	0	79.9751390145077
2019	4	14	0	0	253.300124151898
2019	4	15	0	0	98.8419033861696
2019	4	16	0	0	259.937531282068
2019	4	17	0	0	185.548050677576
2019	4	18	0	0	112.891682874057
2019	4	19	0	0	167.766621236588
2019	4	20	0	0	260.575988203498
2019	4	21	0	0	267.656967605131
2019	4	22	0	0	261.35684719075
2019	4	23	0	0	271.283955684059
2019	4	24	0	0	274.646338041763
2019	4	25	0	0	279.771702585923
2019	4	26	0	0	287.180853371597
2019	4	27	0	0	263.742173998162
2019	4	28	0	0	288.893268073864
2019	4	29	0	0	286.023545616046
2019	4	30	0	0	286.239506962848
2019	5	1	0	0	298.45180553607
2019	5	2	0	0	285.385490452034
2019	5	3	0	0	303.322618239579
2019	5	4	0	0	252.545082245712
2019	5	5	0	0	288.768130302728
2019	5	6	0	0	280.336171136054
2019	5	7	0	0	241.092675773966
2019	5	8	0	0	144.926279015079
2019	5	9	0	0	245.764986608185
2019	5	10	0	0	300.691735066587
2019	5	11	0	0	253.792773596032
2019	5	12	0	0	166.810075239375
2019	5	13	0	0	115.918481892856
2019	5	14	0	0	154.028768745328
2019	5	15	0	0	152.714770681086
2019	5	16	0	0	113.374650575117
2019	5	17	0	0	140.588709802666
2019	5	18	0	0	170.56799748318198
2019	5	19	0	0	110.656227024383
2019	5	20	0	0	166.325407770756
2019	5	21	0	0	83.3217188691067
2019	5	22	0	0	197.830546911329
2019	5	23	0	0	105.544066634992
2019	5	24	0	0	53.2346726666068
2019	5	25	0	0	195.996211692332
2019	5	26	0	0	308.355227077039
2019	5	27	0	0	131.272225839122
2019	5	28	0	0	245.214854629184
2019	5	29	0	0	326.633052262204
2019	5	30	0	0	244.285760749514
2019	5	31	0	0	189.440666227766
2019	6	1	0	0	239.59068137092495
2019	6	2	0	0	305.235977044908
2019	6	3	0	0	131.249160294534
2019	6	4	0	0	146.04729589738702
2019	6	5	0	0	283.168160165326
2019	6	6	0	0	310.71387017238
2019	6	7	0	0	340.415920404615
2019	6	8	0	0	309.085385090736
2019	6	9	0	0	316.781484582444
2019	6	10	0	0	207.009375980214
2019	6	11	0	0	67.9280453129445
2019	6	12	0	0	327.664883745582
2019	6	13	0	0	341.775877581046
2019	6	14	0	0	204.398152003322
2019	6	15	0	0	108.968474494089
2019	6	16	0	0	53.8866753491504
2019	6	17	0	0	178.51216298797902
2019	6	18	0	0	239.449701856661
2019	6	19	0	0	179.426599718085
2019	6	20	0	0	181.235404780126
2019	6	21	0	0	247.167078107786
2019	6	22	0	0	207.114421780214
2019	6	23	0	0	258.945932329677
2019	6	24	0	0	168.29256487302
2019	6	25	0	0	178.93581821173802
2019	6	26	0	0	34.7294120080821
2019	6	27	0	0	46.7294120485341
2019	6	28	0	0	220.090890544202
2019	6	29	0	0	263.540212601284
2019	6	30	0	0	302.621160787362
2019	7	1	0	0	260.869896895967
2019	7	2	0	0	89.0806550507954
2019	7	3	0	0	57.77355664400821
2019	7	4	0	0	46.033122779591
2019	7	5	0	0	45.7612288797094
2019	7	6	0	0	26.6234039435434
2019	7	7	0	0	130.46001463002
2019	7	8	0	0	120.409317356319
2019	7	9	0	0	265.467877061711
2019	7	10	0	0	257.473847327704
2019	7	11	0	0	245.469669936098
2019	7	12	0	0	315.913391150229
2019	7	13	0	0	193.960144283038
2019	7	14	0	0	245.49485672587895
2019	7	15	0	0	265.776217600614
2019	7	16	0	0	298.595866147345
2019	7	17	0	0	250.897159199716
2019	7	18	0	0	28.1225059831515
2019	7	19	0	0	219.435423276516
2019	7	20	0	0	180.854215893581
2019	7	21	0	0	264.265935775216
2019	7	22	0	0	252.65461873756
2019	7	23	0	0	121.729203700162
2019	7	24	0	0	188.970512085754
2019	7	25	0	0	197.51610908067295
2019	7	26	0	0	241.90221079588105
2019	7	27	0	0	128.528195513123
2019	7	28	0	0	210.471083374652
2019	7	29	0	0	240.777392146185
2019	7	30	0	0	187.105208923532
2019	7	31	0	0	142.570233308625
2019	8	1	0	0	171.019899575443
2019	8	2	0	0	101.657302849619
2019	8	3	0	0	225.017662460956
2019	8	4	0	0	107.231292729518
2019	8	5	0	0	89.9778348569306
2019	8	6	0	0	168.875597261869
2019	8	7	0	0	256.640359718058
2019	8	8	0	0	46.7811774083502
2019	8	9	0	0	60.1788960679095
2019	8	10	0	0	179.007622392793
2019	8	11	0	0	152.91234148593
2019	8	12	0	0	58.5957289163023
2019	8	13	0	0	39.6349312004779
2019	8	14	0	0	93.3568344769672
2019	8	15	0	0	93.81989329131692
2019	8	16	0	0	121.299855121499
2019	8	17	0	0	210.71285849356
2019	8	18	0	0	215.821466470317
2019	8	19	0	0	129.587835441114
2019	8	20	0	0	110.255673186559
2019	8	21	0	0	214.455081327821
2019	8	22	0	0	174.74590704733
2019	8	23	0	0	184.446447130178
2019	8	24	0	0	163.97782109328
2019	8	25	0	0	105.685072486371
2019	8	26	0	0	63.6512941278058
2019	8	27	0	0	15.3370721575877
2019	8	28	0	0	37.0430379394748
2019	8	29	0	0	21.0683159946368
2019	8	30	0	0	121.319321645465
2019	8	31	0	0	57.9308453439431
2019	9	1	0	0	155.314259976697
2019	9	2	0	0	161.57865484975798
2019	9	3	0	0	92.3852505104796
2019	9	4	0	0	17.928708759787604
2019	9	5	0	0	56.3760113686937
2019	9	6	0	0	131.560150037237
2019	9	7	0	0	22.821591321521694
2019	9	8	0	0	116.771744010827
2019	9	9	0	0	182.79691366594
2019	9	10	0	0	190.749597346134
2019	9	11	0	0	182.631135108634
2019	9	12	0	0	202.232073675889
2019	9	13	0	0	167.209547628235
2019	9	14	0	0	111.322385218891
2019	9	15	0	0	168.025002899562
2019	9	16	0	0	167.570193514693
2019	9	17	0	0	37.7519323027676
2019	9	18	0	0	62.1604327737562
2019	9	19	0	0	19.9617902405996
2019	9	20	0	0	27.218707955108695
2019	9	21	0	0	57.3020838419375
2019	9	22	0	0	67.6390266725772
2019	9	23	0	0	114.034072823987
2019	9	24	0	0	106.971218376215
2019	9	25	0	0	52.815447418522
2019	9	26	0	0	104.785721702279
2019	9	27	0	0	28.7251424949624
2019	9	28	0	0	14.7002403730232
2019	9	29	0	0	104.99714891554702
2019	9	30	0	0	155.114551178919
2019	10	1	0	0	151.298671285758
2019	10	2	0	0	139.441718191797
2019	10	3	0	0	56.28615143324921
2019	10	4	0	0	113.352519434408
2019	10	5	0	0	83.69913876478941
2019	10	6	0	0	95.927476779959
2019	10	7	0	0	126.422652711907
2019	10	8	0	0	128.21056984903402
2019	10	9	0	0	132.49056637298798
2019	10	10	0	0	127.533833670234
2019	10	11	0	0	119.992303047551
2019	10	12	0	0	123.346343825749
2019	10	13	0	0	115.352612234762
2019	10	14	0	0	120.633229297226
2019	10	15	0	0	125.009675605831
2019	10	16	0	0	125.729368836795
2019	10	17	0	0	119.548435065273
2019	10	18	0	0	111.881819586635
2019	10	19	0	0	103.700490222735
2019	10	20	0	0	105.562470101557
2019	10	21	0	0	90.01717374073108
2019	10	22	0	0	109.338357331243
2019	10	23	0	0	73.8775418884796
2019	10	24	0	0	86.95313055529341
2019	10	25	0	0	26.6829746752892
2019	10	26	0	0	38.27645986688261
2019	10	27	0	0	98.0639351556541
2019	10	28	0	0	91.05474144975872
2019	10	29	0	0	97.1487067138128
2019	10	30	0	0	85.8208232659711
2019	10	31	0	0	79.7938371856785
2019	11	1	0	0	72.22010582924959
2019	11	2	0	0	44.5193699995058
2019	11	3	0	0	44.9683731634383
2019	11	4	0	0	67.537043076139
2019	11	5	0	0	4.6223704832261605
2019	11	6	0	0	81.5525571757832
2019	11	7	0	0	74.0294229710366
2019	11	8	0	0	59.5865088831061
2019	11	9	0	0	1.9935125250714696
2019	11	10	0	0	7.6792063494042
2019	11	11	0	0	53.1565000544021
2019	11	12	0	0	22.0521002268682
2019	11	13	0	0	64.9604777043518
2019	11	14	0	0	68.2558780061167
2019	11	15	0	0	51.013119865059096
2019	11	16	0	0	26.9045044532424
2019	11	17	0	0	70.510553970711
2019	11	18	0	0	63.485262819299294
2019	11	19	0	0	56.9296477008389
2019	11	20	0	0	25.67231219552
2019	11	21	0	0	30.2204494143078
2019	11	22	0	0	15.8946705564764
2019	11	23	0	0	40.1623545711045
2019	11	24	0	0	12.790510784318302
2019	11	25	0	0	34.8880731557158
2019	11	26	0	0	27.146887292094604
2019	11	27	0	0	21.4949713799231
2019	11	28	0	0	4.06604746795154
2019	11	29	0	0	42.7877385559522
2019	11	30	0	0	35.7306518888724
2019	12	1	0	0	27.939073462236
2019	12	2	0	0	8.99694092693331
2019	12	3	0	0	18.8684399544686
2019	12	4	0	0	17.0946701790766
2019	12	5	0	0	54.1266715957676
2019	12	6	0	0	54.967752864203206
2019	12	7	0	0	53.5498636260295
2019	12	8	0	0	47.5457995956388
2019	12	9	0	0	50.3251473779304
2019	12	10	0	0	51.68207114699271
2019	12	11	0	0	42.354389090646
2019	12	12	0	0	22.159981664944706
2019	12	13	0	0	49.6641715572857
2019	12	14	0	0	37.6486644033466
2019	12	15	0	0	45.2365963919361
2019	12	16	0	0	46.5500116770543
2019	12	17	0	0	20.9710650336925
2019	12	18	0	0	38.8646890322394
2019	12	19	0	0	46.6813399542851
2019	12	20	0	0	37.8587348913638
2019	12	21	0	0	42.8125033490124
2019	12	22	0	0	43.3291176468537
2019	12	23	0	0	27.420736707572697
2019	12	24	0	0	29.4278942667422
2019	12	25	0	0	45.32468113754791
2019	12	26	0	0	39.1720908142951
2019	12	27	0	0	33.0765859464966
2019	12	28	0	0	48.07311678253621
2019	12	29	0	0	35.1230363475305
2019	12	30	0	0	19.9697352412915
2019	12	31	0	0	46.256128807333496
2020	1	1	0	0	53.33163809537379
2020	1	2	0	0	15.0689340816459
2020	1	3	0	0	7.13020969812279
2020	1	4	0	0	40.8613421042751
2020	1	5	0	0	50.3106654233986
2020	1	6	0	0	48.24449580656511
2020	1	7	0	0	47.070107104595095
2020	1	8	0	0	5.45635506154911
2020	1	9	0	0	28.760779863054104
2020	1	10	0	0	33.2402989618237
2020	1	11	0	0	9.30469446350023
2020	1	12	0	0	14.9158276469663
2020	1	13	0	0	25.827549437694103
2020	1	14	0	0	22.6427657744483
2020	1	15	0	0	61.691632812401
2020	1	16	0	0	63.374335746771294
2020	1	17	0	0	21.4872603292794
2020	1	18	0	0	14.339399385894598
2020	1	19	0	0	33.7855415707409
2020	1	20	0	0	65.4363049676835
2020	1	21	0	0	66.1565305218509
2020	1	22	0	0	67.4031681175105
2020	1	23	0	0	72.2600653075525
2020	1	24	0	0	74.0557727998959
2020	1	25	0	0	71.34821933609629
2020	1	26	0	0	66.1928099339503
2020	1	27	0	0	38.8174693187555
2020	1	28	0	0	70.7215703307327
2020	1	29	0	0	24.451350061422502
2020	1	30	0	0	13.0191409387991
2020	1	31	0	0	13.3419404496053
2020	2	1	0	0	89.39822901110209
2020	2	2	0	0	17.9486318297616
2020	2	3	0	0	11.9213834444266
2020	2	4	0	0	25.114350368825697
2020	2	5	0	0	48.118627203597406
2020	2	6	0	0	15.8282905673479
2020	2	7	0	0	88.2211433142189
2020	2	8	0	0	95.2697639146195
2020	2	9	0	0	12.6373804788843
2020	2	10	0	0	106.815504715658
2020	2	11	0	0	89.0201944624995
2020	2	12	0	0	110.209277548357
2020	2	13	0	0	53.585765573877495
2020	2	14	0	0	63.5029058753256
2020	2	15	0	0	62.4060379828067
2020	2	16	0	0	61.769908597990295
2020	2	17	0	0	65.601104325809
2020	2	18	0	0	47.575189736436
2020	2	19	0	0	46.4741638746972
2020	2	20	0	0	129.155810839594
2020	2	21	0	0	57.1875636220157
2020	2	22	0	0	138.282510534776
2020	2	23	0	0	104.109803995971
2020	2	24	0	0	37.063847787555
2020	2	25	0	0	127.525596519828
2020	2	26	0	0	132.66554531187
2020	2	27	0	0	138.306956700617
2020	2	28	0	0	137.722276389076
2020	2	29	0	0	122.111502493498
2020	3	1	0	0	106.50072859792
2020	3	2	0	0	78.3845323429223
2020	3	3	0	0	135.74901376289802
2020	3	4	0	0	52.4880140273776
2020	3	5	0	0	18.4228342692312
2020	3	6	0	0	43.9439484023366
2020	3	7	0	0	44.56767388087171
2020	3	8	0	0	24.606435083166
2020	3	9	0	0	30.2611685620265
2020	3	10	0	0	103.388515591809
2020	3	11	0	0	71.3979773821107
2020	3	12	0	0	155.032825842351
2020	3	13	0	0	55.6906451370654
2020	3	14	0	0	89.26147129109908
2020	3	15	0	0	62.46232049155021
2020	3	16	0	0	65.5343030360069
2020	3	17	0	0	71.9893676402198
2020	3	18	0	0	92.023903281018
2020	3	19	0	0	191.748691424174
2020	3	20	0	0	196.998624337933
2020	3	21	0	0	201.083737716125
2020	3	22	0	0	112.035288858778
2020	3	23	0	0	151.426952606207
2020	3	24	0	0	66.8363237389024
2020	3	25	0	0	26.0734254179112
2020	3	26	0	0	172.208644487055
2020	3	27	0	0	172.91472620668597
2020	3	28	0	0	106.789729076438
2020	3	29	0	0	53.6407640487728
2020	3	30	0	0	94.1565160584378
2020	3	31	0	0	25.6096914195508
2020	4	1	0	0	67.0094439417414
2020	4	2	0	0	51.762441387813
2020	4	3	0	0	36.648761436585005
2020	4	4	0	0	31.96031051582
2020	4	5	0	0	69.2836123155043
2020	4	6	0	0	83.76752985141249
2020	4	7	0	0	55.0014033034789
2020	4	8	0	0	110.486705109797
2020	4	9	0	0	214.890997027898
2020	4	10	0	0	184.44478563092704
2020	4	11	0	0	208.681256820213
2020	4	12	0	0	146.247918732477
2020	4	13	0	0	75.71357397589591
2020	4	14	0	0	37.5478374910703
2020	4	15	0	0	78.5169626253337
2020	4	16	0	0	74.8231782389541
2020	4	17	0	0	206.32819685927
2020	4	18	0	0	194.617556062856
2020	4	19	0	0	199.485244989781
2020	4	20	0	0	106.970016096715
2020	4	21	0	0	47.5434448520252
2020	4	22	0	0	208.327188264062
2020	4	23	0	0	137.83047820219102
2020	4	24	0	0	105.265114916046
2020	4	25	0	0	63.619297046126
2020	4	26	0	0	201.543371731179
2020	4	27	0	0	244.837649021842
2020	4	28	0	0	102.611543420579
2020	4	29	0	0	227.941802512557
2020	4	30	0	0	287.36180194293
2020	5	1	0	0	283.525824628191
2020	5	2	0	0	234.769402727775
2020	5	3	0	0	258.243521261429
2020	5	4	0	0	259.756063785639
2020	5	5	0	0	248.539088090598
2020	5	6	0	0	260.15379705998697
2020	5	7	0	0	145.34538509375298
2020	5	8	0	0	164.45180624987898
2020	5	9	0	0	137.05390989373998
2020	5	10	0	0	256.862872262495
2020	5	11	0	0	266.283757333301
2020	5	12	0	0	263.136292121527
2020	5	13	0	0	213.25709450782296
2020	5	14	0	0	58.979937228828106
2020	5	15	0	0	164.526570063995
2020	5	16	0	0	199.3868514284
2020	5	17	0	0	158.837686188645
2020	5	18	0	0	156.880633828164
2020	5	19	0	0	168.377417306163
2020	5	20	0	0	301.51730285703604
2020	5	21	0	0	254.196869647656
2020	5	22	0	0	76.973907568112
2020	5	23	0	0	58.410505883741294
2020	5	24	0	0	163.24652362211
2020	5	25	0	0	184.231272703598
2020	5	26	0	0	239.82236082930905
2020	5	27	0	0	210.884754690208
2020	5	28	0	0	109.303002981642
2020	5	29	0	0	327.032099556366
2020	5	30	0	0	325.320477010199
2020	5	31	0	0	218.57450941831505
2020	6	1	0	0	190.254031593259
2020	6	2	0	0	253.095091143733
2020	6	3	0	0	234.256978054147
2020	6	4	0	0	265.744412593149
2020	6	5	0	0	240.356116714764
2020	6	6	0	0	259.047919365436
2020	6	7	0	0	215.921382676992
2020	6	8	0	0	175.096710662668
2020	6	9	0	0	138.076345588594
2020	6	10	0	0	248.230313352319
2020	6	11	0	0	317.569408847744
2020	6	12	0	0	329.85936674064203
2020	6	13	0	0	276.081727040742
2020	6	14	0	0	114.532228430243
2020	6	15	0	0	160.22791445898702
2020	6	16	0	0	160.898692880213
2020	6	17	0	0	200.437314864828
2020	6	18	0	0	149.522861774184
2020	6	19	0	0	235.072339141745
2020	6	20	0	0	311.285096968131
2020	6	21	0	0	253.269829752713
2020	6	22	0	0	348.46975237983804
2020	6	23	0	0	336.116037497528
2020	6	24	0	0	348.655315860335
2020	6	25	0	0	345.446804764522
2020	6	26	0	0	346.005327210531
2020	6	27	0	0	339.827731421183
2020	6	28	0	0	322.01150828196097
2020	6	29	0	0	308.457289876604
2020	6	30	0	0	303.762459561596
2020	7	1	0	0	322.597979068717
2020	7	2	0	0	344.715649660561
2020	7	3	0	0	244.977083885579
2020	7	4	0	0	264.959185964597
2020	7	5	0	0	282.60646960907
2020	7	6	0	0	129.941091388219
2020	7	7	0	0	154.99404660795
2020	7	8	0	0	174.098377521577
2020	7	9	0	0	68.7093759505692
2020	7	10	0	0	214.411328462351
2020	7	11	0	0	286.00978686348
2020	7	12	0	0	301.053139890489
2020	7	13	0	0	291.185978945711
2020	7	14	0	0	194.929908897651
2020	7	15	0	0	259.76813817867003
2020	7	16	0	0	186.727484544382
2020	7	17	0	0	242.303218413031
2020	7	18	0	0	264.981242702742
2020	7	19	0	0	220.761792559924
2020	7	20	0	0	198.663003119318
2020	7	21	0	0	248.410497513666
2020	7	22	0	0	315.421221093655
2020	7	23	0	0	327.459218358737
2020	7	24	0	0	309.763156790249
2020	7	25	0	0	298.84415246997503
2020	7	26	0	0	289.900732281022
2020	7	27	0	0	286.352524617837
2020	7	28	0	0	117.812146467374
2020	7	29	0	0	309.827350554717
2020	7	30	0	0	178.96209302501998
2020	7	31	0	0	290.463217919937
2020	8	1	0	0	298.012661267027
2020	8	2	0	0	289.118515824455
2020	8	3	0	0	276.397407259552
2020	8	4	0	0	289.86309146089
2020	8	5	0	0	311.620051177962
2020	8	6	0	0	277.033000070839
2020	8	7	0	0	268.95868547881804
2020	8	8	0	0	272.124426670887
2020	8	9	0	0	252.429405422731
2020	8	10	0	0	62.8871329213534
2020	8	11	0	0	205.49764714645
2020	8	12	0	0	250.215908227924
2020	8	13	0	0	254.433613107296
2020	8	14	0	0	285.058529777101
2020	8	15	0	0	276.95518926965804
2020	8	16	0	0	286.469127659305
2020	8	17	0	0	272.046032210581
2020	8	18	0	0	270.025700515538
2020	8	19	0	0	241.779374106451
2020	8	20	0	0	258.92973208874
2020	8	21	0	0	259.069691464738
2020	8	22	0	0	206.05173769203896
2020	8	23	0	0	208.000839342709
2020	8	24	0	0	268.780286837691
2020	8	25	0	0	260.879734585503
2020	8	26	0	0	271.36429652052897
2020	8	27	0	0	271.785245367719
2020	8	28	0	0	261.74511299125703
2020	8	29	0	0	110.592248584352
2020	8	30	0	0	186.854831252146
2020	8	31	0	0	216.77254084089
2020	9	1	0	0	209.902909631429
2020	9	2	0	0	236.83808962406897
2020	9	3	0	0	223.162832692626
2020	9	4	0	0	221.58365350578603
2020	9	5	0	0	140.438633941027
2020	9	6	0	0	201.604408601077
2020	9	7	0	0	207.044561984872
2020	9	8	0	0	227.99082916334095
2020	9	9	0	0	228.499906044462
2020	9	10	0	0	228.356929374696
2020	9	11	0	0	176.165695821939
2020	9	12	0	0	132.568473335686
2020	9	13	0	0	140.499051231586
2020	9	14	0	0	114.446431480131
2020	9	15	0	0	94.77413906183442
2020	9	16	0	0	126.337506026411
2020	9	17	0	0	68.3066233879759
2020	9	18	0	0	102.232668862359
2020	9	19	0	0	158.12015797696
2020	9	20	0	0	162.654891689616
2020	9	21	0	0	163.883866225613
2020	9	22	0	0	164.993268748713
2020	9	23	0	0	170.82205796206
2020	9	24	0	0	133.75072823758498
2020	9	25	0	0	166.674584798914
2020	9	26	0	0	160.7464103967
2020	9	27	0	0	148.821028196425
2020	9	28	0	0	148.92203984052298
2020	9	29	0	0	151.93011763106898
2020	9	30	0	0	152.313001479295
2020	10	1	0	0	147.301876431738
2020	10	2	0	0	143.175633676451
2020	10	3	0	0	139.646456602784
2020	10	4	0	0	137.667511383849
2020	10	5	0	0	129.024011400785
2020	10	6	0	0	134.14610878503598
2020	10	7	0	0	130.45741359398997
2020	10	8	0	0	120.596518949426
2020	10	9	0	0	77.1801525437107
2020	10	10	0	0	111.801765842499
2020	10	11	0	0	116.415719217707
2020	10	12	0	0	98.2470458420718
2020	10	13	0	0	113.944996149811
2020	10	14	0	0	129.900981945501
2020	10	15	0	0	132.522385952851
2020	10	16	0	0	118.861637207001
2020	10	17	0	0	70.3383645909025
2020	10	18	0	0	106.309187823071
2020	10	19	0	0	65.575414486681
2020	10	20	0	0	62.39206193769421
2020	10	21	0	0	80.90494270955841
2020	10	22	0	0	51.9669868241103
2020	10	23	0	0	47.510341796594105
2020	10	24	0	0	26.0871635489136
2020	10	25	0	0	9.83241577539939
2020	10	26	0	0	43.7643492378864
2020	10	27	0	0	62.810622942739805
2020	10	28	0	0	94.7742693169254
2020	10	29	0	0	78.9803037466986
2020	10	30	0	0	47.646545876227
2020	10	31	0	0	53.035987103607
2020	11	1	0	0	35.402389690762604
2020	11	2	0	0	65.937693298604
2020	11	3	0	0	59.4752187269265
2020	11	4	0	0	80.1430099939431
2020	11	5	0	0	59.7038552946079
2020	11	6	0	0	23.908554312797104
2020	11	7	0	0	32.9032564419068
2020	11	8	0	0	70.64071546346709
2020	11	9	0	0	20.8066117233289
2020	11	10	0	0	71.2596655614462
2020	11	11	0	0	62.5229185034099
2020	11	12	0	0	73.1537685522531
2020	11	13	0	0	63.6173581701083
2020	11	14	0	0	19.2638878632949
2020	11	15	0	0	59.5141517648204
2020	11	16	0	0	56.3020908338075
2020	11	17	0	0	41.5104909002127
2020	11	18	0	0	59.4532630251825
2020	11	19	0	0	25.3172005709304
2020	11	20	0	0	45.5010117725259
2020	11	21	0	0	54.3956037985661
2020	11	22	0	0	16.0718003807741
2020	11	23	0	0	57.3972368673061
2020	11	24	0	0	52.6234594103671
2020	11	25	0	0	51.0346995090926
2020	11	26	0	0	37.0268168279616
2020	11	27	0	0	53.777830286318206
2020	11	28	0	0	18.5799204040449
2020	11	29	0	0	39.0509528911921
2020	11	30	0	0	34.6862030487244
2020	12	1	0	0	45.2776289746034
2020	12	2	0	0	48.4618971150013
2020	12	3	0	0	56.73315095846579
2020	12	4	0	0	55.1177303883805
2020	12	5	0	0	52.0446463728957
2020	12	6	0	0	39.9216721917324
2020	12	7	0	0	51.83575118633411
2020	12	8	0	0	5.05399224341303
2020	12	9	0	0	53.65718968148271
2020	12	10	0	0	44.6761624020014
2020	12	11	0	0	18.3392830851027
2020	12	12	0	0	20.5348493539331
2020	12	13	0	0	8.96803437808375
2020	12	14	0	0	18.4314347235022
2020	12	15	0	0	16.632725122848598
2020	12	16	0	0	18.2745869013892
2020	12	17	0	0	22.306863900666105
2020	12	18	0	0	33.6268302010653
2020	12	19	0	0	22.9505513406263
2020	12	20	0	0	23.201349962955604
2020	12	21	0	0	40.8530926969912
2020	12	22	0	0	7.27235736133186
2020	12	23	0	0	11.760063042922402
2020	12	24	0	0	36.1239499637991
2020	12	25	0	0	35.6178897687799
2020	12	26	0	0	24.0578654646764
2020	12	27	0	0	23.9782749490297
2020	12	28	0	0	37.4861340733478
2020	12	29	0	0	33.3830554339892
2020	12	30	0	0	28.810513399031
2020	12	31	0	0	25.351727725791505
2021	1	1	0	0	9.97552542154741
2021	1	2	0	0	3.84262567602213
2021	1	3	0	0	8.09040954841589
2021	1	4	0	0	19.0579025463805
2021	1	5	0	0	23.3854100534426
2021	1	6	0	0	50.038821979829706
2021	1	7	0	0	52.4044830002854
2021	1	8	0	0	60.7812996415614
2021	1	9	0	0	44.652882999747895
2021	1	10	0	0	16.3357361331022
2021	1	11	0	0	28.0422065059802
2021	1	12	0	0	56.9613186706107
2021	1	13	0	0	58.8003051094784
2021	1	14	0	0	59.2118377212843
2021	1	15	0	0	10.6864678776388
2021	1	16	0	0	33.24609317847
2021	1	17	0	0	6.5060853574914095
2021	1	18	0	0	11.2003532938184
2021	1	19	0	0	11.891884725598
2021	1	20	0	0	15.8839547628639
2021	1	21	0	0	29.1403318162968
2021	1	22	0	0	67.1233820546972
2021	1	23	0	0	16.318505239027502
2021	1	24	0	0	67.19557549180931
2021	1	25	0	0	12.1560162418876
2021	1	26	0	0	26.2631793386725
2021	1	27	0	0	7.340939226260589
2021	1	28	0	0	14.4477093195263
2021	1	29	0	0	10.084444937736
2021	1	30	0	0	23.6667047219466
2021	1	31	0	0	49.0026319552311
2021	2	1	0	0	55.6915093465987
2021	2	2	0	0	21.9568339789217
2021	2	3	0	0	64.3461206365613
2021	2	4	0	0	65.5549091326475
2021	2	5	0	0	32.7942026203965
2021	2	6	0	0	91.25306992995571
2021	2	7	0	0	59.691429436831896
2021	2	8	0	0	42.3757486774455
2021	2	9	0	0	101.560482854644
2021	2	10	0	0	23.8342859118259
2021	2	11	0	0	44.6361715431849
2021	2	12	0	0	41.3586647604721
2021	2	13	0	0	29.403441115734896
2021	2	14	0	0	30.0149593812446
2021	2	15	0	0	11.8208359450677
2021	2	16	0	0	12.281153276924
2021	2	17	0	0	35.3446871495991
2021	2	18	0	0	29.0471737102135
2021	2	19	0	0	74.36920045480709
2021	2	20	0	0	57.3162673055606
2021	2	21	0	0	49.685303537448505
2021	2	22	0	0	93.9265463811362
2021	2	23	0	0	79.7725111661846
2021	2	24	0	0	43.28547080536139
2021	2	25	0	0	29.730925498003803
2021	2	26	0	0	59.39348079881229
2021	2	27	0	0	20.654615178036305
2021	2	28	0	0	50.6853887056725
2021	3	1	0	0	156.963484504114
2021	3	2	0	0	161.457468846258
2021	3	3	0	0	75.8858620241312
2021	3	4	0	0	26.2014537682684
2021	3	5	0	0	146.778929777488
2021	3	6	0	0	138.074465392195
2021	3	7	0	0	122.168992844706
2021	3	8	0	0	82.4054879763049
2021	3	9	0	0	164.843066927873
2021	3	10	0	0	173.448386196076
2021	3	11	0	0	90.5732943827138
2021	3	12	0	0	29.5693307915162
2021	3	13	0	0	48.86394389766979
2021	3	14	0	0	41.0023993702016
2021	3	15	0	0	180.73130333017895
2021	3	16	0	0	175.796747574975
2021	3	17	0	0	56.8122209633529
2021	3	18	0	0	89.3511937879638
2021	3	19	0	0	133.698692817921
2021	3	20	0	0	110.696724153044
2021	3	21	0	0	117.463598919719
2021	3	22	0	0	52.1575445386851
2021	3	23	0	0	104.981187967831
2021	3	24	0	0	83.6855623801602
2021	3	25	0	0	58.8246995455111
2021	3	26	0	0	201.529039190772
2021	3	27	0	0	147.29447153221702
2021	3	28	0	0	82.6965874616034
2021	3	29	0	0	60.1498373356517
2021	3	30	0	0	79.95307996636829
2021	3	31	0	0	114.667352811185
2021	4	1	0	0	18.8251131304
2021	4	2	0	0	32.6244074336646
2021	4	3	0	0	60.1741681943835
2021	4	4	0	0	82.44053634143609
2021	4	5	0	0	211.60294705866104
2021	4	6	0	0	121.394231673805
2021	4	7	0	0	170.519328148585
2021	4	8	0	0	36.5809217551995
2021	4	9	0	0	65.08231483486671
2021	4	10	0	0	22.4427761091551
2021	4	11	0	0	42.358652796097296
2021	4	12	0	0	15.1401264737437
2021	4	13	0	0	213.165310380792
2021	4	14	0	0	240.883879878732
2021	4	15	0	0	205.238732689267
2021	4	16	0	0	189.52007001706104
2021	4	17	0	0	236.428242728132
2021	4	18	0	0	251.3908807176
2021	4	19	0	0	18.2309894372873
2021	4	20	0	0	76.14135226956701
2021	4	21	0	0	205.976199064065
2021	4	22	0	0	27.6765219535699
2021	4	23	0	0	186.906572150732
2021	4	24	0	0	117.224902118131
2021	4	25	0	0	72.68382047853271
2021	4	26	0	0	82.5951374232065
2021	4	27	0	0	44.2077673728014
2021	4	28	0	0	72.3507342669966
2021	4	29	0	0	136.07012503717698
2021	4	30	0	0	147.48607223021298
2021	5	1	0	0	117.511435476125
2021	5	2	0	0	163.36037688516
2021	5	3	0	0	153.67791316926
2021	5	4	0	0	107.654150815449
2021	5	5	0	0	100.419957312764
2021	5	6	0	0	91.0748711538345
2021	5	7	0	0	91.2325334710984
2021	5	8	0	0	186.325402129066
2021	5	9	0	0	167.17385706863
2021	5	10	0	0	126.485757672935
2021	5	11	0	0	113.958524656406
2021	5	12	0	0	70.239084949565
2021	5	13	0	0	178.099463507481
2021	5	14	0	0	86.7830555963896
2021	5	15	0	0	172.730854103157
2021	5	16	0	0	300.891559277216
2021	5	17	0	0	203.25530262500703
2021	5	18	0	0	160.981062460295
2021	5	19	0	0	259.962026962389
2021	5	20	0	0	150.804590944991
2021	5	21	0	0	162.960580302553
2021	5	22	0	0	226.31299566399105
2021	5	23	0	0	316.384769589151
2021	5	24	0	0	267.535513943926
2021	5	25	0	0	287.224441845235
2021	5	26	0	0	147.160109990447
2021	5	27	0	0	147.641744615018
2021	5	28	0	0	280.335179344917
2021	5	29	0	0	131.333725452764
2021	5	30	0	0	91.1006326203286
2021	5	31	0	0	98.1442074035686
2021	6	1	0	0	172.424460993675
2021	6	2	0	0	307.938276051718
2021	6	3	0	0	189.961463560976
2021	6	4	0	0	294.955589516556
2021	6	5	0	0	319.679546339913
2021	6	6	0	0	54.7038120597123
2021	6	7	0	0	239.536754001099
2021	6	8	0	0	234.140403232958
2021	6	9	0	0	279.559812821782
2021	6	10	0	0	319.774870754367
2021	6	11	0	0	308.17268433525004
2021	6	12	0	0	162.009975808387
2021	6	13	0	0	37.5818101991807
2021	6	14	0	0	77.8100937423925
2021	6	15	0	0	142.942626469578
2021	6	16	0	0	167.649981268025
2021	6	17	0	0	144.526744116493
2021	6	18	0	0	210.349404144934
2021	6	19	0	0	235.75374994304295
2021	6	20	0	0	169.577490749103
2021	6	21	0	0	212.030759051358
2021	6	22	0	0	279.154320718767
2021	6	23	0	0	313.10299355019697
2021	6	24	0	0	351.51042621522697
2021	6	25	0	0	338.341759742153
2021	6	26	0	0	334.513807178403
2021	6	27	0	0	167.289405018083
2021	6	28	0	0	265.808497634783
2021	6	29	0	0	176.445948864771
2021	6	30	0	0	84.25661004666341
2021	7	1	0	0	220.755577100181
2021	7	2	0	0	320.096425578203
2021	7	3	0	0	329.57053440971697
2021	7	4	0	0	278.017350861602
2021	7	5	0	0	245.578775876109
2021	7	6	0	0	310.704592263618
2021	7	7	0	0	199.646228877719
2021	7	8	0	0	329.126554737263
2021	7	9	0	0	300.391442666329
2021	7	10	0	0	254.413446842621
2021	7	11	0	0	316.078194711291
2021	7	12	0	0	320.535915908786
2021	7	13	0	0	326.56193110791503
2021	7	14	0	0	324.551473055642
2021	7	15	0	0	327.37490436742803
2021	7	16	0	0	322.692686634907
2021	7	17	0	0	300.659059916837
2021	7	18	0	0	219.81495695826
2021	7	19	0	0	179.162115077126
2021	7	20	0	0	327.212144670749
2021	7	21	0	0	331.586155629269
2021	7	22	0	0	317.534614862215
2021	7	23	0	0	302.703645486726
2021	7	24	0	0	303.157979933428
2021	7	25	0	0	303.247571099457
2021	7	26	0	0	224.158901815419
2021	7	27	0	0	268.802910668894
2021	7	28	0	0	293.827340547379
2021	7	29	0	0	301.66783136077004
2021	7	30	0	0	304.369272982454
2021	7	31	0	0	296.335361923891
2021	8	1	0	0	235.422407857781
2021	8	2	0	0	111.987521201245
2021	8	3	0	0	235.80208077834095
2021	8	4	0	0	271.438571806995
2021	8	5	0	0	293.050340080388
2021	8	6	0	0	294.25433302307204
2021	8	7	0	0	292.849596664695
2021	8	8	0	0	172.63239379269402
2021	8	9	0	0	189.361318040108
2021	8	10	0	0	167.812331992435
2021	8	11	0	0	219.690368487561
2021	8	12	0	0	269.98189467665503
2021	8	13	0	0	273.5094515294
2021	8	14	0	0	210.75909676913105
2021	8	15	0	0	271.39958357198
2021	8	16	0	0	280.636468572365
2021	8	17	0	0	266.815341735472
2021	8	18	0	0	258.300474205861
2021	8	19	0	0	188.36238198073
2021	8	20	0	0	165.725318093696
2021	8	21	0	0	179.52371516299098
2021	8	22	0	0	244.862152801745
2021	8	23	0	0	137.580080505113
2021	8	24	0	0	175.97888160875598
2021	8	25	0	0	171.593494028885
2021	8	26	0	0	226.563617292266
2021	8	27	0	0	165.307997624258
2021	8	28	0	0	168.96674238439502
2021	8	29	0	0	170.999090383893
2021	8	30	0	0	150.787441831303
2021	8	31	0	0	234.115293659551
2021	9	1	0	0	209.90381723879
2021	9	2	0	0	232.389452540204
2021	9	3	0	0	216.253034420828
2021	9	4	0	0	223.285597575743
2021	9	5	0	0	214.10543247239897
2021	9	6	0	0	196.26595426917496
2021	9	7	0	0	229.673574787603
2021	9	8	0	0	233.319615128904
2021	9	9	0	0	216.79580468312
2021	9	10	0	0	225.29713685788
2021	9	11	0	0	209.125012542264
2021	9	12	0	0	212.979648890199
2021	9	13	0	0	202.75851620047
2021	9	14	0	0	193.179679380172
2021	9	15	0	0	199.325846905307
2021	9	16	0	0	137.441632985743
2021	9	17	0	0	181.140800308325
2021	9	18	0	0	189.01759741836105
2021	9	19	0	0	181.678699743094
2021	9	20	0	0	65.5124356388512
2021	9	21	0	0	118.368345057377
2021	9	22	0	0	116.829573062377
2021	9	23	0	0	152.050778953211
2021	9	24	0	0	164.665273765156
2021	9	25	0	0	47.8095330518415
2021	9	26	0	0	127.455979853105
2021	9	27	0	0	96.9085067342198
2021	9	28	0	0	160.534021023456
2021	9	29	0	0	143.713241171208
2021	9	30	0	0	79.2160135601751
2021	10	1	0	0	97.3006477732647
2021	10	2	0	0	116.88752353332
2021	10	3	0	0	141.346273710795
2021	10	4	0	0	141.03713045273898
2021	10	5	0	0	59.7470351432467
2021	10	6	0	0	126.436216663595
2021	10	7	0	0	122.55693644616998
2021	10	8	0	0	120.593633927533
2021	10	9	0	0	109.921228944491
2021	10	10	0	0	112.935065238328
2021	10	11	0	0	15.9266761834734
2021	10	12	0	0	20.862608640246
2021	10	13	0	0	63.34660709621429
2021	10	14	0	0	112.055964597588
2021	10	15	0	0	122.839308462244
2021	10	16	0	0	110.214007494103
2021	10	17	0	0	111.752313507588
2021	10	18	0	0	89.2248075543354
2021	10	19	0	0	108.411009279525
2021	10	20	0	0	84.533928236452
2021	10	21	0	0	60.200935797820605
2021	10	22	0	0	63.0988666768862
2021	10	23	0	0	96.5012639873788
2021	10	24	0	0	96.2922338412474
2021	10	25	0	0	89.3925197396415
2021	10	26	0	0	80.5554062353555
2021	10	27	0	0	79.4288498021862
2021	10	28	0	0	78.67827382070591
2021	10	29	0	0	67.3762060193692
2021	10	30	0	0	71.0977811037801
2021	10	31	0	0	84.74724583289421
2021	11	1	0	0	49.5412705219859
2021	11	2	0	0	43.0713605849497
2021	11	3	0	0	84.04225993877459
2021	11	4	0	0	29.7229298111985
2021	11	5	0	0	20.2394123066855
2021	11	6	0	0	54.49259347047279
2021	11	7	0	0	25.7058636387447
2021	11	8	0	0	57.4093967575356
2021	11	9	0	0	5.32781194278584
2021	11	10	0	0	31.477705246063
2021	11	11	0	0	38.9892643517276
2021	11	12	0	0	31.540537725187804
2021	11	13	0	0	63.030238293038906
2021	11	14	0	0	44.70156779825721
2021	11	15	0	0	64.5564103032763
2021	11	16	0	0	24.2222806375204
2021	11	17	0	0	38.852241777290295
2021	11	18	0	0	42.28479986690871
2021	11	19	0	0	24.517168400292803
2021	11	20	0	0	54.6745160747107
2021	11	21	0	0	21.334844736056603
2021	11	22	0	0	51.8729876664017
2021	11	23	0	0	35.1430328424955
2021	11	24	0	0	9.67778020873217
2021	11	25	0	0	35.315607206646
2021	11	26	0	0	26.48836711087
2021	11	27	0	0	19.642652426789898
2021	11	28	0	0	51.621043166495504
2021	11	29	0	0	23.6612295420931
2021	11	30	0	0	25.8756518911174
2021	12	1	0	0	18.936981731110603
2021	12	2	0	0	15.085125045148402
2021	12	3	0	0	38.5155360993606
2021	12	4	0	0	25.7586531024133
2021	12	5	0	0	44.8564903967524
2021	12	6	0	0	55.4418589268513
2021	12	7	0	0	53.8058499663303
2021	12	8	0	0	7.13259632737422
2021	12	9	0	0	15.2074031209536
2021	12	10	0	0	25.6109715586395
2021	12	11	0	0	6.14519248525174
2021	12	12	0	0	29.1866228243977
2021	12	13	0	0	19.622150318038003
2021	12	14	0	0	26.2950408662896
2021	12	15	0	0	16.1383991017773
2021	12	16	0	0	31.4982164753269
2021	12	17	0	0	15.1160011403518
2021	12	18	0	0	15.2957792626227
2021	12	19	0	0	13.9792815859604
2021	12	20	0	0	13.1895966286706
2021	12	21	0	0	43.1406533264878
2021	12	22	0	0	29.587513064354702
2021	12	23	0	0	12.9391932165755
2021	12	24	0	0	15.4441954201887
2021	12	25	0	0	28.281361119237
2021	12	26	0	0	22.7100068405276
2021	12	27	0	0	5.491481320972559
2021	12	28	0	0	10.6731726902258
2021	12	29	0	0	17.2804142611312
2021	12	30	0	0	13.0208570176911
2021	12	31	0	0	26.2679855348531
