YYYY	MM	DD	hh	mm	RS
2015	1	1	0	0	
2015	1	2	0	0	
2015	1	3	0	0	
2015	1	4	0	0	
2015	1	5	0	0	
2015	1	6	0	0	
2015	1	7	0	0	
2015	1	8	0	0	
2015	1	9	0	0	
2015	1	10	0	0	
2015	1	11	0	0	
2015	1	12	0	0	
2015	1	13	0	0	
2015	1	14	0	0	
2015	1	15	0	0	
2015	1	16	0	0	
2015	1	17	0	0	
2015	1	18	0	0	
2015	1	19	0	0	
2015	1	20	0	0	
2015	1	21	0	0	
2015	1	22	0	0	
2015	1	23	0	0	
2015	1	24	0	0	
2015	1	25	0	0	
2015	1	26	0	0	
2015	1	27	0	0	
2015	1	28	0	0	
2015	1	29	0	0	
2015	1	30	0	0	
2015	1	31	0	0	
2015	2	1	0	0	
2015	2	2	0	0	
2015	2	3	0	0	
2015	2	4	0	0	
2015	2	5	0	0	
2015	2	6	0	0	
2015	2	7	0	0	
2015	2	8	0	0	
2015	2	9	0	0	
2015	2	10	0	0	
2015	2	11	0	0	
2015	2	12	0	0	
2015	2	13	0	0	
2015	2	14	0	0	
2015	2	15	0	0	
2015	2	16	0	0	
2015	2	17	0	0	
2015	2	18	0	0	
2015	2	19	0	0	
2015	2	20	0	0	
2015	2	21	0	0	
2015	2	22	0	0	
2015	2	23	0	0	
2015	2	24	0	0	
2015	2	25	0	0	
2015	2	26	0	0	
2015	2	27	0	0	
2015	2	28	0	0	
2015	3	1	0	0	
2015	3	2	0	0	
2015	3	3	0	0	
2015	3	4	0	0	
2015	3	5	0	0	
2015	3	6	0	0	
2015	3	7	0	0	
2015	3	8	0	0	
2015	3	9	0	0	
2015	3	10	0	0	
2015	3	11	0	0	
2015	3	12	0	0	
2015	3	13	0	0	
2015	3	14	0	0	
2015	3	15	0	0	
2015	3	16	0	0	
2015	3	17	0	0	
2015	3	18	0	0	
2015	3	19	0	0	
2015	3	20	0	0	
2015	3	21	0	0	
2015	3	22	0	0	
2015	3	23	0	0	
2015	3	24	0	0	
2015	3	25	0	0	
2015	3	26	0	0	
2015	3	27	0	0	
2015	3	28	0	0	
2015	3	29	0	0	
2015	3	30	0	0	
2015	3	31	0	0	
2015	4	1	0	0	
2015	4	2	0	0	
2015	4	3	0	0	
2015	4	4	0	0	
2015	4	5	0	0	
2015	4	6	0	0	
2015	4	7	0	0	
2015	4	8	0	0	
2015	4	9	0	0	
2015	4	10	0	0	
2015	4	11	0	0	
2015	4	12	0	0	
2015	4	13	0	0	
2015	4	14	0	0	
2015	4	15	0	0	
2015	4	16	0	0	
2015	4	17	0	0	
2015	4	18	0	0	
2015	4	19	0	0	
2015	4	20	0	0	
2015	4	21	0	0	
2015	4	22	0	0	
2015	4	23	0	0	
2015	4	24	0	0	
2015	4	25	0	0	
2015	4	26	0	0	
2015	4	27	0	0	
2015	4	28	0	0	
2015	4	29	0	0	
2015	4	30	0	0	
2015	5	1	0	0	
2015	5	2	0	0	
2015	5	3	0	0	
2015	5	4	0	0	
2015	5	5	0	0	
2015	5	6	0	0	
2015	5	7	0	0	
2015	5	8	0	0	
2015	5	9	0	0	
2015	5	10	0	0	
2015	5	11	0	0	
2015	5	12	0	0	
2015	5	13	0	0	
2015	5	14	0	0	
2015	5	15	0	0	
2015	5	16	0	0	
2015	5	17	0	0	
2015	5	18	0	0	
2015	5	19	0	0	
2015	5	20	0	0	
2015	5	21	0	0	
2015	5	22	0	0	
2015	5	23	0	0	
2015	5	24	0	0	
2015	5	25	0	0	
2015	5	26	0	0	
2015	5	27	0	0	
2015	5	28	0	0	
2015	5	29	0	0	
2015	5	30	0	0	
2015	5	31	0	0	
2015	6	1	0	0	
2015	6	2	0	0	
2015	6	3	0	0	
2015	6	4	0	0	
2015	6	5	0	0	
2015	6	6	0	0	
2015	6	7	0	0	
2015	6	8	0	0	
2015	6	9	0	0	
2015	6	10	0	0	
2015	6	11	0	0	
2015	6	12	0	0	
2015	6	13	0	0	
2015	6	14	0	0	
2015	6	15	0	0	
2015	6	16	0	0	
2015	6	17	0	0	
2015	6	18	0	0	
2015	6	19	0	0	
2015	6	20	0	0	
2015	6	21	0	0	
2015	6	22	0	0	
2015	6	23	0	0	
2015	6	24	0	0	
2015	6	25	0	0	
2015	6	26	0	0	
2015	6	27	0	0	
2015	6	28	0	0	
2015	6	29	0	0	
2015	6	30	0	0	
2015	7	1	0	0	
2015	7	2	0	0	
2015	7	3	0	0	
2015	7	4	0	0	
2015	7	5	0	0	
2015	7	6	0	0	
2015	7	7	0	0	
2015	7	8	0	0	
2015	7	9	0	0	
2015	7	10	0	0	
2015	7	11	0	0	
2015	7	12	0	0	
2015	7	13	0	0	
2015	7	14	0	0	
2015	7	15	0	0	
2015	7	16	0	0	
2015	7	17	0	0	
2015	7	18	0	0	
2015	7	19	0	0	
2015	7	20	0	0	
2015	7	21	0	0	
2015	7	22	0	0	
2015	7	23	0	0	
2015	7	24	0	0	
2015	7	25	0	0	
2015	7	26	0	0	
2015	7	27	0	0	
2015	7	28	0	0	
2015	7	29	0	0	
2015	7	30	0	0	
2015	7	31	0	0	
2015	8	1	0	0	
2015	8	2	0	0	
2015	8	3	0	0	
2015	8	4	0	0	
2015	8	5	0	0	
2015	8	6	0	0	
2015	8	7	0	0	
2015	8	8	0	0	
2015	8	9	0	0	
2015	8	10	0	0	
2015	8	11	0	0	
2015	8	12	0	0	
2015	8	13	0	0	
2015	8	14	0	0	
2015	8	15	0	0	
2015	8	16	0	0	
2015	8	17	0	0	
2015	8	18	0	0	
2015	8	19	0	0	
2015	8	20	0	0	
2015	8	21	0	0	
2015	8	22	0	0	
2015	8	23	0	0	
2015	8	24	0	0	
2015	8	25	0	0	
2015	8	26	0	0	
2015	8	27	0	0	
2015	8	28	0	0	
2015	8	29	0	0	
2015	8	30	0	0	
2015	8	31	0	0	
2015	9	1	0	0	
2015	9	2	0	0	
2015	9	3	0	0	
2015	9	4	0	0	
2015	9	5	0	0	
2015	9	6	0	0	
2015	9	7	0	0	
2015	9	8	0	0	
2015	9	9	0	0	
2015	9	10	0	0	
2015	9	11	0	0	
2015	9	12	0	0	
2015	9	13	0	0	
2015	9	14	0	0	
2015	9	15	0	0	
2015	9	16	0	0	
2015	9	17	0	0	
2015	9	18	0	0	
2015	9	19	0	0	
2015	9	20	0	0	
2015	9	21	0	0	
2015	9	22	0	0	
2015	9	23	0	0	
2015	9	24	0	0	
2015	9	25	0	0	
2015	9	26	0	0	
2015	9	27	0	0	
2015	9	28	0	0	
2015	9	29	0	0	
2015	9	30	0	0	
2015	10	1	0	0	
2015	10	2	0	0	
2015	10	3	0	0	
2015	10	4	0	0	
2015	10	5	0	0	
2015	10	6	0	0	
2015	10	7	0	0	
2015	10	8	0	0	
2015	10	9	0	0	
2015	10	10	0	0	
2015	10	11	0	0	
2015	10	12	0	0	
2015	10	13	0	0	
2015	10	14	0	0	
2015	10	15	0	0	
2015	10	16	0	0	
2015	10	17	0	0	
2015	10	18	0	0	
2015	10	19	0	0	
2015	10	20	0	0	
2015	10	21	0	0	
2015	10	22	0	0	
2015	10	23	0	0	
2015	10	24	0	0	
2015	10	25	0	0	
2015	10	26	0	0	
2015	10	27	0	0	
2015	10	28	0	0	
2015	10	29	0	0	
2015	10	30	0	0	
2015	10	31	0	0	
2015	11	1	0	0	
2015	11	2	0	0	
2015	11	3	0	0	
2015	11	4	0	0	
2015	11	5	0	0	
2015	11	6	0	0	
2015	11	7	0	0	
2015	11	8	0	0	
2015	11	9	0	0	
2015	11	10	0	0	
2015	11	11	0	0	
2015	11	12	0	0	
2015	11	13	0	0	
2015	11	14	0	0	
2015	11	15	0	0	
2015	11	16	0	0	
2015	11	17	0	0	
2015	11	18	0	0	
2015	11	19	0	0	
2015	11	20	0	0	
2015	11	21	0	0	
2015	11	22	0	0	
2015	11	23	0	0	
2015	11	24	0	0	
2015	11	25	0	0	
2015	11	26	0	0	
2015	11	27	0	0	
2015	11	28	0	0	
2015	11	29	0	0	
2015	11	30	0	0	
2015	12	1	0	0	
2015	12	2	0	0	
2015	12	3	0	0	
2015	12	4	0	0	
2015	12	5	0	0	
2015	12	6	0	0	
2015	12	7	0	0	
2015	12	8	0	0	
2015	12	9	0	0	
2015	12	10	0	0	
2015	12	11	0	0	
2015	12	12	0	0	
2015	12	13	0	0	
2015	12	14	0	0	
2015	12	15	0	0	
2015	12	16	0	0	
2015	12	17	0	0	
2015	12	18	0	0	
2015	12	19	0	0	
2015	12	20	0	0	
2015	12	21	0	0	
2015	12	22	0	0	
2015	12	23	0	0	
2015	12	24	0	0	
2015	12	25	0	0	
2015	12	26	0	0	
2015	12	27	0	0	
2015	12	28	0	0	
2015	12	29	0	0	
2015	12	30	0	0	
2015	12	31	0	0	
2016	1	1	0	0	29.5357692374186
2016	1	2	0	0	34.5947841884143
2016	1	3	0	0	36.8407389243275
2016	1	4	0	0	3.12292653038786
2016	1	5	0	0	39.3053379195434
2016	1	6	0	0	16.4701820418675
2016	1	7	0	0	26.956796113057603
2016	1	8	0	0	18.272999826589
2016	1	9	0	0	21.101361101010102
2016	1	10	0	0	57.9893137871199
2016	1	11	0	0	55.499171510576495
2016	1	12	0	0	37.1294550279252
2016	1	13	0	0	31.256972172811604
2016	1	14	0	0	50.9174927038383
2016	1	15	0	0	46.029421868503896
2016	1	16	0	0	20.0850482485274
2016	1	17	0	0	48.5094388666053
2016	1	18	0	0	45.259131655401895
2016	1	19	0	0	57.92811076452249
2016	1	20	0	0	12.9641761636416
2016	1	21	0	0	2.92905212594317
2016	1	22	0	0	12.2599389316045
2016	1	23	0	0	55.8612631888805
2016	1	24	0	0	14.7736689235043
2016	1	25	0	0	67.09472685126791
2016	1	26	0	0	38.5560370091524
2016	1	27	0	0	22.9181402653191
2016	1	28	0	0	24.470980985251497
2016	1	29	0	0	22.987968183734
2016	1	30	0	0	57.9403517031649
2016	1	31	0	0	61.1837881741837
2016	2	1	0	0	22.4155113849
2016	2	2	0	0	57.095641910018
2016	2	3	0	0	29.572259931246705
2016	2	4	0	0	81.665252518439
2016	2	5	0	0	80.0182900919816
2016	2	6	0	0	86.361348205301
2016	2	7	0	0	93.0811150445176
2016	2	8	0	0	22.630951416275
2016	2	9	0	0	60.68563933387551
2016	2	10	0	0	68.1633905854702
2016	2	11	0	0	49.6902556401336
2016	2	12	0	0	78.776559611995
2016	2	13	0	0	22.86728618442489
2016	2	14	0	0	33.4415324272411
2016	2	15	0	0	20.1362484511439
2016	2	16	0	0	33.553466685451
2016	2	17	0	0	100.432244329822
2016	2	18	0	0	16.8813632977402
2016	2	19	0	0	97.6366420474934
2016	2	20	0	0	104.320957543902
2016	2	21	0	0	111.159552833807
2016	2	22	0	0	102.27593621287
2016	2	23	0	0	73.1400321891836
2016	2	24	0	0	45.7067909095796
2016	2	25	0	0	85.89277307244309
2016	2	26	0	0	110.148149055843
2016	2	27	0	0	99.3306571529908
2016	2	28	0	0	72.6670580543294
2016	2	29	0	0	73.3174227634853
2016	3	1	0	0	109.668695502562
2016	3	2	0	0	33.4730778034992
2016	3	3	0	0	69.5979961919616
2016	3	4	0	0	97.9895906890565
2016	3	5	0	0	116.901043186968
2016	3	6	0	0	49.1884545429078
2016	3	7	0	0	100.855682868962
2016	3	8	0	0	83.4569385523058
2016	3	9	0	0	35.224905495459
2016	3	10	0	0	89.4625853344679
2016	3	11	0	0	128.42642462848
2016	3	12	0	0	135.242733889827
2016	3	13	0	0	142.73658551622
2016	3	14	0	0	136.980323407487
2016	3	15	0	0	135.542145351193
2016	3	16	0	0	120.732141298465
2016	3	17	0	0	45.9864277617537
2016	3	18	0	0	105.930930916091
2016	3	19	0	0	142.615980199917
2016	3	20	0	0	147.51267663902598
2016	3	21	0	0	89.31820820240058
2016	3	22	0	0	128.517960946039
2016	3	23	0	0	55.16564510163671
2016	3	24	0	0	182.607041663332
2016	3	25	0	0	31.9192967618755
2016	3	26	0	0	92.3941570498854
2016	3	27	0	0	180.028320538824
2016	3	28	0	0	87.6784642096918
2016	3	29	0	0	186.23217643340303
2016	3	30	0	0	71.52179305426841
2016	3	31	0	0	133.420495676835
2016	4	1	0	0	127.816197839723
2016	4	2	0	0	72.8253932206656
2016	4	3	0	0	107.688410545807
2016	4	4	0	0	56.87232531540361
2016	4	5	0	0	147.2423877183
2016	4	6	0	0	77.406888535803
2016	4	7	0	0	103.190303752151
2016	4	8	0	0	66.2189525427713
2016	4	9	0	0	91.0065172839467
2016	4	10	0	0	169.761755909955
2016	4	11	0	0	105.119306287857
2016	4	12	0	0	206.299302640993
2016	4	13	0	0	202.362271998576
2016	4	14	0	0	86.26847442885469
2016	4	15	0	0	148.774228059499
2016	4	16	0	0	200.660444515914
2016	4	17	0	0	92.9731538046545
2016	4	18	0	0	161.162412650167
2016	4	19	0	0	154.095192341415
2016	4	20	0	0	65.3643898248551
2016	4	21	0	0	181.03367258721
2016	4	22	0	0	184.750480028561
2016	4	23	0	0	174.05190779368598
2016	4	24	0	0	191.736991024052
2016	4	25	0	0	148.499266474895
2016	4	26	0	0	166.031275417672
2016	4	27	0	0	139.50524149219
2016	4	28	0	0	99.39491746428
2016	4	29	0	0	145.040810817249
2016	4	30	0	0	148.145620445551
2016	5	1	0	0	142.783737965903
2016	5	2	0	0	261.823275559937
2016	5	3	0	0	233.325083153944
2016	5	4	0	0	267.287799528339
2016	5	5	0	0	242.482076245212
2016	5	6	0	0	268.22152130196497
2016	5	7	0	0	266.000237505945
2016	5	8	0	0	204.21425828288503
2016	5	9	0	0	107.977590560172
2016	5	10	0	0	266.424773342189
2016	5	11	0	0	88.9211564931238
2016	5	12	0	0	65.7806518619931
2016	5	13	0	0	160.360494935887
2016	5	14	0	0	181.82374052900903
2016	5	15	0	0	16.1250718961903
2016	5	16	0	0	85.46314133830509
2016	5	17	0	0	88.8663251531304
2016	5	18	0	0	163.209449227886
2016	5	19	0	0	279.936342368712
2016	5	20	0	0	258.083816198383
2016	5	21	0	0	298.236880371592
2016	5	22	0	0	313.119172661564
2016	5	23	0	0	186.96941015168
2016	5	24	0	0	230.446569388923
2016	5	25	0	0	191.21893360915
2016	5	26	0	0	74.7891058328785
2016	5	27	0	0	113.385399349506
2016	5	28	0	0	114.015021303269
2016	5	29	0	0	116.473423424081
2016	5	30	0	0	312.545132338158
2016	5	31	0	0	317.962099525439
2016	6	1	0	0	266.181950802499
2016	6	2	0	0	334.217802936348
2016	6	3	0	0	329.976540058619
2016	6	4	0	0	83.5148051413457
2016	6	5	0	0	239.941082165536
2016	6	6	0	0	307.011011620687
2016	6	7	0	0	313.513510820318
2016	6	8	0	0	307.710792185985
2016	6	9	0	0	338.763303997411
2016	6	10	0	0	286.398378226866
2016	6	11	0	0	313.204206896685
2016	6	12	0	0	300.752970363434
2016	6	13	0	0	292.723819493293
2016	6	14	0	0	338.524079236734
2016	6	15	0	0	301.379590609803
2016	6	16	0	0	285.824071208426
2016	6	17	0	0	282.692686644067
2016	6	18	0	0	185.58766111743304
2016	6	19	0	0	90.492596418898
2016	6	20	0	0	184.046855931472
2016	6	21	0	0	350.708079370335
2016	6	22	0	0	337.487415303578
2016	6	23	0	0	285.626716231134
2016	6	24	0	0	316.00469218254
2016	6	25	0	0	336.01208452635103
2016	6	26	0	0	334.11399129325
2016	6	27	0	0	240.620157472991
2016	6	28	0	0	310.37534735128503
2016	6	29	0	0	320.65705658190103
2016	6	30	0	0	269.596092387592
2016	7	1	0	0	312.058321314189
2016	7	2	0	0	265.440899777326
2016	7	3	0	0	259.117508110997
2016	7	4	0	0	223.137484065481
2016	7	5	0	0	183.400236713591
2016	7	6	0	0	109.404743176609
2016	7	7	0	0	30.8837042589201
2016	7	8	0	0	153.779105217659
2016	7	9	0	0	160.909289641454
2016	7	10	0	0	239.289430985745
2016	7	11	0	0	300.70137784857496
2016	7	12	0	0	308.398841081993
2016	7	13	0	0	232.78047210544497
2016	7	14	0	0	116.546734457654
2016	7	15	0	0	276.916297362163
2016	7	16	0	0	81.0778086203753
2016	7	17	0	0	116.211064618419
2016	7	18	0	0	140.80304660078102
2016	7	19	0	0	279.941474946246
2016	7	20	0	0	284.46371320698
2016	7	21	0	0	257.955119910465
2016	7	22	0	0	276.494277258527
2016	7	23	0	0	272.136296837665
2016	7	24	0	0	264.459133777623
2016	7	25	0	0	166.81796055097
2016	7	26	0	0	49.1915550286277
2016	7	27	0	0	263.712824753186
2016	7	28	0	0	327.75474495932
2016	7	29	0	0	256.927448047726
2016	7	30	0	0	272.48496062475
2016	7	31	0	0	254.90749391271495
2016	8	1	0	0	150.685893881662
2016	8	2	0	0	79.0027277213305
2016	8	3	0	0	169.903121399573
2016	8	4	0	0	180.57912174366
2016	8	5	0	0	272.688840485508
2016	8	6	0	0	266.558132116615
2016	8	7	0	0	263.763803043956
2016	8	8	0	0	217.006779054804
2016	8	9	0	0	247.556809633996
2016	8	10	0	0	263.365749586841
2016	8	11	0	0	259.674176789876
2016	8	12	0	0	259.89763063341303
2016	8	13	0	0	254.97352393877895
2016	8	14	0	0	252.651741421991
2016	8	15	0	0	198.290622857831
2016	8	16	0	0	198.290622857831
2016	8	17	0	0	193.142341793628
2016	8	18	0	0	238.216069894464
2016	8	19	0	0	250.47291649921905
2016	8	20	0	0	61.50802417778271
2016	8	21	0	0	49.9068724853724
2016	8	22	0	0	216.943613243232
2016	8	23	0	0	171.83259538766004
2016	8	24	0	0	221.29518269235805
2016	8	25	0	0	227.22965748951
2016	8	26	0	0	215.928504321573
2016	8	27	0	0	220.67596677350105
2016	8	28	0	0	227.477683928121
2016	8	29	0	0	216.046389469965
2016	8	30	0	0	222.247166966584
2016	8	31	0	0	134.042616876866
2016	9	1	0	0	181.058668398986
2016	9	2	0	0	198.05147031343895
2016	9	3	0	0	232.184257698517
2016	9	4	0	0	198.215040905748
2016	9	5	0	0	64.7407773256975
2016	9	6	0	0	99.5167059194996
2016	9	7	0	0	164.854912195415
2016	9	8	0	0	228.199427666847
2016	9	9	0	0	144.447942763927
2016	9	10	0	0	111.862647821055
2016	9	11	0	0	195.43841271536095
2016	9	12	0	0	44.80129619931729
2016	9	13	0	0	173.26890663420102
2016	9	14	0	0	88.1035392316601
2016	9	15	0	0	196.340788791491
2016	9	16	0	0	190.974953307494
2016	9	17	0	0	73.669435551526
2016	9	18	0	0	75.6361399998635
2016	9	19	0	0	126.404171729659
2016	9	20	0	0	120.339829038351
2016	9	21	0	0	48.6796338652399
2016	9	22	0	0	152.730805841163
2016	9	23	0	0	175.685181466065
2016	9	24	0	0	134.985662400739
2016	9	25	0	0	158.044929279511
2016	9	26	0	0	103.234587597453
2016	9	27	0	0	108.825744907628
2016	9	28	0	0	150.417087828413
2016	9	29	0	0	133.226633202374
2016	9	30	0	0	140.48639745732902
2016	10	1	0	0	34.3794545992143
2016	10	2	0	0	122.289552969298
2016	10	3	0	0	152.07483925726402
2016	10	4	0	0	36.9832750071501
2016	10	5	0	0	35.317496887194096
2016	10	6	0	0	54.61170410829121
2016	10	7	0	0	62.12995192267879
2016	10	8	0	0	104.608467011293
2016	10	9	0	0	59.4509109511733
2016	10	10	0	0	106.697226958655
2016	10	11	0	0	82.93617205815559
2016	10	12	0	0	96.2512668122213
2016	10	13	0	0	75.2049922959202
2016	10	14	0	0	30.0904903099468
2016	10	15	0	0	10.5233702790119
2016	10	16	0	0	25.261075448455
2016	10	17	0	0	72.06235282658521
2016	10	18	0	0	70.4098217669777
2016	10	19	0	0	82.5336749685077
2016	10	20	0	0	75.3666736539026
2016	10	21	0	0	108.8013863339
2016	10	22	0	0	96.31330068018627
2016	10	23	0	0	70.6794201970612
2016	10	24	0	0	98.0855191534189
2016	10	25	0	0	74.5132007336079
2016	10	26	0	0	88.6363748258223
2016	10	27	0	0	12.8585009705864
2016	10	28	0	0	90.9841936305496
2016	10	29	0	0	85.5965208723274
2016	10	30	0	0	29.271352588371
2016	10	31	0	0	23.3959969452461
2016	11	1	0	0	80.483593956207
2016	11	2	0	0	87.3156059195244
2016	11	3	0	0	70.4600175563348
2016	11	4	0	0	62.9584580582821
2016	11	5	0	0	67.4930725519428
2016	11	6	0	0	66.5984531143819
2016	11	7	0	0	67.6618566963616
2016	11	8	0	0	20.056299059195695
2016	11	9	0	0	45.50528678543979
2016	11	10	0	0	67.0038359118499
2016	11	11	0	0	66.7123974782038
2016	11	12	0	0	64.6494208417078
2016	11	13	0	0	56.4567971354798
2016	11	14	0	0	62.81796865197271
2016	11	15	0	0	68.3089261033407
2016	11	16	0	0	51.80819696201549
2016	11	17	0	0	56.964316282751
2016	11	18	0	0	8.43705740180857
2016	11	19	0	0	53.5023322559188
2016	11	20	0	0	57.06211087285229
2016	11	21	0	0	37.0736582388177
2016	11	22	0	0	37.576897275047294
2016	11	23	0	0	17.0254965283678
2016	11	24	0	0	24.3549633017658
2016	11	25	0	0	4.18129912433284
2016	11	26	0	0	22.1783241300792
2016	11	27	0	0	29.6066364148247
2016	11	28	0	0	42.1396929744481
2016	11	29	0	0	40.7291700122109
2016	11	30	0	0	47.35552629642709
2016	12	1	0	0	38.4964763163109
2016	12	2	0	0	17.719738959359102
2016	12	3	0	0	14.5228230358812
2016	12	4	0	0	14.6299129021975
2016	12	5	0	0	21.6669599042073
2016	12	6	0	0	34.565379292167
2016	12	7	0	0	32.110237328283404
2016	12	8	0	0	10.3957896622434
2016	12	9	0	0	14.6227612623208
2016	12	10	0	0	35.695766901284706
2016	12	11	0	0	28.0715260189354
2016	12	12	0	0	10.521592536285802
2016	12	13	0	0	14.0084873347795
2016	12	14	0	0	16.3211720987422
2016	12	15	0	0	18.7697205784238
2016	12	16	0	0	14.5906136505337
2016	12	17	0	0	20.9595461350716
2016	12	18	0	0	9.72653346893576
2016	12	19	0	0	11.6417758235316
2016	12	20	0	0	10.1509465407737
2016	12	21	0	0	9.36322232280747
2016	12	22	0	0	33.8347137316514
2016	12	23	0	0	42.929810267279294
2016	12	24	0	0	40.1928298245932
2016	12	25	0	0	9.01710087204759
2016	12	26	0	0	15.8039509662119
2016	12	27	0	0	6.10883292427119
2016	12	28	0	0	8.62658033792014
2016	12	29	0	0	28.195345319257804
2016	12	30	0	0	27.559521267167
2016	12	31	0	0	28.869933770673
2017	1	1	0	0	40.68072290772171
2017	1	2	0	0	49.95125147371861
2017	1	3	0	0	40.3943904582683
2017	1	4	0	0	30.445641091014
2017	1	5	0	0	20.507468226786106
2017	1	6	0	0	14.408058981044
2017	1	7	0	0	26.2931673395548
2017	1	8	0	0	31.3786545530228
2017	1	9	0	0	30.0680210666457
2017	1	10	0	0	53.0631495747713
2017	1	11	0	0	47.5154042568509
2017	1	12	0	0	40.1077384222481
2017	1	13	0	0	26.1582353562129
2017	1	14	0	0	42.85996779024921
2017	1	15	0	0	50.768952696313896
2017	1	16	0	0	22.1412938935613
2017	1	17	0	0	49.95125147371861
2017	1	18	0	0	55.18024331487371
2017	1	19	0	0	12.4104078113092
2017	1	20	0	0	55.9746140529408
2017	1	21	0	0	50.0160003479418
2017	1	22	0	0	56.238859817152
2017	1	23	0	0	59.6626710076496
2017	1	24	0	0	60.8942063572402
2017	1	25	0	0	45.3187373372651
2017	1	26	0	0	57.92811076452249
2017	1	27	0	0	55.5903276453599
2017	1	28	0	0	66.2699626539949
2017	1	29	0	0	16.6783597730639
2017	1	30	0	0	40.0290081269819
2017	1	31	0	0	63.05223822287829
2017	2	1	0	0	20.922746973401
2017	2	2	0	0	59.778733109354896
2017	2	3	0	0	68.8022026708537
2017	2	4	0	0	23.9422913104645
2017	2	5	0	0	70.5117511135952
2017	2	6	0	0	37.5179416521881
2017	2	7	0	0	50.5815593469214
2017	2	8	0	0	72.525185085213
2017	2	9	0	0	62.2335951666222
2017	2	10	0	0	74.19833031172651
2017	2	11	0	0	14.8050951488052
2017	2	12	0	0	36.58128436796321
2017	2	13	0	0	62.5237202580464
2017	2	14	0	0	60.6169374236356
2017	2	15	0	0	46.3287694642313
2017	2	16	0	0	77.0297809709955
2017	2	17	0	0	78.15230335046809
2017	2	18	0	0	84.91413665389379
2017	2	19	0	0	59.7924747816613
2017	2	20	0	0	81.856499529288
2017	2	21	0	0	82.7550298163813
2017	2	22	0	0	112.129195439824
2017	2	23	0	0	32.5027965497801
2017	2	24	0	0	19.9721830099195
2017	2	25	0	0	79.0052803692545
2017	2	26	0	0	114.219328672806
2017	2	27	0	0	26.4333552811602
2017	2	28	0	0	71.0953366425603
2017	3	1	0	0	29.430693348618696
2017	3	2	0	0	90.2809226317379
2017	3	3	0	0	116.359535139687
2017	3	4	0	0	87.9410703438957
2017	3	5	0	0	40.0950902883246
2017	3	6	0	0	99.6523676249349
2017	3	7	0	0	118.136220500221
2017	3	8	0	0	126.350456940658
2017	3	9	0	0	37.3979180462054
2017	3	10	0	0	76.05895984065609
2017	3	11	0	0	74.6668167194603
2017	3	12	0	0	65.61336900358279
2017	3	13	0	0	131.62629419335198
2017	3	14	0	0	45.0367196145485
2017	3	15	0	0	34.6647972764819
2017	3	16	0	0	131.637278536718
2017	3	17	0	0	140.58611886055598
2017	3	18	0	0	43.2470296992891
2017	3	19	0	0	154.418623758065
2017	3	20	0	0	152.85168305986602
2017	3	21	0	0	152.073384209206
2017	3	22	0	0	149.590567822571
2017	3	23	0	0	148.420199175747
2017	3	24	0	0	152.916541283749
2017	3	25	0	0	177.799303070825
2017	3	26	0	0	179.34662117577702
2017	3	27	0	0	179.565771107714
2017	3	28	0	0	171.731321650407
2017	3	29	0	0	166.89692869119
2017	3	30	0	0	171.031819845639
2017	3	31	0	0	66.664061816795
2017	4	1	0	0	123.075462484624
2017	4	2	0	0	146.240696795028
2017	4	3	0	0	163.657550076032
2017	4	4	0	0	185.492323728626
2017	4	5	0	0	161.015741571934
2017	4	6	0	0	173.08153162391602
2017	4	7	0	0	190.423662449553
2017	4	8	0	0	166.797918143762
2017	4	9	0	0	192.105300895667
2017	4	10	0	0	176.03241347038102
2017	4	11	0	0	116.192468776761
2017	4	12	0	0	87.777942942467
2017	4	13	0	0	215.556159977406
2017	4	14	0	0	228.84022075362003
2017	4	15	0	0	214.42981799980305
2017	4	16	0	0	170.026819727698
2017	4	17	0	0	209.251613846315
2017	4	18	0	0	95.64230410559558
2017	4	19	0	0	170.22323594550198
2017	4	20	0	0	216.34879964753003
2017	4	21	0	0	230.24567532000705
2017	4	22	0	0	228.242270658227
2017	4	23	0	0	161.69555337824102
2017	4	24	0	0	141.610725342226
2017	4	25	0	0	144.081100564199
2017	4	26	0	0	177.587878467951
2017	4	27	0	0	185.60048088529095
2017	4	28	0	0	238.895807392201
2017	4	29	0	0	245.301868847271
2017	4	30	0	0	265.555226581759
2017	5	1	0	0	248.220076377462
2017	5	2	0	0	228.81460518163505
2017	5	3	0	0	227.766930322236
2017	5	4	0	0	249.153761728687
2017	5	5	0	0	222.848038707574
2017	5	6	0	0	133.422746397471
2017	5	7	0	0	251.09485354481004
2017	5	8	0	0	189.756652020921
2017	5	9	0	0	261.971334675086
2017	5	10	0	0	189.386505733709
2017	5	11	0	0	260.513106223235
2017	5	12	0	0	117.233000994879
2017	5	13	0	0	159.246962421555
2017	5	14	0	0	279.49059482694696
2017	5	15	0	0	238.113023868118
2017	5	16	0	0	235.36217346453
2017	5	17	0	0	166.334470289481
2017	5	18	0	0	108.041043360847
2017	5	19	0	0	284.980065920407
2017	5	20	0	0	301.50072635185603
2017	5	21	0	0	309.724393744761
2017	5	22	0	0	246.256503809135
2017	5	23	0	0	261.56418492206
2017	5	24	0	0	288.22336273424
2017	5	25	0	0	264.410046638716
2017	5	26	0	0	242.06328475197003
2017	5	27	0	0	120.122996165992
2017	5	28	0	0	263.41242236634497
2017	5	29	0	0	289.704911002912
2017	5	30	0	0	320.946821516191
2017	5	31	0	0	149.65166807962498
2017	6	1	0	0	141.259849412923
2017	6	2	0	0	170.87842507093
2017	6	3	0	0	234.187508478731
2017	6	4	0	0	288.90244429652
2017	6	5	0	0	343.993950752056
2017	6	6	0	0	74.068327522696
2017	6	7	0	0	296.860664032327
2017	6	8	0	0	323.64054033827205
2017	6	9	0	0	164.899183707804
2017	6	10	0	0	34.592753486726195
2017	6	11	0	0	126.619139086291
2017	6	12	0	0	144.477701923045
2017	6	13	0	0	90.644523715106
2017	6	14	0	0	133.306168453048
2017	6	15	0	0	334.215054046972
2017	6	16	0	0	331.178076440046
2017	6	17	0	0	286.87124982388804
2017	6	18	0	0	187.572823537761
2017	6	19	0	0	308.921437984512
2017	6	20	0	0	275.975474885209
2017	6	21	0	0	267.820292953538
2017	6	22	0	0	134.526314852712
2017	6	23	0	0	197.569500366872
2017	6	24	0	0	270.548374860678
2017	6	25	0	0	239.46177191967095
2017	6	26	0	0	194.800415136976
2017	6	27	0	0	341.47227004754103
2017	6	28	0	0	214.986589478322
2017	6	29	0	0	149.610097655897
2017	6	30	0	0	189.814844511001
2017	7	1	0	0	250.04394443609
2017	7	2	0	0	234.050457021126
2017	7	3	0	0	301.523498582555
2017	7	4	0	0	200.759718882956
2017	7	5	0	0	282.05579723873296
2017	7	6	0	0	303.812490690784
2017	7	7	0	0	169.900578658803
2017	7	8	0	0	334.49340259423303
2017	7	9	0	0	316.105135918213
2017	7	10	0	0	316.835881671218
2017	7	11	0	0	322.099174724422
2017	7	12	0	0	295.33808072326804
2017	7	13	0	0	110.184692085595
2017	7	14	0	0	304.731390879476
2017	7	15	0	0	299.69414268253104
2017	7	16	0	0	316.703029714308
2017	7	17	0	0	316.304434456165
2017	7	18	0	0	305.047972437074
2017	7	19	0	0	290.080365449202
2017	7	20	0	0	124.07456897909
2017	7	21	0	0	262.641491129659
2017	7	22	0	0	97.9087041666984
2017	7	23	0	0	180.06172582228
2017	7	24	0	0	271.089797383377
2017	7	25	0	0	275.20569789050097
2017	7	26	0	0	224.350871680051
2017	7	27	0	0	269.007697655608
2017	7	28	0	0	275.42608009315603
2017	7	29	0	0	260.315767985534
2017	7	30	0	0	258.924265185425
2017	7	31	0	0	272.666511313485
2017	8	1	0	0	271.534670283602
2017	8	2	0	0	269.937610057781
2017	8	3	0	0	250.447322679364
2017	8	4	0	0	265.745762550989
2017	8	5	0	0	221.260765768927
2017	8	6	0	0	259.053536954031
2017	8	7	0	0	260.915592888087
2017	8	8	0	0	153.22827227582
2017	8	9	0	0	121.185479824238
2017	8	10	0	0	111.21247916613702
2017	8	11	0	0	254.21127492358696
2017	8	12	0	0	243.494097635162
2017	8	13	0	0	252.611416985667
2017	8	14	0	0	180.02298681317
2017	8	15	0	0	264.966127252817
2017	8	16	0	0	252.436701032946
2017	8	17	0	0	216.108523791693
2017	8	18	0	0	91.515768297251
2017	8	19	0	0	167.936119667367
2017	8	20	0	0	209.517115365772
2017	8	21	0	0	223.10425863403705
2017	8	22	0	0	88.90624695660759
2017	8	23	0	0	150.734104611873
2017	8	24	0	0	202.531219632166
2017	8	25	0	0	118.810922750246
2017	8	26	0	0	230.30608553492297
2017	8	27	0	0	84.3804645658523
2017	8	28	0	0	93.6013880404445
2017	8	29	0	0	161.530272226996
2017	8	30	0	0	214.76271521502
2017	8	31	0	0	224.139842238391
2017	9	1	0	0	227.848352283478
2017	9	2	0	0	221.296845576582
2017	9	3	0	0	212.281741356104
2017	9	4	0	0	221.71724425862004
2017	9	5	0	0	207.343611590412
2017	9	6	0	0	89.1627281802023
2017	9	7	0	0	228.747793278726
2017	9	8	0	0	215.441230679421
2017	9	9	0	0	204.265426142846
2017	9	10	0	0	203.46430371648
2017	9	11	0	0	197.300225360073
2017	9	12	0	0	178.53451667159698
2017	9	13	0	0	120.125920438902
2017	9	14	0	0	129.570080186421
2017	9	15	0	0	86.1358489244117
2017	9	16	0	0	64.44866893600489
2017	9	17	0	0	172.288024385571
2017	9	18	0	0	176.60561529923902
2017	9	19	0	0	141.394448326699
2017	9	20	0	0	143.508554087412
2017	9	21	0	0	90.8692144398526
2017	9	22	0	0	158.690227839615
2017	9	23	0	0	112.67512245162202
2017	9	24	0	0	105.82901111449
2017	9	25	0	0	159.928460815562
2017	9	26	0	0	56.89473254238771
2017	9	27	0	0	121.672330925677
2017	9	28	0	0	56.7799391319906
2017	9	29	0	0	154.73150777843
2017	9	30	0	0	70.0476872854277
2017	10	1	0	0	101.305386946369
2017	10	2	0	0	25.4399408994619
2017	10	3	0	0	131.257658847563
2017	10	4	0	0	143.522189334056
2017	10	5	0	0	43.7382379277658
2017	10	6	0	0	140.68860264639798
2017	10	7	0	0	130.342144353226
2017	10	8	0	0	132.229772299187
2017	10	9	0	0	124.268647573095
2017	10	10	0	0	103.669873399062
2017	10	11	0	0	83.2045459666991
2017	10	12	0	0	95.81086300024027
2017	10	13	0	0	116.661486322271
2017	10	14	0	0	113.354890439872
2017	10	15	0	0	103.869936050537
2017	10	16	0	0	106.902102901962
2017	10	17	0	0	36.716876894131104
2017	10	18	0	0	117.944225179645
2017	10	19	0	0	57.3123571429566
2017	10	20	0	0	26.667855854712897
2017	10	21	0	0	70.5543468296057
2017	10	22	0	0	69.09897583014711
2017	10	23	0	0	92.9583926930709
2017	10	24	0	0	30.836205743085294
2017	10	25	0	0	47.09468269400829
2017	10	26	0	0	61.64917043813829
2017	10	27	0	0	34.6903150001908
2017	10	28	0	0	87.6527273582106
2017	10	29	0	0	81.7738214827707
2017	10	30	0	0	85.487537125935
2017	10	31	0	0	54.0421064616152
2017	11	1	0	0	79.3992358404494
2017	11	2	0	0	42.8038936313892
2017	11	3	0	0	78.411087320935
2017	11	4	0	0	26.2391536647761
2017	11	5	0	0	28.1176357169626
2017	11	6	0	0	75.35155672173191
2017	11	7	0	0	19.5731769414889
2017	11	8	0	0	50.2990609437148
2017	11	9	0	0	6.1147782388751
2017	11	10	0	0	24.1563233355692
2017	11	11	0	0	32.5859175338095
2017	11	12	0	0	70.22094178451921
2017	11	13	0	0	22.839011937346896
2017	11	14	0	0	59.6418497955937
2017	11	15	0	0	51.1118931061766
2017	11	16	0	0	25.5344129567034
2017	11	17	0	0	40.3718843380107
2017	11	18	0	0	57.5293460147732
2017	11	19	0	0	59.5724959906133
2017	11	20	0	0	45.00934235448629
2017	11	21	0	0	24.6256820943315
2017	11	22	0	0	50.47665993674911
2017	11	23	0	0	51.097115159912605
2017	11	24	0	0	49.0893221655491
2017	11	25	0	0	45.6270504102564
2017	11	26	0	0	49.1488221302218
2017	11	27	0	0	45.477188093035096
2017	11	28	0	0	18.3422019876095
2017	11	29	0	0	21.0538531651084
2017	11	30	0	0	31.657045846340004
2017	12	1	0	0	14.5514003484739
2017	12	2	0	0	42.569712475121605
2017	12	3	0	0	25.0142381380123
2017	12	4	0	0	18.060245609295603
2017	12	5	0	0	43.5914179481995
2017	12	6	0	0	12.3528209001123
2017	12	7	0	0	14.030529307151802
2017	12	8	0	0	17.3285884362776
2017	12	9	0	0	26.307345849850897
2017	12	10	0	0	10.8895290066305
2017	12	11	0	0	36.3154388292394
2017	12	12	0	0	23.3626532544498
2017	12	13	0	0	31.8379917126934
2017	12	14	0	0	29.455349561599
2017	12	15	0	0	30.9952322315499
2017	12	16	0	0	16.1416147799938
2017	12	17	0	0	12.8655785551078
2017	12	18	0	0	10.8895290066305
2017	12	19	0	0	20.6828882295623
2017	12	20	0	0	18.797415284282803
2017	12	21	0	0	38.3642542364227
2017	12	22	0	0	25.2977933806059
2017	12	23	0	0	27.0605253587889
2017	12	24	0	0	33.5057500081022
2017	12	25	0	0	27.5230269536003
2017	12	26	0	0	28.6633265915449
2017	12	27	0	0	13.722048236442802
2017	12	28	0	0	15.0518038365107
2017	12	29	0	0	22.9981212872504
2017	12	30	0	0	25.402465784388102
2017	12	31	0	0	18.797415284282803
2018	1	1	0	0	26.3831489703337
2018	1	2	0	0	23.1508819398267
2018	1	3	0	0	32.489534438417394
2018	1	4	0	0	28.7347142998413
2018	1	5	0	0	13.6180333932863
2018	1	6	0	0	17.5897257158911
2018	1	7	0	0	17.7869804595689
2018	1	8	0	0	38.5560370091524
2018	1	9	0	0	18.5258775607408
2018	1	10	0	0	40.5216886144925
2018	1	11	0	0	50.080737933257
2018	1	12	0	0	44.498673930544605
2018	1	13	0	0	51.998846803083
2018	1	14	0	0	45.7941234047597
2018	1	15	0	0	46.8543843124776
2018	1	16	0	0	54.846326853880704
2018	1	17	0	0	50.22398338870229
2018	1	18	0	0	26.1732253932986
2018	1	19	0	0	52.148842101817706
2018	1	20	0	0	49.530107311727896
2018	1	21	0	0	57.586031570036496
2018	1	22	0	0	54.709783753908006
2018	1	23	0	0	47.319576814194406
2018	1	24	0	0	49.98362732312679
2018	1	25	0	0	60.6768756560516
2018	1	26	0	0	9.63321157798176
2018	1	27	0	0	64.7408105074442
2018	1	28	0	0	66.9542093174554
2018	1	29	0	0	68.6822823545436
2018	1	30	0	0	65.8933894462707
2018	1	31	0	0	15.0417952209971
2018	2	1	0	0	57.8156447906501
2018	2	2	0	0	23.473373874162803
2018	2	3	0	0	25.5994483151893
2018	2	4	0	0	41.940618883719296
2018	2	5	0	0	49.2117593838344
2018	2	6	0	0	15.3239110529148
2018	2	7	0	0	56.6633454208123
2018	2	8	0	0	24.065315599914303
2018	2	9	0	0	58.1508394041533
2018	2	10	0	0	93.8034337630451
2018	2	11	0	0	104.873321444056
2018	2	12	0	0	87.90086276558941
2018	2	13	0	0	54.797859757408
2018	2	14	0	0	75.26387433019171
2018	2	15	0	0	89.32425880143421
2018	2	16	0	0	72.8680600284596
2018	2	17	0	0	49.2117593838344
2018	2	18	0	0	121.401780384244
2018	2	19	0	0	105.170969071139
2018	2	20	0	0	105.27646307833
2018	2	21	0	0	84.63814796141729
2018	2	22	0	0	43.6311913062364
2018	2	23	0	0	43.7580893820728
2018	2	24	0	0	78.5612971966329
2018	2	25	0	0	105.870078711927
2018	2	26	0	0	62.5116315267129
2018	2	27	0	0	80.5055000417054
2018	2	28	0	0	16.0004657341948
2018	3	1	0	0	103.629567974288
2018	3	2	0	0	37.4679538143614
2018	3	3	0	0	42.8995947935582
2018	3	4	0	0	105.288908706592
2018	3	5	0	0	67.20172457144109
2018	3	6	0	0	47.3062741674627
2018	3	7	0	0	104.25604727424
2018	3	8	0	0	55.3292871317873
2018	3	9	0	0	95.3015289116154
2018	3	10	0	0	116.879373383284
2018	3	11	0	0	100.760637442018
2018	3	12	0	0	86.0091980078902
2018	3	13	0	0	106.149673027507
2018	3	14	0	0	121.208545373815
2018	3	15	0	0	121.276666821781
2018	3	16	0	0	53.2226330217906
2018	3	17	0	0	115.53675078581
2018	3	18	0	0	125.984227712256
2018	3	19	0	0	144.861797774673
2018	3	20	0	0	66.5872050863052
2018	3	21	0	0	103.633803888472
2018	3	22	0	0	138.88689075971902
2018	3	23	0	0	97.0269673172986
2018	3	24	0	0	138.560149364252
2018	3	25	0	0	180.490782551746
2018	3	26	0	0	176.408945882262
2018	3	27	0	0	177.582276931825
2018	3	28	0	0	141.777466417452
2018	3	29	0	0	176.446011272416
2018	3	30	0	0	157.721024023682
2018	3	31	0	0	76.6854236988016
2018	4	1	0	0	117.874607500317
2018	4	2	0	0	118.557758874691
2018	4	3	0	0	176.84842751445098
2018	4	4	0	0	118.122640718824
2018	4	5	0	0	202.534932634306
2018	4	6	0	0	214.074705003379
2018	4	7	0	0	205.079550803852
2018	4	8	0	0	213.604929248882
2018	4	9	0	0	85.0738219552999
2018	4	10	0	0	95.9172134632877
2018	4	11	0	0	85.2635927800476
2018	4	12	0	0	191.184643932073
2018	4	13	0	0	109.09169754737
2018	4	14	0	0	139.85480778316003
2018	4	15	0	0	144.489945828791
2018	4	16	0	0	107.888972085902
2018	4	17	0	0	211.857409850275
2018	4	18	0	0	195.12958604925495
2018	4	19	0	0	215.68131204148705
2018	4	20	0	0	44.1041245066998
2018	4	21	0	0	123.046878527383
2018	4	22	0	0	111.546062285846
2018	4	23	0	0	106.841137198798
2018	4	24	0	0	225.494159129328
2018	4	25	0	0	216.34879964753003
2018	4	26	0	0	212.821290344037
2018	4	27	0	0	212.88849844168095
2018	4	28	0	0	205.20275872958803
2018	4	29	0	0	201.233102111367
2018	4	30	0	0	168.71979069103202
2018	5	1	0	0	250.86112897569
2018	5	2	0	0	251.666149171808
2018	5	3	0	0	250.419666233784
2018	5	4	0	0	248.30690350986305
2018	5	5	0	0	243.710623962528
2018	5	6	0	0	226.981322923606
2018	5	7	0	0	249.804941142147
2018	5	8	0	0	253.120038284349
2018	5	9	0	0	269.63460390694803
2018	5	10	0	0	249.171103003666
2018	5	11	0	0	269.015765072984
2018	5	12	0	0	205.89192093728
2018	5	13	0	0	280.981315124316
2018	5	14	0	0	301.445385520684
2018	5	15	0	0	285.475159007189
2018	5	16	0	0	288.149767458299
2018	5	17	0	0	271.997522849334
2018	5	18	0	0	263.395511066961
2018	5	19	0	0	288.480950539652
2018	5	20	0	0	184.24588180723495
2018	5	21	0	0	303.898034383061
2018	5	22	0	0	129.582596890084
2018	5	23	0	0	118.350495463138
2018	5	24	0	0	292.484057955094
2018	5	25	0	0	204.8724106893
2018	5	26	0	0	281.432434922678
2018	5	27	0	0	173.851443850822
2018	5	28	0	0	164.86369564764098
2018	5	29	0	0	245.04149806172904
2018	5	30	0	0	124.501779459069
2018	5	31	0	0	304.071113077719
2018	6	1	0	0	305.562380299919
2018	6	2	0	0	291.635604271544
2018	6	3	0	0	227.38353887864497
2018	6	4	0	0	323.935471596755
2018	6	5	0	0	340.847004463552
2018	6	6	0	0	318.00618695496297
2018	6	7	0	0	332.508821227244
2018	6	8	0	0	346.17176209454203
2018	6	9	0	0	101.296051630453
2018	6	10	0	0	166.493116936155
2018	6	11	0	0	195.43065914909
2018	6	12	0	0	260.070463169029
2018	6	13	0	0	310.812766567068
2018	6	14	0	0	175.00030390565
2018	6	15	0	0	40.102472607680895
2018	6	16	0	0	80.59698187526101
2018	6	17	0	0	125.659649291358
2018	6	18	0	0	207.05953941759896
2018	6	19	0	0	237.125424969943
2018	6	20	0	0	304.133074999938
2018	6	21	0	0	293.932493570706
2018	6	22	0	0	326.248792042917
2018	6	23	0	0	268.307090874626
2018	6	24	0	0	323.493088813601
2018	6	25	0	0	325.549247399727
2018	6	26	0	0	267.552136857132
2018	6	27	0	0	316.901720451891
2018	6	28	0	0	348.348537938354
2018	6	29	0	0	346.06530995697403
2018	6	30	0	0	317.477873281337
2018	7	1	0	0	243.838711708966
2018	7	2	0	0	318.388199138976
2018	7	3	0	0	305.883187674808
2018	7	4	0	0	320.025454531753
2018	7	5	0	0	331.673175565765
2018	7	6	0	0	325.646437638206
2018	7	7	0	0	338.220108626493
2018	7	8	0	0	320.71842704659804
2018	7	9	0	0	314.660006791222
2018	7	10	0	0	312.812898761337
2018	7	11	0	0	313.860016250376
2018	7	12	0	0	292.228252593721
2018	7	13	0	0	157.78241074176398
2018	7	14	0	0	325.501473228032
2018	7	15	0	0	351.978620859612
2018	7	16	0	0	123.585293123113
2018	7	17	0	0	67.79673968060351
2018	7	18	0	0	161.726710216066
2018	7	19	0	0	225.341685197412
2018	7	20	0	0	237.202117879246
2018	7	21	0	0	264.56432951853805
2018	7	22	0	0	257.478688625955
2018	7	23	0	0	273.95502985875
2018	7	24	0	0	283.637839243588
2018	7	25	0	0	229.651154801801
2018	7	26	0	0	280.722017785938
2018	7	27	0	0	255.667327842886
2018	7	28	0	0	227.303237705416
2018	7	29	0	0	289.874486530291
2018	7	30	0	0	286.795984138121
2018	7	31	0	0	275.031511477838
2018	8	1	0	0	277.646281002103
2018	8	2	0	0	264.615385683103
2018	8	3	0	0	281.278409401356
2018	8	4	0	0	290.987325022092
2018	8	5	0	0	209.753283403548
2018	8	6	0	0	109.20236720987
2018	8	7	0	0	217.8148172728
2018	8	8	0	0	241.75062641312095
2018	8	9	0	0	59.4218172253768
2018	8	10	0	0	161.93874461226002
2018	8	11	0	0	206.057486957814
2018	8	12	0	0	146.05813351825
2018	8	13	0	0	198.134197394501
2018	8	14	0	0	249.783140729165
2018	8	15	0	0	237.998518795869
2018	8	16	0	0	243.46748107459095
2018	8	17	0	0	242.089233298134
2018	8	18	0	0	192.149640259825
2018	8	19	0	0	242.013141436997
2018	8	20	0	0	182.006519639412
2018	8	21	0	0	102.425380463732
2018	8	22	0	0	166.141066350769
2018	8	23	0	0	178.29049492932998
2018	8	24	0	0	70.88577929989891
2018	8	25	0	0	211.231923540094
2018	8	26	0	0	179.846415834804
2018	8	27	0	0	176.669660936626
2018	8	28	0	0	97.7111209740769
2018	8	29	0	0	110.577560169521
2018	8	30	0	0	129.731819284636
2018	8	31	0	0	181.195159083411
2018	9	1	0	0	212.042855765962
2018	9	2	0	0	168.757798537288
2018	9	3	0	0	196.327319401207
2018	9	4	0	0	209.44341024928
2018	9	5	0	0	152.829507312897
2018	9	6	0	0	151.412418401532
2018	9	7	0	0	128.86349716475402
2018	9	8	0	0	129.678131604453
2018	9	9	0	0	171.427440929956
2018	9	10	0	0	186.16494927818297
2018	9	11	0	0	188.697876328699
2018	9	12	0	0	194.082345020989
2018	9	13	0	0	171.21225195743298
2018	9	14	0	0	185.51939263967603
2018	9	15	0	0	75.8453638746992
2018	9	16	0	0	140.41279512734
2018	9	17	0	0	164.475372967949
2018	9	18	0	0	123.194455280254
2018	9	19	0	0	134.335260346378
2018	9	20	0	0	150.613335999794
2018	9	21	0	0	155.543901055211
2018	9	22	0	0	156.138664719372
2018	9	23	0	0	155.167034578407
2018	9	24	0	0	154.155524070398
2018	9	25	0	0	164.752047763299
2018	9	26	0	0	161.906475122184
2018	9	27	0	0	156.582569653732
2018	9	28	0	0	123.142804946184
2018	9	29	0	0	143.196171619818
2018	9	30	0	0	87.1983404461117
2018	10	1	0	0	99.3173411665664
2018	10	2	0	0	143.437878503636
2018	10	3	0	0	137.022655812798
2018	10	4	0	0	95.4078418540838
2018	10	5	0	0	133.644195757505
2018	10	6	0	0	140.54117798461598
2018	10	7	0	0	94.9400750364874
2018	10	8	0	0	128.65108939814
2018	10	9	0	0	102.368224724621
2018	10	10	0	0	67.61534571477921
2018	10	11	0	0	125.009827386618
2018	10	12	0	0	113.921237950333
2018	10	13	0	0	98.9234668516426
2018	10	14	0	0	112.362530530337
2018	10	15	0	0	108.624714609839
2018	10	16	0	0	105.068002914699
2018	10	17	0	0	113.392835757129
2018	10	18	0	0	120.086223575314
2018	10	19	0	0	56.99390085707729
2018	10	20	0	0	47.1626438298224
2018	10	21	0	0	79.7337321285493
2018	10	22	0	0	47.5317375621117
2018	10	23	0	0	79.9752983924583
2018	10	24	0	0	90.1295893999366
2018	10	25	0	0	85.3629682551143
2018	10	26	0	0	72.58345887773521
2018	10	27	0	0	77.6974976896038
2018	10	28	0	0	85.6276566895248
2018	10	29	0	0	73.22232722581691
2018	10	30	0	0	78.8836990534018
2018	10	31	0	0	77.73933888262891
2018	11	1	0	0	79.1545581079264
2018	11	2	0	0	75.8997216119916
2018	11	3	0	0	66.30437046305161
2018	11	4	0	0	79.77411655557509
2018	11	5	0	0	24.051798218088603
2018	11	6	0	0	75.7990165216191
2018	11	7	0	0	75.0610314299301
2018	11	8	0	0	31.409020300959305
2018	11	9	0	0	54.755468830712296
2018	11	10	0	0	67.5034823310908
2018	11	11	0	0	64.2562077869381
2018	11	12	0	0	66.3369034941278
2018	11	13	0	0	56.094778002822295
2018	11	14	0	0	9.257460685741
2018	11	15	0	0	19.6168163291366
2018	11	16	0	0	14.8122615317109
2018	11	17	0	0	57.5293460147732
2018	11	18	0	0	39.4233111635248
2018	11	19	0	0	45.209061735146
2018	11	20	0	0	22.4599669156288
2018	11	21	0	0	47.3366814619209
2018	11	22	0	0	35.6338452350578
2018	11	23	0	0	43.24908031203611
2018	11	24	0	0	13.9807520518633
2018	11	25	0	0	47.0161714003618
2018	11	26	0	0	36.6295954771115
2018	11	27	0	0	47.1858880750702
2018	11	28	0	0	38.89932760942661
2018	11	29	0	0	40.4021652893497
2018	11	30	0	0	39.6907073362076
2018	12	1	0	0	48.5550710572699
2018	12	2	0	0	6.22232799549165
2018	12	3	0	0	12.5938041064891
2018	12	4	0	0	20.9891894308534
2018	12	5	0	0	17.373220327191
2018	12	6	0	0	10.4367660464272
2018	12	7	0	0	15.0962960476888
2018	12	8	0	0	16.851787738789998
2018	12	9	0	0	30.0537760043395
2018	12	10	0	0	28.628838603711905
2018	12	11	0	0	42.71689545519629
2018	12	12	0	0	41.4115301944956
2018	12	13	0	0	22.6521653940546
2018	12	14	0	0	13.082067479154698
2018	12	15	0	0	6.33572636895926
2018	12	16	0	0	4.5125563159971
2018	12	17	0	0	17.8079184404995
2018	12	18	0	0	14.1113596839083
2018	12	19	0	0	8.61311528954538
2018	12	20	0	0	22.7525297366392
2018	12	21	0	0	15.0073175998321
2018	12	22	0	0	9.88537804568858
2018	12	23	0	0	7.70110761436767
2018	12	24	0	0	33.8712726059495
2018	12	25	0	0	35.695766901284706
2018	12	26	0	0	11.5829188813664
2018	12	27	0	0	17.6796632469392
2018	12	28	0	0	34.2440455524088
2018	12	29	0	0	28.294380448224203
2018	12	30	0	0	31.292714204071604
2018	12	31	0	0	29.5715323641882
2019	1	1	0	0	22.017098888515505
2019	1	2	0	0	14.840314763649198
2019	1	3	0	0	41.1627892129745
2019	1	4	0	0	30.722758042525
2019	1	5	0	0	35.997657972869895
2019	1	6	0	0	5.7842866302416205
2019	1	7	0	0	11.375656978705402
2019	1	8	0	0	18.0335744823525
2019	1	9	0	0	18.170485581286695
2019	1	10	0	0	49.4328517969428
2019	1	11	0	0	45.7235541628526
2019	1	12	0	0	43.7046595839874
2019	1	13	0	0	29.4764540738844
2019	1	14	0	0	12.6404201509415
2019	1	15	0	0	11.22941758674
2019	1	16	0	0	15.0199835269983
2019	1	17	0	0	17.2545631006813
2019	1	18	0	0	14.5494218817223
2019	1	19	0	0	29.6177178011725
2019	1	20	0	0	7.091660872350071
2019	1	21	0	0	51.9238673019663
2019	1	22	0	0	58.6072368970926
2019	1	23	0	0	33.7048690344636
2019	1	24	0	0	48.0336100606594
2019	1	25	0	0	52.7558454017439
2019	1	26	0	0	56.44624844423571
2019	1	27	0	0	19.501681489851
2019	1	28	0	0	17.4052745818347
2019	1	29	0	0	19.7712119730069
2019	1	30	0	0	45.338607403062
2019	1	31	0	0	55.3472779402045
2019	2	1	0	0	26.1397149124695
2019	2	2	0	0	35.7804360598521
2019	2	3	0	0	25.734853939022894
2019	2	4	0	0	25.041773542888304
2019	2	5	0	0	13.5264594608547
2019	2	6	0	0	33.180509822044804
2019	2	7	0	0	21.662042166826
2019	2	8	0	0	62.1822312462093
2019	2	9	0	0	42.4832681450893
2019	2	10	0	0	20.7974455543963
2019	2	11	0	0	14.6785028796277
2019	2	12	0	0	39.3028023949527
2019	2	13	0	0	40.63084979415
2019	2	14	0	0	62.703367702650006
2019	2	15	0	0	80.1157838269265
2019	2	16	0	0	84.0627102383523
2019	2	17	0	0	64.44694709203
2019	2	18	0	0	68.0588654978168
2019	2	19	0	0	85.658469195463
2019	2	20	0	0	89.7512534974146
2019	2	21	0	0	103.975580936886
2019	2	22	0	0	95.545013221752
2019	2	23	0	0	93.09620868206493
2019	2	24	0	0	92.3261450898152
2019	2	25	0	0	99.2050861426426
2019	2	26	0	0	99.3886139271134
2019	2	27	0	0	90.86356161221072
2019	2	28	0	0	61.574413096301605
2019	3	1	0	0	114.248090883959
2019	3	2	0	0	101.713674274169
2019	3	3	0	0	114.169223758629
2019	3	4	0	0	83.6240126782075
2019	3	5	0	0	121.502848997649
2019	3	6	0	0	125.165559705181
2019	3	7	0	0	95.147889392738
2019	3	8	0	0	94.63127116747792
2019	3	9	0	0	51.484071584548
2019	3	10	0	0	121.244395055216
2019	3	11	0	0	84.8243624052845
2019	3	12	0	0	89.60697493309121
2019	3	13	0	0	140.059384843672
2019	3	14	0	0	46.3306910460396
2019	3	15	0	0	71.09069818612109
2019	3	16	0	0	114.445254953453
2019	3	17	0	0	151.251678849487
2019	3	18	0	0	129.87265171681102
2019	3	19	0	0	107.6561307408
2019	3	20	0	0	147.49107027575198
2019	3	21	0	0	115.12865526156
2019	3	22	0	0	158.408137591662
2019	3	23	0	0	155.47918553179198
2019	3	24	0	0	123.700630395728
2019	3	25	0	0	166.766156870228
2019	3	26	0	0	163.15381463397
2019	3	27	0	0	118.092854510852
2019	3	28	0	0	153.889176917761
2019	3	29	0	0	112.685103666573
2019	3	30	0	0	161.955496910322
2019	3	31	0	0	201.64905269619
2019	4	1	0	0	152.676744136341
2019	4	2	0	0	74.12667642613391
2019	4	3	0	0	183.334410676246
2019	4	4	0	0	220.840781207683
2019	4	5	0	0	164.52215055545602
2019	4	6	0	0	155.302037058407
2019	4	7	0	0	109.158474233425
2019	4	8	0	0	177.510828676993
2019	4	9	0	0	207.17776994995896
2019	4	10	0	0	189.80255688636905
2019	4	11	0	0	232.949339761553
2019	4	12	0	0	264.84859982381903
2019	4	13	0	0	143.174141531907
2019	4	14	0	0	170.530137133089
2019	4	15	0	0	249.405147881675
2019	4	16	0	0	253.812830995517
2019	4	17	0	0	138.333606157711
2019	4	18	0	0	158.158689499414
2019	4	19	0	0	270.410586820982
2019	4	20	0	0	248.637700804891
2019	4	21	0	0	227.15862554574295
2019	4	22	0	0	193.284311978284
2019	4	23	0	0	116.509115118056
2019	4	24	0	0	232.485068129899
2019	4	25	0	0	226.060905677264
2019	4	26	0	0	205.582602672489
2019	4	27	0	0	211.318920583918
2019	4	28	0	0	103.948000174294
2019	4	29	0	0	245.383857838582
2019	4	30	0	0	229.468149805058
2019	5	1	0	0	183.77443810966
2019	5	2	0	0	172.612766939728
2019	5	3	0	0	101.01494675091298
2019	5	4	0	0	139.79098709738997
2019	5	5	0	0	243.626844792968
2019	5	6	0	0	177.758418722452
2019	5	7	0	0	259.461623304833
2019	5	8	0	0	263.211543959577
2019	5	9	0	0	84.4578506153677
2019	5	10	0	0	276.031624083785
2019	5	11	0	0	283.30953763817
2019	5	12	0	0	241.84748223095
2019	5	13	0	0	173.274417816982
2019	5	14	0	0	240.787677118561
2019	5	15	0	0	292.244203687807
2019	5	16	0	0	142.707526111155
2019	5	17	0	0	97.5439887144054
2019	5	18	0	0	224.65795694255695
2019	5	19	0	0	237.371690487175
2019	5	20	0	0	234.11698634849097
2019	5	21	0	0	133.422746397471
2019	5	22	0	0	302.109512950001
2019	5	23	0	0	291.22419352282003
2019	5	24	0	0	242.040215531889
2019	5	25	0	0	251.159254907792
2019	5	26	0	0	242.091194012489
2019	5	27	0	0	309.555123102466
2019	5	28	0	0	284.65003519547
2019	5	29	0	0	177.82862253312695
2019	5	30	0	0	247.28685427785
2019	5	31	0	0	293.674119784464
2019	6	1	0	0	281.212227016888
2019	6	2	0	0	192.28755707332
2019	6	3	0	0	188.256377130636
2019	6	4	0	0	291.451005982289
2019	6	5	0	0	342.280803800466
2019	6	6	0	0	232.753548513552
2019	6	7	0	0	171.182700249126
2019	6	8	0	0	288.67161322984504
2019	6	9	0	0	318.818575076258
2019	6	10	0	0	331.653257406953
2019	6	11	0	0	313.436195293353
2019	6	12	0	0	341.619359780097
2019	6	13	0	0	146.629151304391
2019	6	14	0	0	312.430458192099
2019	6	15	0	0	135.157395533729
2019	6	16	0	0	262.334609588416
2019	6	17	0	0	342.436560845398
2019	6	18	0	0	344.411062049357
2019	6	19	0	0	336.370965523968
2019	6	20	0	0	315.523322385031
2019	6	21	0	0	346.908961781678
2019	6	22	0	0	322.20327789365103
2019	6	23	0	0	140.557587852319
2019	6	24	0	0	285.108049253101
2019	6	25	0	0	310.244097966875
2019	6	26	0	0	300.836525364444
2019	6	27	0	0	301.128936522527
2019	6	28	0	0	316.55077152037603
2019	6	29	0	0	285.418622775139
2019	6	30	0	0	149.57055994747
2019	7	1	0	0	230.881930184562
2019	7	2	0	0	315.972205310831
2019	7	3	0	0	316.965113759596
2019	7	4	0	0	313.692517667418
2019	7	5	0	0	309.609112435904
2019	7	6	0	0	260.18050650622104
2019	7	7	0	0	161.300541980106
2019	7	8	0	0	308.507821303222
2019	7	9	0	0	302.942894958251
2019	7	10	0	0	145.222560656848
2019	7	11	0	0	311.818232543907
2019	7	12	0	0	238.892727229336
2019	7	13	0	0	42.2000146252735
2019	7	14	0	0	132.917722081779
2019	7	15	0	0	298.984525448162
2019	7	16	0	0	281.133130291202
2019	7	17	0	0	217.792668948181
2019	7	18	0	0	260.831237524801
2019	7	19	0	0	280.36455964058604
2019	7	20	0	0	285.446030897694
2019	7	21	0	0	232.111790370004
2019	7	22	0	0	228.849930226289
2019	7	23	0	0	278.860778076598
2019	7	24	0	0	63.3427448010791
2019	7	25	0	0	186.732075005645
2019	7	26	0	0	278.186348201063
2019	7	27	0	0	278.95798914769
2019	7	28	0	0	179.51789274146302
2019	7	29	0	0	200.428558343559
2019	7	30	0	0	242.740775178711
2019	7	31	0	0	157.298866190491
2019	8	1	0	0	162.820501756486
2019	8	2	0	0	278.002019643242
2019	8	3	0	0	288.52111261346903
2019	8	4	0	0	260.815409100189
2019	8	5	0	0	275.600906554049
2019	8	6	0	0	252.96086771810695
2019	8	7	0	0	257.221753511131
2019	8	8	0	0	256.680650279966
2019	8	9	0	0	260.274676303557
2019	8	10	0	0	160.250290817646
2019	8	11	0	0	224.4636423611
2019	8	12	0	0	201.485484409686
2019	8	13	0	0	82.9863694432249
2019	8	14	0	0	235.71886787684105
2019	8	15	0	0	252.167901704707
2019	8	16	0	0	178.116565919909
2019	8	17	0	0	154.871912832234
2019	8	18	0	0	155.261947531501
2019	8	19	0	0	195.22146394723305
2019	8	20	0	0	136.940270301143
2019	8	21	0	0	236.40149549870895
2019	8	22	0	0	212.839232741808
2019	8	23	0	0	206.700196069528
2019	8	24	0	0	202.28363684333303
2019	8	25	0	0	222.647154587578
2019	8	26	0	0	234.855130863107
2019	8	27	0	0	186.258379401844
2019	8	28	0	0	68.4547860733329
2019	8	29	0	0	161.539502363732
2019	8	30	0	0	211.182367738769
2019	8	31	0	0	212.416847008037
2019	9	1	0	0	224.459166801211
2019	9	2	0	0	107.16108611423
2019	9	3	0	0	229.021863824447
2019	9	4	0	0	216.67798633300495
2019	9	5	0	0	165.125820231825
2019	9	6	0	0	165.588659155058
2019	9	7	0	0	125.765963625058
2019	9	8	0	0	116.587689507459
2019	9	9	0	0	100.313814830303
2019	9	10	0	0	213.207864111274
2019	9	11	0	0	68.1983369921532
2019	9	12	0	0	57.05020042104711
2019	9	13	0	0	169.23177489474
2019	9	14	0	0	200.958395025542
2019	9	15	0	0	179.690390999828
2019	9	16	0	0	111.140718015199
2019	9	17	0	0	142.61674024363398
2019	9	18	0	0	167.002584682503
2019	9	19	0	0	176.878704020112
2019	9	20	0	0	68.6504207959327
2019	9	21	0	0	97.76190328444858
2019	9	22	0	0	154.614254607415
2019	9	23	0	0	168.283692007682
2019	9	24	0	0	167.50899599823902
2019	9	25	0	0	167.96753674787502
2019	9	26	0	0	140.052993422364
2019	9	27	0	0	108.782074431613
2019	9	28	0	0	57.7776080922438
2019	9	29	0	0	50.70313102066781
2019	9	30	0	0	76.54962713621329
2019	10	1	0	0	154.637292938144
2019	10	2	0	0	80.4238360038522
2019	10	3	0	0	130.561827522781
2019	10	4	0	0	149.240925336325
2019	10	5	0	0	134.329187798376
2019	10	6	0	0	126.624090493174
2019	10	7	0	0	129.960154119184
2019	10	8	0	0	55.871199509571504
2019	10	9	0	0	50.8877894389174
2019	10	10	0	0	84.3072740625308
2019	10	11	0	0	72.87079816663551
2019	10	12	0	0	81.59727033749941
2019	10	13	0	0	76.1599127390258
2019	10	14	0	0	29.0729987324779
2019	10	15	0	0	40.274638143707
2019	10	16	0	0	109.530017818778
2019	10	17	0	0	111.955448694391
2019	10	18	0	0	38.0035784944809
2019	10	19	0	0	90.9542065597922
2019	10	20	0	0	114.345666788252
2019	10	21	0	0	104.161659734857
2019	10	22	0	0	89.7547810026859
2019	10	23	0	0	81.93173005335791
2019	10	24	0	0	51.870737380437
2019	10	25	0	0	65.7522778371557
2019	10	26	0	0	81.1609558540665
2019	10	27	0	0	74.3338910980213
2019	10	28	0	0	73.9274815755967
2019	10	29	0	0	24.8678747711318
2019	10	30	0	0	39.316771675518495
2019	10	31	0	0	21.269315264564
2019	11	1	0	0	58.166686702721606
2019	11	2	0	0	47.374370169302594
2019	11	3	0	0	19.538262088338698
2019	11	4	0	0	87.1433275225067
2019	11	5	0	0	17.6726590917775
2019	11	6	0	0	66.99342711499
2019	11	7	0	0	56.143050165462206
2019	11	8	0	0	81.2743972642886
2019	11	9	0	0	67.0558802068838
2019	11	10	0	0	26.8304514298398
2019	11	11	0	0	26.1006770067265
2019	11	12	0	0	69.5709549340535
2019	11	13	0	0	45.07175485759971
2019	11	14	0	0	60.338492635744494
2019	11	15	0	0	24.4490750462251
2019	11	16	0	0	17.1413561012341
2019	11	17	0	0	67.72238050473621
2019	11	18	0	0	70.0106036037477
2019	11	19	0	0	66.157976694069
2019	11	20	0	0	62.0711855199893
2019	11	21	0	0	20.4727047648728
2019	11	22	0	0	26.9206240009228
2019	11	23	0	0	48.9901544821547
2019	11	24	0	0	44.2197889417582
2019	11	25	0	0	17.9515795051215
2019	11	26	0	0	11.9707677802362
2019	11	27	0	0	11.4945265317435
2019	11	28	0	0	52.2194097903333
2019	11	29	0	0	53.38319468922361
2019	11	30	0	0	21.450115367615
2019	12	1	0	0	26.3947987086525
2019	12	2	0	0	11.7205966734145
2019	12	3	0	0	42.4702340316708
2019	12	4	0	0	56.0470898011939
2019	12	5	0	0	51.6093687333786
2019	12	6	0	0	38.1157334787762
2019	12	7	0	0	12.8285246960149
2019	12	8	0	0	18.994046298391
2019	12	9	0	0	5.552869553423211
2019	12	10	0	0	16.5578853361245
2019	12	11	0	0	36.3154388292394
2019	12	12	0	0	28.8355373023223
2019	12	13	0	0	31.7448239338646
2019	12	14	0	0	6.02865793312251
2019	12	15	0	0	16.340126122725998
2019	12	16	0	0	12.9335055828626
2019	12	17	0	0	21.3931448756813
2019	12	18	0	0	9.03317675865175
2019	12	19	0	0	18.237699245621897
2019	12	20	0	0	32.9942665679268
2019	12	21	0	0	22.0671217005535
2019	12	22	0	0	9.89499429829027
2019	12	23	0	0	5.94843057526276
2019	12	24	0	0	7.84020021347975
2019	12	25	0	0	26.7441203303757
2019	12	26	0	0	44.4563839616199
2019	12	27	0	0	31.3719461046622
2019	12	28	0	0	13.146053499207802
2019	12	29	0	0	38.1467999103404
2019	12	30	0	0	28.869933770673
2019	12	31	0	0	33.4692058505348
2020	1	1	0	0	18.7635918378501
2020	1	2	0	0	26.0226016492655
2020	1	3	0	0	18.065909880333898
2020	1	4	0	0	32.0493193465876
2020	1	5	0	0	38.56399164252221
2020	1	6	0	0	44.4985901763932
2020	1	7	0	0	52.1007913689826
2020	1	8	0	0	44.0447464361617
2020	1	9	0	0	10.8139806579302
2020	1	10	0	0	12.3483718590576
2020	1	11	0	0	14.3250714019633
2020	1	12	0	0	23.393081767016
2020	1	13	0	0	20.3568020232146
2020	1	14	0	0	13.4002862259494
2020	1	15	0	0	16.406987541327
2020	1	16	0	0	5.594827234082861
2020	1	17	0	0	11.2696984155074
2020	1	18	0	0	10.5864155192332
2020	1	19	0	0	57.62723395922
2020	1	20	0	0	57.7465956894408
2020	1	21	0	0	20.1534528948502
2020	1	22	0	0	28.3698244680132
2020	1	23	0	0	21.3829119927491
2020	1	24	0	0	50.986929155426
2020	1	25	0	0	14.3845414094061
2020	1	26	0	0	66.0927774711652
2020	1	27	0	0	62.488835594198
2020	1	28	0	0	44.4160545200863
2020	1	29	0	0	55.7532704788484
2020	1	30	0	0	48.22160846262821
2020	1	31	0	0	27.640090430421505
2020	2	1	0	0	24.653119815060503
2020	2	2	0	0	31.6390236213192
2020	2	3	0	0	60.91918398863511
2020	2	4	0	0	40.2616280898449
2020	2	5	0	0	47.2328754225805
2020	2	6	0	0	59.9660929108218
2020	2	7	0	0	45.0668604897441
2020	2	8	0	0	66.9514017552294
2020	2	9	0	0	67.3296756591867
2020	2	10	0	0	67.9324729903535
2020	2	11	0	0	65.7736732246364
2020	2	12	0	0	26.0500361108603
2020	2	13	0	0	71.62782013125059
2020	2	14	0	0	38.119088556611295
2020	2	15	0	0	36.5879870355556
2020	2	16	0	0	117.057428538984
2020	2	17	0	0	119.743702236096
2020	2	18	0	0	116.654755957626
2020	2	19	0	0	94.66528420220828
2020	2	20	0	0	85.79172507314921
2020	2	21	0	0	108.013115433137
2020	2	22	0	0	25.144426327231898
2020	2	23	0	0	79.3474311939934
2020	2	24	0	0	101.650579311512
2020	2	25	0	0	32.9294500678657
2020	2	26	0	0	21.70552445829
2020	2	27	0	0	81.4315899300867
2020	2	28	0	0	24.4651083221917
2020	2	29	0	0	38.7874937046863
2020	3	1	0	0	16.317515418709398
2020	3	2	0	0	44.139014384632304
2020	3	3	0	0	34.611074400784105
2020	3	4	0	0	37.9688981854838
2020	3	5	0	0	75.82769336266058
2020	3	6	0	0	68.5338414029289
2020	3	7	0	0	52.804530866965294
2020	3	8	0	0	103.173220944195
2020	3	9	0	0	95.38322891361142
2020	3	10	0	0	108.120481320143
2020	3	11	0	0	71.4228760854334
2020	3	12	0	0	118.479677923932
2020	3	13	0	0	76.7835060175837
2020	3	14	0	0	129.368826803983
2020	3	15	0	0	120.286127423704
2020	3	16	0	0	140.94769245006202
2020	3	17	0	0	139.731296879916
2020	3	18	0	0	89.26045180536279
2020	3	19	0	0	141.850800292256
2020	3	20	0	0	164.046312760335
2020	3	21	0	0	163.471463809648
2020	3	22	0	0	64.2013752241492
2020	3	23	0	0	163.727957147552
2020	3	24	0	0	123.155748094604
2020	3	25	0	0	139.43726659963698
2020	3	26	0	0	67.367303596162
2020	3	27	0	0	190.710478120448
2020	3	28	0	0	147.292475851602
2020	3	29	0	0	159.784988051424
2020	3	30	0	0	181.10950351851295
2020	3	31	0	0	114.825604902064
2020	4	1	0	0	157.30300954907
2020	4	2	0	0	103.979486810911
2020	4	3	0	0	166.000202122818
2020	4	4	0	0	168.88316060863198
2020	4	5	0	0	174.256496716568
2020	4	6	0	0	103.81202138477
2020	4	7	0	0	98.70833091941108
2020	4	8	0	0	82.68927292360591
2020	4	9	0	0	29.4535121025394
2020	4	10	0	0	197.828578495037
2020	4	11	0	0	54.2035176724821
2020	4	12	0	0	145.622584258097
2020	4	13	0	0	120.032245219786
2020	4	14	0	0	209.03563601322497
2020	4	15	0	0	230.802445637107
2020	4	16	0	0	122.918723730622
2020	4	17	0	0	158.602477186292
2020	4	18	0	0	124.045274070748
2020	4	19	0	0	200.993503865561
2020	4	20	0	0	238.7218411161
2020	4	21	0	0	181.191239078607
2020	4	22	0	0	216.74727586186
2020	4	23	0	0	73.86441379189341
2020	4	24	0	0	232.04394145849
2020	4	25	0	0	189.039345438293
2020	4	26	0	0	193.746841074911
2020	4	27	0	0	149.48894185445
2020	4	28	0	0	140.860277678704
2020	4	29	0	0	143.170349529161
2020	4	30	0	0	202.700868957472
2020	5	1	0	0	245.456685254839
2020	5	2	0	0	259.06524573927203
2020	5	3	0	0	249.470088092377
2020	5	4	0	0	112.336734405778
2020	5	5	0	0	178.40722305404
2020	5	6	0	0	98.9591969988088
2020	5	7	0	0	84.95349467099129
2020	5	8	0	0	147.19939281860002
2020	5	9	0	0	132.10775961802798
2020	5	10	0	0	92.626764906274
2020	5	11	0	0	122.098037897041
2020	5	12	0	0	76.6603120910073
2020	5	13	0	0	187.313041977318
2020	5	14	0	0	271.78249726047994
2020	5	15	0	0	108.325149156277
2020	5	16	0	0	94.6593016694833
2020	5	17	0	0	262.74997769318804
2020	5	18	0	0	172.07312170860297
2020	5	19	0	0	242.694484968485
2020	5	20	0	0	307.974625568377
2020	5	21	0	0	260.719030623703
2020	5	22	0	0	311.866476815002
2020	5	23	0	0	301.915760417466
2020	5	24	0	0	295.164125914993
2020	5	25	0	0	244.438604381217
2020	5	26	0	0	211.783929442031
2020	5	27	0	0	258.14137654910803
2020	5	28	0	0	229.134045289067
2020	5	29	0	0	309.588186694054
2020	5	30	0	0	311.630368858447
2020	5	31	0	0	324.967483651615
2020	6	1	0	0	185.387040768314
2020	6	2	0	0	306.659615249011
2020	6	3	0	0	313.947226553987
2020	6	4	0	0	329.133467470804
2020	6	5	0	0	252.25667573478
2020	6	6	0	0	349.453793979856
2020	6	7	0	0	293.035304164865
2020	6	8	0	0	131.961773760509
2020	6	9	0	0	215.455545589463
2020	6	10	0	0	326.697405778682
2020	6	11	0	0	296.376011760263
2020	6	12	0	0	330.525803504892
2020	6	13	0	0	350.003403757799
2020	6	14	0	0	338.840239489307
2020	6	15	0	0	312.259925331829
2020	6	16	0	0	341.666133355611
2020	6	17	0	0	312.84866980473
2020	6	18	0	0	106.733966572639
2020	6	19	0	0	126.093657012818
2020	6	20	0	0	178.370788496479
2020	6	21	0	0	308.392463817254
2020	6	22	0	0	146.855448307109
2020	6	23	0	0	186.660167681824
2020	6	24	0	0	286.827985844159
2020	6	25	0	0	342.678209348955
2020	6	26	0	0	322.436337162924
2020	6	27	0	0	190.182053484598
2020	6	28	0	0	171.484820129322
2020	6	29	0	0	220.857494320929
2020	6	30	0	0	321.846882524075
2020	7	1	0	0	235.969452115998
2020	7	2	0	0	308.26594500791
2020	7	3	0	0	287.448375568247
2020	7	4	0	0	201.834546222622
2020	7	5	0	0	297.718193912137
2020	7	6	0	0	79.6523122414196
2020	7	7	0	0	149.431386552899
2020	7	8	0	0	311.556488511687
2020	7	9	0	0	304.257637583908
2020	7	10	0	0	239.659461894173
2020	7	11	0	0	283.719238972546
2020	7	12	0	0	208.00503128078
2020	7	13	0	0	283.206129171018
2020	7	14	0	0	296.12174552001204
2020	7	15	0	0	235.393586744741
2020	7	16	0	0	279.282372079526
2020	7	17	0	0	216.442983414798
2020	7	18	0	0	268.70779894332503
2020	7	19	0	0	183.62376582463295
2020	7	20	0	0	271.632059409754
2020	7	21	0	0	217.967012344528
2020	7	22	0	0	235.65642842388303
2020	7	23	0	0	138.443771193204
2020	7	24	0	0	211.75333999797505
2020	7	25	0	0	276.494844272654
2020	7	26	0	0	109.775619387797
2020	7	27	0	0	262.306750296745
2020	7	28	0	0	262.565260397896
2020	7	29	0	0	277.203139951754
2020	7	30	0	0	283.746230003242
2020	7	31	0	0	281.207212522098
2020	8	1	0	0	273.329430965396
2020	8	2	0	0	183.27632950550705
2020	8	3	0	0	217.598166233401
2020	8	4	0	0	215.882972319331
2020	8	5	0	0	276.902928767146
2020	8	6	0	0	261.184492449382
2020	8	7	0	0	268.203695198025
2020	8	8	0	0	260.37668287673097
2020	8	9	0	0	279.77223141353403
2020	8	10	0	0	165.995922149054
2020	8	11	0	0	187.733385804844
2020	8	12	0	0	234.98640156819
2020	8	13	0	0	227.830048239316
2020	8	14	0	0	210.877848744103
2020	8	15	0	0	153.863911994902
2020	8	16	0	0	198.835162524172
2020	8	17	0	0	236.813740287609
2020	8	18	0	0	144.286835688666
2020	8	19	0	0	182.49026978647
2020	8	20	0	0	164.593664797785
2020	8	21	0	0	163.71441785684
2020	8	22	0	0	72.6938710946053
2020	8	23	0	0	155.80208072115
2020	8	24	0	0	77.81272372997469
2020	8	25	0	0	211.381634956695
2020	8	26	0	0	180.65099134469295
2020	8	27	0	0	213.646233974904
2020	8	28	0	0	39.6053283352012
2020	8	29	0	0	44.7086080868712
2020	8	30	0	0	127.879318591118
2020	8	31	0	0	186.244008765764
2020	9	1	0	0	208.634837228461
2020	9	2	0	0	215.62764418534695
2020	9	3	0	0	227.844147549698
2020	9	4	0	0	214.68946258598095
2020	9	5	0	0	208.43882443957295
2020	9	6	0	0	186.001166112511
2020	9	7	0	0	157.116006530712
2020	9	8	0	0	169.86388311853997
2020	9	9	0	0	201.757696621628
2020	9	10	0	0	190.19729030702496
2020	9	11	0	0	192.646254021036
2020	9	12	0	0	186.242070954193
2020	9	13	0	0	190.345029139802
2020	9	14	0	0	214.649899473329
2020	9	15	0	0	212.50041609567
2020	9	16	0	0	147.815174769378
2020	9	17	0	0	138.925422049335
2020	9	18	0	0	149.029715412292
2020	9	19	0	0	175.664462223923
2020	9	20	0	0	141.019585210437
2020	9	21	0	0	142.255484160822
2020	9	22	0	0	93.4978816339473
2020	9	23	0	0	103.742507965402
2020	9	24	0	0	154.968741329679
2020	9	25	0	0	152.544565803738
2020	9	26	0	0	71.74263105850001
2020	9	27	0	0	155.51781543698
2020	9	28	0	0	70.7045292219677
2020	9	29	0	0	156.084727885185
2020	9	30	0	0	144.408738696885
2020	10	1	0	0	95.0181015669828
2020	10	2	0	0	115.351955095121
2020	10	3	0	0	57.1333299861026
2020	10	4	0	0	79.42970219032429
2020	10	5	0	0	91.4165886652746
2020	10	6	0	0	135.008462825572
2020	10	7	0	0	12.509968084689698
2020	10	8	0	0	26.754899603319306
2020	10	9	0	0	138.15177660986902
2020	10	10	0	0	21.3180959810459
2020	10	11	0	0	128.712691105264
2020	10	12	0	0	109.624057009954
2020	10	13	0	0	116.838703865841
2020	10	14	0	0	92.4732022750702
2020	10	15	0	0	111.832495403119
2020	10	16	0	0	118.735326662416
2020	10	17	0	0	81.9957078264698
2020	10	18	0	0	25.7527370569025
2020	10	19	0	0	80.3985767934293
2020	10	20	0	0	108.09903001057
2020	10	21	0	0	102.693891933509
2020	10	22	0	0	93.195926018761
2020	10	23	0	0	53.3022294539569
2020	10	24	0	0	79.5883406951424
2020	10	25	0	0	94.0756684610958
2020	10	26	0	0	35.160393063350604
2020	10	27	0	0	72.3384076847955
2020	10	28	0	0	88.17491143212
2020	10	29	0	0	36.2348453453767
2020	10	30	0	0	8.37248821922052
2020	10	31	0	0	25.7983036036358
2020	11	1	0	0	65.8420347931357
2020	11	2	0	0	22.3251374627961
2020	11	3	0	0	62.5119434066775
2020	11	4	0	0	16.1994913855161
2020	11	5	0	0	44.2015811428145
2020	11	6	0	0	52.1781661746924
2020	11	7	0	0	75.8903152195433
2020	11	8	0	0	62.96629886928229
2020	11	9	0	0	68.3545966892038
2020	11	10	0	0	51.3627451373942
2020	11	11	0	0	54.6840707449981
2020	11	12	0	0	63.5926134226713
2020	11	13	0	0	68.2865623989184
2020	11	14	0	0	24.4135673972577
2020	11	15	0	0	56.929968365799
2020	11	16	0	0	51.1687546676806
2020	11	17	0	0	55.7639064712842
2020	11	18	0	0	62.1234427258126
2020	11	19	0	0	36.4013098532719
2020	11	20	0	0	36.337080759201605
2020	11	21	0	0	56.8693308619842
2020	11	22	0	0	57.6751188678776
2020	11	23	0	0	50.3931266049005
2020	11	24	0	0	30.6658910817014
2020	11	25	0	0	40.1636943690988
2020	11	26	0	0	38.268568651881
2020	11	27	0	0	52.14428434072229
2020	11	28	0	0	53.010596016550295
2020	11	29	0	0	54.2413653780419
2020	11	30	0	0	50.7361264863575
2020	12	1	0	0	8.48376831828593
2020	12	2	0	0	55.1564633657165
2020	12	3	0	0	17.4348077435112
2020	12	4	0	0	32.9234435602813
2020	12	5	0	0	7.313098388791519
2020	12	6	0	0	19.8646740631488
2020	12	7	0	0	14.1806806380117
2020	12	8	0	0	20.7777260005152
2020	12	9	0	0	15.7099695150143
2020	12	10	0	0	12.598723825887
2020	12	11	0	0	21.2987437580248
2020	12	12	0	0	14.6201024315628
2020	12	13	0	0	25.4600748441748
2020	12	14	0	0	22.4023499858678
2020	12	15	0	0	22.7541949828372
2020	12	16	0	0	29.4883895897471
2020	12	17	0	0	21.515641286134
2020	12	18	0	0	23.2843380538118
2020	12	19	0	0	20.3307243226518
2020	12	20	0	0	25.302563370749503
2020	12	21	0	0	20.3453050741657
2020	12	22	0	0	17.130511369505598
2020	12	23	0	0	8.744519217126511
2020	12	24	0	0	20.688098292080603
2020	12	25	0	0	45.86252795200629
2020	12	26	0	0	27.2666980020273
2020	12	27	0	0	40.077033688949
2020	12	28	0	0	12.1787013732007
2020	12	29	0	0	19.8188696389783
2020	12	30	0	0	32.030309776715896
2020	12	31	0	0	37.8404258369495
2021	1	1	0	0	42.272265678025896
2021	1	2	0	0	53.24712593361279
2021	1	3	0	0	58.3424850353428
2021	1	4	0	0	39.5699169179547
2021	1	5	0	0	41.9323577388321
2021	1	6	0	0	36.4059323092327
2021	1	7	0	0	37.002723970944295
2021	1	8	0	0	39.2774630001986
2021	1	9	0	0	43.2163913073537
2021	1	10	0	0	33.3127796541687
2021	1	11	0	0	10.4535444242322
2021	1	12	0	0	51.266430384572296
2021	1	13	0	0	10.2996767694961
2021	1	14	0	0	5.576060597740869
2021	1	15	0	0	53.6744023742309
2021	1	16	0	0	29.4898048172355
2021	1	17	0	0	38.4875147622545
2021	1	18	0	0	60.169990444156106
2021	1	19	0	0	36.2467061898147
2021	1	20	0	0	55.1192104777209
2021	1	21	0	0	66.500036339409
2021	1	22	0	0	57.1020467651362
2021	1	23	0	0	51.0729328682522
2021	1	24	0	0	71.258737931573
2021	1	25	0	0	38.56399164252221
2021	1	26	0	0	60.0745220519063
2021	1	27	0	0	44.6430473626474
2021	1	28	0	0	22.5470868495068
2021	1	29	0	0	60.6692921436365
2021	1	30	0	0	18.7882135471466
2021	1	31	0	0	14.393055650425
2021	2	1	0	0	78.991061298525
2021	2	2	0	0	78.6573680543583
2021	2	3	0	0	20.2528277775314
2021	2	4	0	0	17.1021747757454
2021	2	5	0	0	72.47499540373241
2021	2	6	0	0	19.2799539166767
2021	2	7	0	0	60.6531915023379
2021	2	8	0	0	71.55520352434651
2021	2	9	0	0	70.0492272854018
2021	2	10	0	0	68.5374655000249
2021	2	11	0	0	34.1191605117381
2021	2	12	0	0	20.7005859256164
2021	2	13	0	0	105.047017027714
2021	2	14	0	0	84.26054264534679
2021	2	15	0	0	29.294340427598
2021	2	16	0	0	31.0169504731354
2021	2	17	0	0	81.735523863772
2021	2	18	0	0	53.147024664443705
2021	2	19	0	0	38.963361541796
2021	2	20	0	0	24.7659246338631
2021	2	21	0	0	20.3499062248228
2021	2	22	0	0	51.2217808317505
2021	2	23	0	0	41.695404863160896
2021	2	24	0	0	34.6960139518876
2021	2	25	0	0	99.2051808732813
2021	2	26	0	0	132.551701879166
2021	2	27	0	0	132.051698319973
2021	2	28	0	0	38.8145543655824
2021	3	1	0	0	79.0782337826293
2021	3	2	0	0	109.017347559258
2021	3	3	0	0	143.277755168869
2021	3	4	0	0	145.574488076654
2021	3	5	0	0	69.961484879195
2021	3	6	0	0	109.966890591323
2021	3	7	0	0	156.998373001702
2021	3	8	0	0	167.514011025295
2021	3	9	0	0	65.45802809951721
2021	3	10	0	0	143.95810349797898
2021	3	11	0	0	53.7599671052184
2021	3	12	0	0	75.7593567306558
2021	3	13	0	0	92.50201433063678
2021	3	14	0	0	153.19927921934098
2021	3	15	0	0	165.159398751146
2021	3	16	0	0	149.99845107089502
2021	3	17	0	0	159.831125358524
2021	3	18	0	0	171.79981810477005
2021	3	19	0	0	172.943177311888
2021	3	20	0	0	181.49264466851105
2021	3	21	0	0	201.313698750544
2021	3	22	0	0	170.902640526211
2021	3	23	0	0	161.60791745871902
2021	3	24	0	0	65.4388383595774
2021	3	25	0	0	184.585132960532
2021	3	26	0	0	178.251555636783
2021	3	27	0	0	197.126941551505
2021	3	28	0	0	157.090252084815
2021	3	29	0	0	67.2942823694502
2021	3	30	0	0	207.60037331705504
2021	3	31	0	0	102.897940991466
2021	4	1	0	0	117.016167669591
2021	4	2	0	0	92.3020754458909
2021	4	3	0	0	122.586762311196
2021	4	4	0	0	95.185713201667
2021	4	5	0	0	135.036770111667
2021	4	6	0	0	115.30854158950198
2021	4	7	0	0	104.051005125648
2021	4	8	0	0	191.023909352504
2021	4	9	0	0	197.295446203149
2021	4	10	0	0	173.141329954765
2021	4	11	0	0	228.035931635588
2021	4	12	0	0	28.5060790512643
2021	4	13	0	0	156.728035692351
2021	4	14	0	0	55.26068726887979
2021	4	15	0	0	68.6657916281526
2021	4	16	0	0	194.59801293266705
2021	4	17	0	0	183.846102441904
2021	4	18	0	0	174.409345403961
2021	4	19	0	0	216.293533477948
2021	4	20	0	0	168.35193725460502
2021	4	21	0	0	85.72471799842499
2021	4	22	0	0	21.6204069873766
2021	4	23	0	0	263.72179053645
2021	4	24	0	0	179.42578704259
2021	4	25	0	0	177.013869266152
2021	4	26	0	0	232.091718653354
2021	4	27	0	0	105.503907610489
2021	4	28	0	0	214.400964830316
2021	4	29	0	0	252.495229884657
2021	4	30	0	0	228.77439491223495
2021	5	1	0	0	182.42547742705003
2021	5	2	0	0	184.668966326853
2021	5	3	0	0	228.821011199988
2021	5	4	0	0	235.058348653922
2021	5	5	0	0	194.904918814059
2021	5	6	0	0	49.9631020223395
2021	5	7	0	0	254.528741436824
2021	5	8	0	0	248.036423748756
2021	5	9	0	0	274.603540035842
2021	5	10	0	0	150.754878547099
2021	5	11	0	0	263.342240672093
2021	5	12	0	0	127.523396188579
2021	5	13	0	0	112.875236979036
2021	5	14	0	0	127.634514196596
2021	5	15	0	0	127.092775963849
2021	5	16	0	0	73.8292502128659
2021	5	17	0	0	162.359155987808
2021	5	18	0	0	280.357609659534
2021	5	19	0	0	77.265060169174
2021	5	20	0	0	181.031326310293
2021	5	21	0	0	209.065522065017
2021	5	22	0	0	284.831942435291
2021	5	23	0	0	135.822652327356
2021	5	24	0	0	298.526108448871
2021	5	25	0	0	315.048502927915
2021	5	26	0	0	317.854290150631
2021	5	27	0	0	284.436659967233
2021	5	28	0	0	216.170519352895
2021	5	29	0	0	311.92552141804697
2021	5	30	0	0	153.884484201795
2021	5	31	0	0	169.469968545821
2021	6	1	0	0	75.59681711782909
2021	6	2	0	0	193.48025381725895
2021	6	3	0	0	174.601756855434
2021	6	4	0	0	247.39823143975
2021	6	5	0	0	81.2610994391584
2021	6	6	0	0	227.201338587223
2021	6	7	0	0	129.59571046060302
2021	6	8	0	0	343.97964384448
2021	6	9	0	0	152.715331383288
2021	6	10	0	0	192.553830709946
2021	6	11	0	0	181.587594622232
2021	6	12	0	0	332.646175314902
2021	6	13	0	0	144.480043559681
2021	6	14	0	0	69.4978966223414
2021	6	15	0	0	317.39322971989
2021	6	16	0	0	350.55306725291604
2021	6	17	0	0	59.98603904452929
2021	6	18	0	0	194.211848037697
2021	6	19	0	0	346.855233330018
2021	6	20	0	0	212.998635196983
2021	6	21	0	0	319.729585142864
2021	6	22	0	0	188.667883977698
2021	6	23	0	0	317.85689289744204
2021	6	24	0	0	344.124261089517
2021	6	25	0	0	346.18566379403603
2021	6	26	0	0	340.161082620657
2021	6	27	0	0	329.814418996884
2021	6	28	0	0	315.912791755607
2021	6	29	0	0	310.441591250442
2021	6	30	0	0	289.006754965771
2021	7	1	0	0	284.39405300728697
2021	7	2	0	0	292.33292911509
2021	7	3	0	0	270.007499197267
2021	7	4	0	0	293.48689141119
2021	7	5	0	0	306.084850178542
2021	7	6	0	0	169.852369285178
2021	7	7	0	0	284.475016734461
2021	7	8	0	0	300.026666629004
2021	7	9	0	0	294.556189420353
2021	7	10	0	0	281.39328796724703
2021	7	11	0	0	287.557874478381
2021	7	12	0	0	309.099510594864
2021	7	13	0	0	301.703161344967
2021	7	14	0	0	318.456930215877
2021	7	15	0	0	234.02039031437
2021	7	16	0	0	265.026959350851
2021	7	17	0	0	122.332008341234
2021	7	18	0	0	147.707756643547
2021	7	19	0	0	260.6632319788
2021	7	20	0	0	181.014641626828
2021	7	21	0	0	254.758001607404
2021	7	22	0	0	197.684400589309
2021	7	23	0	0	147.988543519191
2021	7	24	0	0	95.8234281721854
2021	7	25	0	0	25.211066706389605
2021	7	26	0	0	103.688414043166
2021	7	27	0	0	286.857489284201
2021	7	28	0	0	139.072752284735
2021	7	29	0	0	241.126492724188
2021	7	30	0	0	274.0127006564
2021	7	31	0	0	243.36937394285
2021	8	1	0	0	181.496279502091
2021	8	2	0	0	224.676808908826
2021	8	3	0	0	78.8872519831952
2021	8	4	0	0	97.7753753039801
2021	8	5	0	0	242.541780958634
2021	8	6	0	0	195.106807541988
2021	8	7	0	0	199.369239918745
2021	8	8	0	0	214.683161493667
2021	8	9	0	0	181.121050212245
2021	8	10	0	0	178.62392644232497
2021	8	11	0	0	257.422993064891
2021	8	12	0	0	255.98449523209203
2021	8	13	0	0	224.97479866508095
2021	8	14	0	0	167.653504179231
2021	8	15	0	0	252.045222319894
2021	8	16	0	0	241.261537046123
2021	8	17	0	0	228.77963012202704
2021	8	18	0	0	211.702570982239
2021	8	19	0	0	106.233704249302
2021	8	20	0	0	154.202170219001
2021	8	21	0	0	227.676535180537
2021	8	22	0	0	191.158331491788
2021	8	23	0	0	98.8514060650565
2021	8	24	0	0	165.38701534446
2021	8	25	0	0	89.3088715816169
2021	8	26	0	0	111.890143993994
2021	8	27	0	0	133.454479103813
2021	8	28	0	0	70.4995499974841
2021	8	29	0	0	155.633816330484
2021	8	30	0	0	197.17136408392
2021	8	31	0	0	67.40978303660421
2021	9	1	0	0	194.953401304412
2021	9	2	0	0	149.907313528105
2021	9	3	0	0	202.343430699616
2021	9	4	0	0	157.85662894082398
2021	9	5	0	0	207.921959595074
2021	9	6	0	0	161.16232673711
2021	9	7	0	0	40.9037920826043
2021	9	8	0	0	124.448338137536
2021	9	9	0	0	181.530379020301
2021	9	10	0	0	178.53813541601798
2021	9	11	0	0	163.414407691429
2021	9	12	0	0	142.575736557497
2021	9	13	0	0	35.408121732283604
2021	9	14	0	0	140.304603765613
2021	9	15	0	0	198.153100197431
2021	9	16	0	0	176.107631258466
2021	9	17	0	0	177.93636670102902
2021	9	18	0	0	176.57367638798402
2021	9	19	0	0	166.572901537199
2021	9	20	0	0	172.420626693412
2021	9	21	0	0	173.10086694690898
2021	9	22	0	0	154.066934456392
2021	9	23	0	0	191.036342288611
2021	9	24	0	0	52.27850052329679
2021	9	25	0	0	77.13994748300979
2021	9	26	0	0	27.641546382363305
2021	9	27	0	0	151.509830097132
2021	9	28	0	0	149.502538783959
2021	9	29	0	0	59.118563773460906
2021	9	30	0	0	51.78243397836639
2021	10	1	0	0	120.333620677902
2021	10	2	0	0	130.704253651513
2021	10	3	0	0	115.769931582399
2021	10	4	0	0	71.8467426777852
2021	10	5	0	0	66.6413871260505
2021	10	6	0	0	70.0964078163028
2021	10	7	0	0	30.017791954278803
2021	10	8	0	0	133.255217810102
2021	10	9	0	0	78.8385368659837
2021	10	10	0	0	123.543105520861
2021	10	11	0	0	91.26401585363
2021	10	12	0	0	68.75750142126411
2021	10	13	0	0	93.46196479964529
2021	10	14	0	0	108.70567218448
2021	10	15	0	0	116.24216561501
2021	10	16	0	0	81.5535248675709
2021	10	17	0	0	114.454949148833
2021	10	18	0	0	63.1281015444319
2021	10	19	0	0	98.7411699185291
2021	10	20	0	0	105.855051841019
2021	10	21	0	0	101.382611198615
2021	10	22	0	0	58.7652868748531
2021	10	23	0	0	102.080856672531
2021	10	24	0	0	44.886692275751706
2021	10	25	0	0	69.7472856909982
2021	10	26	0	0	81.95550619631919
2021	10	27	0	0	76.7128826910342
2021	10	28	0	0	28.9941149169076
2021	10	29	0	0	53.5088381080139
2021	10	30	0	0	81.4922689191032
2021	10	31	0	0	16.838800717477902
2021	11	1	0	0	43.9007975125527
2021	11	2	0	0	85.6585576877363
2021	11	3	0	0	12.689044799530802
2021	11	4	0	0	34.54198469556
2021	11	5	0	0	71.9675446167515
2021	11	6	0	0	75.7412646822971
2021	11	7	0	0	67.6198694562403
2021	11	8	0	0	18.5291174330266
2021	11	9	0	0	25.5732627015019
2021	11	10	0	0	74.5876180254281
2021	11	11	0	0	76.9558798005473
2021	11	12	0	0	62.3488549575729
2021	11	13	0	0	53.1617973477942
2021	11	14	0	0	30.9324917727485
2021	11	15	0	0	54.5417005947449
2021	11	16	0	0	53.25801846065371
2021	11	17	0	0	55.34499331701549
2021	11	18	0	0	64.73086518230639
2021	11	19	0	0	9.23431614455432
2021	11	20	0	0	49.1698293388332
2021	11	21	0	0	47.3924295821352
2021	11	22	0	0	49.23261598248
2021	11	23	0	0	55.006846507348
2021	11	24	0	0	56.10511584283871
2021	11	25	0	0	58.8338959764279
2021	11	26	0	0	59.146594829820096
2021	11	27	0	0	56.5418518251853
2021	11	28	0	0	55.480173198918
2021	11	29	0	0	25.191751927455897
2021	11	30	0	0	20.2084891040589
2021	12	1	0	0	11.7708620505506
2021	12	2	0	0	13.3299934429764
2021	12	3	0	0	47.3650151256489
2021	12	4	0	0	32.722312386753394
2021	12	5	0	0	45.0417047087824
2021	12	6	0	0	32.4390716649584
2021	12	7	0	0	46.784598300020704
2021	12	8	0	0	20.419280940809895
2021	12	9	0	0	27.0108598667366
2021	12	10	0	0	44.3692792328415
2021	12	11	0	0	9.38942750479413
2021	12	12	0	0	21.3348844847812
2021	12	13	0	0	35.8771841621972
2021	12	14	0	0	14.2991698422751
2021	12	15	0	0	10.618874491470198
2021	12	16	0	0	16.6648703072514
2021	12	17	0	0	21.2897091338168
2021	12	18	0	0	36.9774291611429
2021	12	19	0	0	11.4883033937425
2021	12	20	0	0	25.2739224430616
2021	12	21	0	0	14.1357602219391
2021	12	22	0	0	4.65022894886412
2021	12	23	0	0	5.26309159599201
2021	12	24	0	0	25.841708912955895
2021	12	25	0	0	21.9453339759087
2021	12	26	0	0	21.6512664472002
2021	12	27	0	0	25.8253860559336
2021	12	28	0	0	7.8576772086039695
2021	12	29	0	0	16.0777106306255
2021	12	30	0	0	21.0744588303482
2021	12	31	0	0	20.3744877853513
