YYYY	MM	DD	hh	mm	TA	TA_min	TA_max
2016	1	1	0	0	3.7	2.25	6.050000000000001
2016	1	2	0	0	1.3	2.25	5.95
2016	1	3	0	0	3.6	1.25	7.550000000000001
2016	1	4	0	0	3.1	1.15	5.8500000000000005
2016	1	5	0	0	3.5	0.15000000000000002	6.65
2016	1	6	0	0	4.0	0.45	6.8500000000000005
2016	1	7	0	0	3.9	0.25	6.65
2016	1	8	0	0	4.2	2.25	9.85
2016	1	9	0	0	4.1	2.15	8.25
2016	1	10	0	0	5.6	1.05	6.75
2016	1	11	0	0	4.6	4.05	7.65
2016	1	12	0	0	4.2	2.85	6.75
2016	1	13	0	0	3.0	0.8500000000000001	4.3500000000000005
2016	1	14	0	0	2.1	-2.75	4.05
2016	1	15	0	0	0.1	0.050000000000000044	3.05
2016	1	16	0	0	-0.6	-2.15	1.55
2016	1	17	0	0	-2.1	-10.15	0.55
2016	1	18	0	0	-7.2	-13.65	-2.15
2016	1	19	0	0	-7.5	-8.45	-0.85
2016	1	20	0	0	-5.9	-9.35	-0.45000000000000007
2016	1	21	0	0	-1.9	-11.549999999999999	1.9500000000000002
2016	1	22	0	0	-6.2	-5.85	1.85
2016	1	23	0	0	1.7	-4.6499999999999995	6.15
2016	1	24	0	0	3.0	-3.25	3.75
2016	1	25	0	0	6.7	-1.35	10.950000000000001
2016	1	26	0	0	6.6	-1.9500000000000002	10.75
2016	1	27	0	0	10.7	-1.4500000000000002	12.25
2016	1	28	0	0	8.5	3.65	11.450000000000001
2016	1	29	0	0	5.6	3.4499999999999997	11.55
2016	1	30	0	0	6.1	3.4499999999999997	11.55
2016	1	31	0	0	4.9	1.9500000000000002	11.55
2016	2	1	0	0	10.5	8.75	14.25
2016	2	2	0	0	9.4	8.45	11.950000000000001
2016	2	3	0	0	2.8	0.95	10.05
2016	2	4	0	0	2.6	0.75	4.8500000000000005
2016	2	5	0	0	4.5	-0.45000000000000007	9.05
2016	2	6	0	0	6.2	-1.0499999999999998	9.85
2016	2	7	0	0	5.1	1.05	13.450000000000001
2016	2	8	0	0	7.0	0.95	12.85
2016	2	9	0	0	7.2	3.75	11.25
2016	2	10	0	0	1.9	1.35	4.15
2016	2	11	0	0	2.2	-0.65	6.95
2016	2	12	0	0	2.1	-0.35	7.95
2016	2	13	0	0	2.9	2.35	7.8500000000000005
2016	2	14	0	0	5.7	1.9500000000000002	10.15
2016	2	15	0	0	3.2	1.05	6.45
2016	2	16	0	0	0.7	2.05	4.15
2016	2	17	0	0	0.5	0.25	3.85
2016	2	18	0	0	2.6	-0.85	8.65
2016	2	19	0	0	0.7	-0.9500000000000001	4.75
2016	2	20	0	0	3.3	-0.15000000000000002	8.55
2016	2	21	0	0	10.6	5.95	15.15
2016	2	22	0	0	10.0	6.75	16.65
2016	2	23	0	0	2.1	0.45	10.450000000000001
2016	2	24	0	0	1.8	0.15000000000000002	6.8500000000000005
2016	2	25	0	0	0.8	0.65	3.25
2016	2	26	0	0	0.0	-1.4500000000000002	5.15
2016	2	27	0	0	1.2	-3.7500000000000004	8.15
2016	2	28	0	0	1.6	1.55	6.050000000000001
2016	2	29	0	0	1.2	0.15000000000000002	4.15
2016	3	1	0	0	1.4	-0.04999999999999993	3.65
2016	3	2	0	0	3.9	1.4500000000000002	7.8500000000000005
2016	3	3	0	0	2.3	0.95	5.050000000000001
2016	3	4	0	0	3.4	-0.85	7.8500000000000005
2016	3	5	0	0	4.0	0.8500000000000001	4.3500000000000005
2016	3	6	0	0	1.7	0.45	6.3500000000000005
2016	3	7	0	0	1.7	-2.65	6.050000000000001
2016	3	8	0	0	-1.2	-2.95	5.65
2016	3	9	0	0	0.2	-1.9500000000000002	8.25
2016	3	10	0	0	1.4	-3.85	10.35
2016	3	11	0	0	3.6	-0.35	8.75
2016	3	12	0	0	4.1	2.75	7.95
2016	3	13	0	0	4.0	3.75	8.75
2016	3	14	0	0	3.3	0.25	8.75
2016	3	15	0	0	1.0	-2.15	4.75
2016	3	16	0	0	2.8	0.8500000000000001	8.65
2016	3	17	0	0	4.0	-0.25	12.75
2016	3	18	0	0	5.5	-2.25	15.85
2016	3	19	0	0	3.0	-2.0500000000000003	16.45
2016	3	20	0	0	3.6	2.55	12.450000000000001
2016	3	21	0	0	4.8	3.4499999999999997	10.55
2016	3	22	0	0	5.8	1.75	10.85
2016	3	23	0	0	4.7	0.55	9.35
2016	3	24	0	0	6.3	0.55	10.75
2016	3	25	0	0	5.3	2.9499999999999997	7.95
2016	3	26	0	0	7.7	2.65	14.950000000000001
2016	3	27	0	0	7.1	-0.7499999999999999	13.65
2016	3	28	0	0	7.8	-0.9500000000000001	14.55
2016	3	29	0	0	7.5	7.25	15.450000000000001
2016	3	30	0	0	8.5	7.65	17.25
2016	3	31	0	0	11.9	4.05	23.349999999999998
2016	4	1	0	0	5.0	6.65	14.35
2016	4	2	0	0	9.0	7.75	19.049999999999997
2016	4	3	0	0	13.1	7.050000000000001	24.65
2016	4	4	0	0	13.4	7.95	23.15
2016	4	5	0	0	11.7	7.25	20.25
2016	4	6	0	0	11.2	6.25	14.950000000000001
2016	4	7	0	0	7.6	3.15	11.65
2016	4	8	0	0	7.1	4.3500000000000005	9.55
2016	4	9	0	0	7.1	4.95	9.75
2016	4	10	0	0	9.8	5.95	16.349999999999998
2016	4	11	0	0	10.4	1.35	19.549999999999997
2016	4	12	0	0	10.1	5.95	19.75
2016	4	13	0	0	9.3	7.75	17.049999999999997
2016	4	14	0	0	9.8	5.8500000000000005	15.65
2016	4	15	0	0	10.5	5.95	13.85
2016	4	16	0	0	10.2	6.3500000000000005	17.75
2016	4	17	0	0	7.6	6.050000000000001	13.65
2016	4	18	0	0	8.2	4.55	9.55
2016	4	19	0	0	7.6	3.9499999999999997	15.25
2016	4	20	0	0	8.1	1.35	18.15
2016	4	21	0	0	11.0	3.25	21.549999999999997
2016	4	22	0	0	11.4	4.55	20.45
2016	4	23	0	0	6.4	3.4499999999999997	15.05
2016	4	24	0	0	2.7	2.25	7.75
2016	4	25	0	0	3.1	0.95	7.45
2016	4	26	0	0	3.4	0.75	7.95
2016	4	27	0	0	3.2	-0.9500000000000001	8.65
2016	4	28	0	0	3.8	-1.9500000000000002	12.25
2016	4	29	0	0	7.3	0.050000000000000044	16.55
2016	4	30	0	0	10.1	1.55	19.65
2016	5	1	0	0	12.0	6.45	9.05
2016	5	2	0	0	11.8	4.75	17.349999999999998
2016	5	3	0	0	9.5	3.25	16.15
2016	5	4	0	0	8.5	3.55	15.75
2016	5	5	0	0	11.1	2.65	19.549999999999997
2016	5	6	0	0	15.1	3.9499999999999997	23.95
2016	5	7	0	0	16.4	5.25	25.25
2016	5	8	0	0	16.9	6.3500000000000005	25.049999999999997
2016	5	9	0	0	17.1	6.550000000000001	24.65
2016	5	10	0	0	15.4	10.85	23.049999999999997
2016	5	11	0	0	15.9	9.85	23.95
2016	5	12	0	0	14.3	9.450000000000001	14.450000000000001
2016	5	13	0	0	13.5	9.15	13.75
2016	5	14	0	0	10.3	7.45	15.35
2016	5	15	0	0	6.8	4.05	12.35
2016	5	16	0	0	6.9	4.45	11.35
2016	5	17	0	0	9.1	6.75	16.05
2016	5	18	0	0	13.2	5.3500000000000005	19.95
2016	5	19	0	0	12.0	9.450000000000001	12.05
2016	5	20	0	0	13.1	5.75	19.45
2016	5	21	0	0	16.8	6.45	24.549999999999997
2016	5	22	0	0	19.0	8.65	27.95
2016	5	23	0	0	11.3	7.45	14.65
2016	5	24	0	0	10.1	8.25	13.55
2016	5	25	0	0	11.7	6.45	22.75
2016	5	26	0	0	16.2	10.55	25.95
2016	5	27	0	0	17.7	12.85	28.95
2016	5	28	0	0	17.8	14.35	24.75
2016	5	29	0	0	16.7	14.15	21.75
2016	5	30	0	0	16.1	12.55	20.849999999999998
2016	5	31	0	0	16.1	10.35	22.349999999999998
2016	6	1	0	0	14.0	12.950000000000001	21.549999999999997
2016	6	2	0	0	15.4	13.450000000000001	21.15
2016	6	3	0	0	15.2	12.65	22.65
2016	6	4	0	0	16.3	14.65	22.349999999999998
2016	6	5	0	0	17.5	13.35	21.75
2016	6	6	0	0	19.6	12.85	26.15
2016	6	7	0	0	20.5	12.35	27.349999999999998
2016	6	8	0	0	16.9	15.35	19.75
2016	6	9	0	0	15.4	11.85	22.049999999999997
2016	6	10	0	0	15.8	9.950000000000001	25.65
2016	6	11	0	0	15.9	13.55	20.549999999999997
2016	6	12	0	0	15.3	14.55	20.75
2016	6	13	0	0	15.2	12.85	18.349999999999998
2016	6	14	0	0	14.6	12.950000000000001	18.75
2016	6	15	0	0	14.0	10.65	20.549999999999997
2016	6	16	0	0	13.3	11.950000000000001	16.65
2016	6	17	0	0	13.4	9.55	19.75
2016	6	18	0	0	14.8	8.85	22.049999999999997
2016	6	19	0	0	13.9	12.75	16.849999999999998
2016	6	20	0	0	15.6	9.75	22.95
2016	6	21	0	0	17.1	13.450000000000001	21.75
2016	6	22	0	0	21.1	14.65	30.349999999999998
2016	6	23	0	0	24.9	15.85	34.25
2016	6	24	0	0	25.3	15.75	33.949999999999996
2016	6	25	0	0	18.9	15.85	26.75
2016	6	26	0	0	16.3	14.450000000000001	20.15
2016	6	27	0	0	16.8	12.55	23.349999999999998
2016	6	28	0	0	18.3	13.85	26.15
2016	6	29	0	0	18.8	15.75	26.549999999999997
2016	6	30	0	0	18.7	13.35	24.75
2016	7	1	0	0	20.3	14.85	27.25
2016	7	2	0	0	16.4	13.85	20.349999999999998
2016	7	3	0	0	14.7	13.55	22.65
2016	7	4	0	0	18.0	11.85	27.65
2016	7	5	0	0	18.7	12.450000000000001	26.25
2016	7	6	0	0	16.4	12.950000000000001	24.45
2016	7	7	0	0	18.0	10.35	26.849999999999998
2016	7	8	0	0	20.3	11.450000000000001	28.45
2016	7	9	0	0	20.4	16.25	28.65
2016	7	10	0	0	23.1	14.05	31.45
2016	7	11	0	0	22.4	17.15	29.049999999999997
2016	7	12	0	0	17.8	16.05	20.15
2016	7	13	0	0	15.6	11.950000000000001	18.049999999999997
2016	7	14	0	0	13.6	11.35	18.65
2016	7	15	0	0	13.0	8.950000000000001	17.25
2016	7	16	0	0	15.9	8.35	21.849999999999998
2016	7	17	0	0	19.8	10.15	27.95
2016	7	18	0	0	21.3	15.15	29.75
2016	7	19	0	0	22.0	15.05	30.95
2016	7	20	0	0	24.1	15.05	33.949999999999996
2016	7	21	0	0	19.7	17.65	28.549999999999997
2016	7	22	0	0	21.7	16.349999999999998	27.349999999999998
2016	7	23	0	0	20.5	16.45	25.549999999999997
2016	7	24	0	0	20.6	14.450000000000001	28.65
2016	7	25	0	0	21.1	17.549999999999997	26.849999999999998
2016	7	26	0	0	21.9	17.45	27.75
2016	7	27	0	0	20.5	16.55	25.349999999999998
2016	7	28	0	0	19.8	16.15	25.95
2016	7	29	0	0	20.4	17.15	27.049999999999997
2016	7	30	0	0	21.2	15.55	29.45
2016	7	31	0	0	19.2	15.15	23.549999999999997
2016	8	1	0	0	16.4	13.25	23.95
2016	8	2	0	0	16.1	12.75	23.25
2016	8	3	0	0	19.6	13.25	27.75
2016	8	4	0	0	19.2	13.25	30.849999999999998
2016	8	5	0	0	16.2	13.85	17.65
2016	8	6	0	0	16.5	13.450000000000001	23.65
2016	8	7	0	0	18.5	11.75	26.15
2016	8	8	0	0	19.6	11.05	27.15
2016	8	9	0	0	15.8	12.65	18.849999999999998
2016	8	10	0	0	13.8	10.55	17.549999999999997
2016	8	11	0	0	12.4	10.65	19.95
2016	8	12	0	0	14.4	11.950000000000001	21.049999999999997
2016	8	13	0	0	19.2	10.05	27.25
2016	8	14	0	0	19.8	12.65	29.15
2016	8	15	0	0	19.5	15.75	28.049999999999997
2016	8	16	0	0	19.1	13.85	28.65
2016	8	17	0	0	17.9	13.950000000000001	24.849999999999998
2016	8	18	0	0	17.3	14.25	24.349999999999998
2016	8	19	0	0	19.0	15.05	25.049999999999997
2016	8	20	0	0	18.2	14.05	24.45
2016	8	21	0	0	16.0	11.35	21.75
2016	8	22	0	0	16.2	10.35	22.95
2016	8	23	0	0	20.0	10.55	27.65
2016	8	24	0	0	21.5	13.25	29.45
2016	8	25	0	0	23.3	13.15	31.25
2016	8	26	0	0	23.9	14.950000000000001	32.65
2016	8	27	0	0	24.2	15.35	32.25
2016	8	28	0	0	23.8	17.049999999999997	30.349999999999998
2016	8	29	0	0	21.1	15.75	21.95
2016	8	30	0	0	18.5	13.85	25.049999999999997
2016	8	31	0	0	19.7	14.05	27.95
2016	9	1	0	0	19.9	16.849999999999998	27.15
2016	9	2	0	0	18.8	13.05	27.15
2016	9	3	0	0	20.2	12.75	26.25
2016	9	4	0	0	17.4	12.05	22.75
2016	9	5	0	0	16.2	14.55	20.549999999999997
2016	9	6	0	0	17.4	12.65	23.65
2016	9	7	0	0	18.7	12.35	25.549999999999997
2016	9	8	0	0	20.4	10.15	27.15
2016	9	9	0	0	19.9	12.75	28.849999999999998
2016	9	10	0	0	20.9	12.75	28.95
2016	9	11	0	0	21.5	12.75	29.25
2016	9	12	0	0	21.8	12.85	29.95
2016	9	13	0	0	22.2	12.65	29.849999999999998
2016	9	14	0	0	22.7	12.35	29.049999999999997
2016	9	15	0	0	20.6	13.35	23.349999999999998
2016	9	16	0	0	17.1	13.25	23.15
2016	9	17	0	0	15.2	13.55	19.349999999999998
2016	9	18	0	0	14.5	13.15	15.25
2016	9	19	0	0	12.9	12.85	17.65
2016	9	20	0	0	13.7	8.45	16.65
2016	9	21	0	0	11.9	7.25	18.349999999999998
2016	9	22	0	0	11.9	5.050000000000001	20.65
2016	9	23	0	0	13.6	7.550000000000001	20.95
2016	9	24	0	0	13.6	7.25	22.65
2016	9	25	0	0	14.3	8.25	24.549999999999997
2016	9	26	0	0	14.1	9.55	23.15
2016	9	27	0	0	14.2	9.950000000000001	21.849999999999998
2016	9	28	0	0	14.6	8.25	21.849999999999998
2016	9	29	0	0	18.1	7.8500000000000005	23.45
2016	9	30	0	0	15.9	7.3500000000000005	23.75
2016	10	1	0	0	14.7	7.95	21.45
2016	10	2	0	0	12.7	5.550000000000001	15.85
2016	10	3	0	0	9.8	5.3500000000000005	16.349999999999998
2016	10	4	0	0	8.2	7.75	16.25
2016	10	5	0	0	6.9	2.55	12.950000000000001
2016	10	6	0	0	7.7	1.4500000000000002	11.65
2016	10	7	0	0	8.8	5.15	12.75
2016	10	8	0	0	7.1	5.15	11.950000000000001
2016	10	9	0	0	6.5	2.25	12.65
2016	10	10	0	0	6.1	0.95	11.950000000000001
2016	10	11	0	0	5.7	3.75	12.35
2016	10	12	0	0	6.6	2.35	12.75
2016	10	13	0	0	6.0	2.05	11.950000000000001
2016	10	14	0	0	9.4	4.25	11.55
2016	10	15	0	0	10.9	5.25	16.349999999999998
2016	10	16	0	0	10.5	4.8500000000000005	21.049999999999997
2016	10	17	0	0	12.0	8.950000000000001	17.349999999999998
2016	10	18	0	0	12.1	10.25	16.65
2016	10	19	0	0	8.6	7.45	12.05
2016	10	20	0	0	6.5	4.75	12.35
2016	10	21	0	0	5.4	6.050000000000001	8.45
2016	10	22	0	0	5.5	0.55	11.950000000000001
2016	10	23	0	0	7.2	0.15000000000000002	10.85
2016	10	24	0	0	12.8	6.8500000000000005	17.549999999999997
2016	10	25	0	0	12.3	9.55	15.75
2016	10	26	0	0	9.6	7.550000000000001	13.65
2016	10	27	0	0	7.5	3.05	14.25
2016	10	28	0	0	6.6	1.65	12.55
2016	10	29	0	0	8.7	3.4499999999999997	14.55
2016	10	30	0	0	7.3	2.35	13.85
2016	10	31	0	0	7.1	3.85	14.05
2016	11	1	0	0	6.5	4.3500000000000005	12.35
2016	11	2	0	0	6.2	5.550000000000001	12.950000000000001
2016	11	3	0	0	3.9	-0.65	10.35
2016	11	4	0	0	3.5	-1.9500000000000002	11.25
2016	11	5	0	0	7.6	5.95	12.05
2016	11	6	0	0	4.4	2.25	7.95
2016	11	7	0	0	1.8	-1.0499999999999998	6.050000000000001
2016	11	8	0	0	0.7	-0.85	5.550000000000001
2016	11	9	0	0	2.6	-1.15	6.45
2016	11	10	0	0	5.0	4.65	8.25
2016	11	11	0	0	3.1	3.25	7.65
2016	11	12	0	0	0.1	-0.9500000000000001	5.8500000000000005
2016	11	13	0	0	0.0	-1.9500000000000002	4.45
2016	11	14	0	0	-1.4	0.35000000000000003	1.9500000000000002
2016	11	15	0	0	1.3	1.4500000000000002	6.550000000000001
2016	11	16	0	0	7.7	5.95	9.450000000000001
2016	11	17	0	0	10.3	2.9499999999999997	11.75
2016	11	18	0	0	9.6	2.35	14.05
2016	11	19	0	0	5.3	-0.04999999999999993	8.25
2016	11	20	0	0	6.3	-0.35	11.15
2016	11	21	0	0	8.8	-0.25	19.549999999999997
2016	11	22	0	0	8.7	7.15	19.349999999999998
2016	11	23	0	0	6.3	6.050000000000001	12.75
2016	11	24	0	0	6.3	4.45	7.65
2016	11	25	0	0	7.8	5.550000000000001	7.050000000000001
2016	11	26	0	0	6.5	5.8500000000000005	8.05
2016	11	27	0	0	4.1	4.45	8.75
2016	11	28	0	0	-1.4	-1.4500000000000002	4.55
2016	11	29	0	0	-2.6	-5.35	3.75
2016	11	30	0	0	-1.7	-7.1499999999999995	5.050000000000001
2016	12	1	0	0	1.1	-3.15	6.25
2016	12	2	0	0	2.6	-5.25	5.95
2016	12	3	0	0	-0.7	0.65	6.45
2016	12	4	0	0	-2.8	-0.5499999999999999	3.15
2016	12	5	0	0	-2.8	-1.4500000000000002	1.35
2016	12	6	0	0	-2.5	-3.35	6.550000000000001
2016	12	7	0	0	-1.9	-4.6499999999999995	4.3500000000000005
2016	12	8	0	0	1.1	-3.25	4.25
2016	12	9	0	0	3.6	-2.5500000000000003	3.4499999999999997
2016	12	10	0	0	2.9	-4.05	1.55
2016	12	11	0	0	5.0	-2.95	4.15
2016	12	12	0	0	4.5	-3.0500000000000003	8.05
2016	12	13	0	0	2.7	-4.949999999999999	1.75
2016	12	14	0	0	5.3	-2.0500000000000003	7.65
2016	12	15	0	0	4.7	-4.1499999999999995	1.65
2016	12	16	0	0	0.6	-0.5499999999999999	1.05
2016	12	17	0	0	1.0	-0.45000000000000007	1.4500000000000002
2016	12	18	0	0	1.2	1.05	4.15
2016	12	19	0	0	2.0	0.050000000000000044	4.55
2016	12	20	0	0	-0.2	-0.9500000000000001	2.45
2016	12	21	0	0	-1.8	-0.45000000000000007	1.35
2016	12	22	0	0	-0.1	-0.5499999999999999	1.15
2016	12	23	0	0	2.6	0.45	7.550000000000001
2016	12	24	0	0	5.4	4.45	7.550000000000001
2016	12	25	0	0	6.5	5.25	8.85
2016	12	26	0	0	5.6	0.75	9.950000000000001
2016	12	27	0	0	1.7	-3.35	7.45
2016	12	28	0	0	2.9	-5.35	6.25
2016	12	29	0	0	0.9	-6.6499999999999995	7.050000000000001
2016	12	30	0	0	-2.3	-2.35	0.15000000000000002
2016	12	31	0	0	-5.8	-1.9500000000000002	-0.25
2017	1	1	0	0	-6.4	-3.35	-1.5500000000000003
2017	1	2	0	0	-1.1	-2.5500000000000003	0.95
2017	1	3	0	0	-1.1	-5.6499999999999995	1.55
2017	1	4	0	0	-0.3	-2.5500000000000003	1.55
2017	1	5	0	0	-2.7	-9.95	0.050000000000000044
2017	1	6	0	0	-11.8	-15.450000000000001	-5.25
2017	1	7	0	0	-8.2	-17.55	-4.05
2017	1	8	0	0	-2.7	-4.05	-0.04999999999999993
2017	1	9	0	0	-1.0	-2.15	1.65
2017	1	10	0	0	-1.5	-3.4499999999999997	-0.25
2017	1	11	0	0	0.8	-0.25	4.65
2017	1	12	0	0	3.3	2.9499999999999997	5.65
2017	1	13	0	0	1.0	-0.65	6.550000000000001
2017	1	14	0	0	0.1	-1.4500000000000002	2.45
2017	1	15	0	0	-1.4	-5.85	-0.15000000000000002
2017	1	16	0	0	-4.5	-7.549999999999999	-0.7499999999999999
2017	1	17	0	0	-4.7	-5.6499999999999995	-2.95
2017	1	18	0	0	-4.7	-4.75	-2.35
2017	1	19	0	0	-7.2	-10.75	-3.65
2017	1	20	0	0	-5.4	-11.549999999999999	-6.6499999999999995
2017	1	21	0	0	-5.1	-10.049999999999999	-5.35
2017	1	22	0	0	-8.9	-12.549999999999999	-2.95
2017	1	23	0	0	-10.3	-7.05	-4.25
2017	1	24	0	0	-7.7	-8.85	-5.1499999999999995
2017	1	25	0	0	-5.7	-7.75	-4.949999999999999
2017	1	26	0	0	-2.7	-7.35	-2.75
2017	1	27	0	0	-3.2	-10.65	2.25
2017	1	28	0	0	-3.6	-9.85	8.85
2017	1	29	0	0	-1.7	-7.85	8.35
2017	1	30	0	0	3.7	-6.35	5.45
2017	1	31	0	0	2.9	3.9499999999999997	7.15
2017	2	1	0	0	2.0	1.25	4.75
2017	2	2	0	0	4.5	0.15000000000000002	13.950000000000001
2017	2	3	0	0	5.3	0.75	8.85
2017	2	4	0	0	5.0	-1.35	9.85
2017	2	5	0	0	4.9	-2.0500000000000003	7.550000000000001
2017	2	6	0	0	2.9	2.35	5.75
2017	2	7	0	0	2.9	2.55	7.25
2017	2	8	0	0	1.4	-0.5499999999999999	5.75
2017	2	9	0	0	-1.1	-1.75	1.4500000000000002
2017	2	10	0	0	-1.2	-1.0499999999999998	3.9499999999999997
2017	2	11	0	0	1.2	-3.0500000000000003	2.55
2017	2	12	0	0	-0.2	-1.35	3.55
2017	2	13	0	0	2.0	-2.15	2.45
2017	2	14	0	0	2.8	-2.65	8.45
2017	2	15	0	0	2.7	-4.75	9.75
2017	2	16	0	0	5.3	-4.1499999999999995	13.55
2017	2	17	0	0	5.8	1.65	5.45
2017	2	18	0	0	4.1	-1.25	10.05
2017	2	19	0	0	2.9	-2.45	8.75
2017	2	20	0	0	6.2	3.05	10.05
2017	2	21	0	0	8.5	6.65	10.950000000000001
2017	2	22	0	0	8.6	7.95	12.15
2017	2	23	0	0	10.2	6.15	19.049999999999997
2017	2	24	0	0	4.6	1.05	10.75
2017	2	25	0	0	3.3	-1.4500000000000002	9.950000000000001
2017	2	26	0	0	5.5	-2.75	11.35
2017	2	27	0	0	9.8	-2.95	15.15
2017	2	28	0	0	4.7	1.15	13.35
2017	3	1	0	0	5.1	2.85	8.15
2017	3	2	0	0	6.7	-0.45000000000000007	11.05
2017	3	3	0	0	6.0	-1.35	15.950000000000001
2017	3	4	0	0	8.7	2.25	19.549999999999997
2017	3	5	0	0	7.0	4.15	11.65
2017	3	6	0	0	5.1	2.55	9.15
2017	3	7	0	0	4.6	3.25	7.15
2017	3	8	0	0	4.6	2.45	9.25
2017	3	9	0	0	9.7	7.8500000000000005	10.55
2017	3	10	0	0	5.4	0.65	13.15
2017	3	11	0	0	5.6	-2.25	13.85
2017	3	12	0	0	6.3	-0.65	15.35
2017	3	13	0	0	4.9	-1.9500000000000002	14.05
2017	3	14	0	0	6.7	-1.15	16.15
2017	3	15	0	0	7.7	-0.45000000000000007	16.75
2017	3	16	0	0	9.3	0.35000000000000003	18.15
2017	3	17	0	0	10.0	-0.7499999999999999	19.549999999999997
2017	3	18	0	0	7.4	7.15	11.15
2017	3	19	0	0	10.4	9.450000000000001	15.35
2017	3	20	0	0	10.4	8.55	15.15
2017	3	21	0	0	8.2	7.75	14.15
2017	3	22	0	0	5.4	5.15	8.05
2017	3	23	0	0	7.8	5.45	18.849999999999998
2017	3	24	0	0	7.0	8.05	10.65
2017	3	25	0	0	8.2	6.45	15.55
2017	3	26	0	0	7.8	2.25	14.55
2017	3	27	0	0	9.7	1.35	17.75
2017	3	28	0	0	12.0	-0.5499999999999999	20.15
2017	3	29	0	0	12.6	3.05	20.349999999999998
2017	3	30	0	0	12.8	2.75	21.549999999999997
2017	3	31	0	0	15.1	2.75	22.95
2017	4	1	0	0	13.4	2.9499999999999997	19.349999999999998
2017	4	2	0	0	11.4	7.45	18.65
2017	4	3	0	0	11.9	7.15	18.849999999999998
2017	4	4	0	0	9.4	7.550000000000001	14.35
2017	4	5	0	0	8.9	5.3500000000000005	15.25
2017	4	6	0	0	7.3	1.15	12.25
2017	4	7	0	0	6.8	-1.0499999999999998	16.05
2017	4	8	0	0	9.7	1.35	20.849999999999998
2017	4	9	0	0	11.7	2.75	23.849999999999998
2017	4	10	0	0	13.8	3.65	23.15
2017	4	11	0	0	7.8	3.55	15.75
2017	4	12	0	0	10.6	1.85	19.25
2017	4	13	0	0	10.5	5.95	18.049999999999997
2017	4	14	0	0	9.6	5.3500000000000005	15.55
2017	4	15	0	0	9.7	5.550000000000001	16.05
2017	4	16	0	0	6.7	5.25	9.75
2017	4	17	0	0	5.0	2.65	12.25
2017	4	18	0	0	3.1	1.25	6.45
2017	4	19	0	0	1.7	-0.9500000000000001	7.050000000000001
2017	4	20	0	0	2.7	-2.45	8.35
2017	4	21	0	0	7.9	-4.05	13.950000000000001
2017	4	22	0	0	8.1	-1.65	14.15
2017	4	23	0	0	5.6	2.65	13.25
2017	4	24	0	0	7.6	-1.15	18.849999999999998
2017	4	25	0	0	7.3	3.75	13.15
2017	4	26	0	0	4.6	1.15	4.55
2017	4	27	0	0	4.7	0.95	5.65
2017	4	28	0	0	6.5	0.55	7.15
2017	4	29	0	0	7.9	-0.35	14.15
2017	4	30	0	0	9.7	-1.15	19.349999999999998
2017	5	1	0	0	6.8	3.25	9.450000000000001
2017	5	2	0	0	7.6	5.75	15.85
2017	5	3	0	0	8.7	7.25	16.15
2017	5	4	0	0	9.3	6.15	14.55
2017	5	5	0	0	9.9	7.75	18.049999999999997
2017	5	6	0	0	13.3	5.75	19.75
2017	5	7	0	0	11.8	9.75	12.450000000000001
2017	5	8	0	0	9.1	7.15	11.35
2017	5	9	0	0	7.5	3.35	14.15
2017	5	10	0	0	10.0	0.65	22.049999999999997
2017	5	11	0	0	14.9	4.3500000000000005	23.65
2017	5	12	0	0	15.2	10.65	21.95
2017	5	13	0	0	15.9	10.75	22.65
2017	5	14	0	0	15.2	11.85	21.349999999999998
2017	5	15	0	0	14.6	10.35	21.75
2017	5	16	0	0	16.6	7.8500000000000005	24.049999999999997
2017	5	17	0	0	19.6	9.05	28.45
2017	5	18	0	0	19.2	12.450000000000001	26.45
2017	5	19	0	0	12.7	4.05	19.25
2017	5	20	0	0	10.7	2.65	17.65
2017	5	21	0	0	13.8	4.95	21.15
2017	5	22	0	0	16.9	7.15	24.75
2017	5	23	0	0	17.9	9.950000000000001	25.75
2017	5	24	0	0	14.7	14.35	23.75
2017	5	25	0	0	14.7	11.450000000000001	23.349999999999998
2017	5	26	0	0	17.1	8.75	26.349999999999998
2017	5	27	0	0	20.3	9.85	30.549999999999997
2017	5	28	0	0	22.0	11.35	32.15
2017	5	29	0	0	23.5	13.15	32.35
2017	5	30	0	0	21.5	17.45	29.45
2017	5	31	0	0	19.4	16.849999999999998	27.95
2017	6	1	0	0	18.4	15.450000000000001	26.45
2017	6	2	0	0	20.6	13.85	27.049999999999997
2017	6	3	0	0	20.3	12.450000000000001	29.549999999999997
2017	6	4	0	0	15.7	13.85	21.849999999999998
2017	6	5	0	0	14.0	12.85	17.65
2017	6	6	0	0	14.0	10.15	16.45
2017	6	7	0	0	12.1	6.550000000000001	17.95
2017	6	8	0	0	15.4	4.8500000000000005	25.549999999999997
2017	6	9	0	0	16.8	7.15	23.75
2017	6	10	0	0	16.2	13.65	24.95
2017	6	11	0	0	20.5	11.05	31.25
2017	6	12	0	0	20.1	15.75	28.549999999999997
2017	6	13	0	0	16.1	13.950000000000001	28.15
2017	6	14	0	0	18.3	15.05	27.049999999999997
2017	6	15	0	0	21.4	14.450000000000001	29.45
2017	6	16	0	0	18.7	15.25	25.75
2017	6	17	0	0	15.6	12.75	23.95
2017	6	18	0	0	19.5	15.950000000000001	26.049999999999997
2017	6	19	0	0	21.4	11.35	30.549999999999997
2017	6	20	0	0	23.1	15.25	31.65
2017	6	21	0	0	23.8	18.549999999999997	32.15
2017	6	22	0	0	26.1	16.349999999999998	32.45
2017	6	23	0	0	23.2	18.349999999999998	32.65
2017	6	24	0	0	19.9	17.15	27.15
2017	6	25	0	0	20.3	17.65	25.849999999999998
2017	6	26	0	0	22.5	15.25	31.25
2017	6	27	0	0	20.7	17.45	28.349999999999998
2017	6	28	0	0	20.0	15.55	25.95
2017	6	29	0	0	16.3	12.75	23.549999999999997
2017	6	30	0	0	17.1	11.75	23.45
2017	7	1	0	0	15.2	13.15	22.049999999999997
2017	7	2	0	0	16.0	13.65	17.15
2017	7	3	0	0	17.6	13.05	24.65
2017	7	4	0	0	19.2	10.950000000000001	27.849999999999998
2017	7	5	0	0	22.0	12.15	30.25
2017	7	6	0	0	23.5	14.05	33.65
2017	7	7	0	0	21.7	14.75	31.25
2017	7	8	0	0	23.5	15.65	31.45
2017	7	9	0	0	23.0	16.65	28.15
2017	7	10	0	0	20.6	16.55	25.65
2017	7	11	0	0	18.6	15.35	24.25
2017	7	12	0	0	17.3	16.25	26.15
2017	7	13	0	0	15.9	14.75	24.049999999999997
2017	7	14	0	0	16.7	13.950000000000001	21.75
2017	7	15	0	0	14.7	12.15	21.75
2017	7	16	0	0	17.9	9.85	25.25
2017	7	17	0	0	20.7	11.25	29.15
2017	7	18	0	0	23.1	14.450000000000001	31.15
2017	7	19	0	0	24.9	13.950000000000001	31.95
2017	7	20	0	0	19.9	16.75	24.15
2017	7	21	0	0	21.3	14.950000000000001	30.15
2017	7	22	0	0	21.1	16.849999999999998	27.95
2017	7	23	0	0	19.0	15.950000000000001	22.65
2017	7	24	0	0	15.3	13.55	19.75
2017	7	25	0	0	13.1	12.75	18.25
2017	7	26	0	0	14.1	10.55	19.549999999999997
2017	7	27	0	0	16.2	8.45	21.65
2017	7	28	0	0	17.5	14.15	21.65
2017	7	29	0	0	20.4	12.05	27.15
2017	7	30	0	0	22.8	14.25	29.95
2017	7	31	0	0	21.2	15.85	28.849999999999998
2017	8	1	0	0	23.1	16.05	32.35
2017	8	2	0	0	22.0	17.75	31.049999999999997
2017	8	3	0	0	22.3	17.549999999999997	32.35
2017	8	4	0	0	20.2	18.65	27.349999999999998
2017	8	5	0	0	19.3	16.25	28.849999999999998
2017	8	6	0	0	16.6	12.65	23.049999999999997
2017	8	7	0	0	17.6	9.75	26.95
2017	8	8	0	0	18.4	12.55	23.45
2017	8	9	0	0	18.3	13.950000000000001	22.65
2017	8	10	0	0	14.0	11.25	16.95
2017	8	11	0	0	13.2	11.65	14.65
2017	8	12	0	0	14.4	12.65	19.549999999999997
2017	8	13	0	0	16.6	14.55	25.95
2017	8	14	0	0	19.8	12.950000000000001	28.049999999999997
2017	8	15	0	0	21.8	13.55	30.25
2017	8	16	0	0	20.0	17.049999999999997	27.45
2017	8	17	0	0	20.8	15.75	28.45
2017	8	18	0	0	20.1	15.35	31.15
2017	8	19	0	0	15.9	12.75	22.549999999999997
2017	8	20	0	0	14.4	11.450000000000001	22.049999999999997
2017	8	21	0	0	14.5	9.950000000000001	22.25
2017	8	22	0	0	15.3	9.65	24.349999999999998
2017	8	23	0	0	18.7	11.65	28.049999999999997
2017	8	24	0	0	19.8	14.85	30.349999999999998
2017	8	25	0	0	21.0	14.75	30.049999999999997
2017	8	26	0	0	22.1	14.950000000000001	29.65
2017	8	27	0	0	20.5	14.85	27.25
2017	8	28	0	0	20.0	15.55	29.049999999999997
2017	8	29	0	0	20.6	14.450000000000001	30.25
2017	8	30	0	0	23.6	13.55	31.95
2017	8	31	0	0	17.1	13.450000000000001	21.15
2017	9	1	0	0	13.7	13.15	16.65
2017	9	2	0	0	12.5	10.15	16.75
2017	9	3	0	0	12.4	8.45	18.45
2017	9	4	0	0	14.5	6.65	20.95
2017	9	5	0	0	18.2	12.450000000000001	23.95
2017	9	6	0	0	17.2	14.75	23.049999999999997
2017	9	7	0	0	13.8	9.65	19.549999999999997
2017	9	8	0	0	14.6	7.8500000000000005	20.049999999999997
2017	9	9	0	0	13.6	8.35	15.75
2017	9	10	0	0	13.3	8.65	17.75
2017	9	11	0	0	12.7	6.550000000000001	17.25
2017	9	12	0	0	12.9	8.45	16.65
2017	9	13	0	0	14.0	4.95	17.65
2017	9	14	0	0	11.1	8.950000000000001	19.25
2017	9	15	0	0	11.3	4.45	17.15
2017	9	16	0	0	9.6	7.65	18.25
2017	9	17	0	0	10.3	7.75	17.349999999999998
2017	9	18	0	0	10.4	8.65	16.95
2017	9	19	0	0	10.7	8.65	14.15
2017	9	20	0	0	11.2	5.75	14.15
2017	9	21	0	0	11.1	2.9499999999999997	19.75
2017	9	22	0	0	11.8	4.45	20.75
2017	9	23	0	0	13.1	6.3500000000000005	20.549999999999997
2017	9	24	0	0	12.2	9.75	20.95
2017	9	25	0	0	12.4	6.25	20.95
2017	9	26	0	0	13.3	8.15	20.95
2017	9	27	0	0	13.9	10.75	22.049999999999997
2017	9	28	0	0	14.6	9.05	22.15
2017	9	29	0	0	16.1	10.950000000000001	22.049999999999997
2017	9	30	0	0	16.3	10.450000000000001	22.849999999999998
2017	10	1	0	0	11.5	8.15	17.25
2017	10	2	0	0	13.0	8.05	17.049999999999997
2017	10	3	0	0	11.8	9.05	17.45
2017	10	4	0	0	10.3	6.050000000000001	16.45
2017	10	5	0	0	11.5	9.950000000000001	20.45
2017	10	6	0	0	8.1	7.3500000000000005	11.65
2017	10	7	0	0	9.3	6.75	14.450000000000001
2017	10	8	0	0	10.4	8.05	12.450000000000001
2017	10	9	0	0	10.7	6.75	15.35
2017	10	10	0	0	11.1	7.050000000000001	15.65
2017	10	11	0	0	12.4	4.75	19.049999999999997
2017	10	12	0	0	12.9	4.45	18.95
2017	10	13	0	0	13.4	8.15	20.549999999999997
2017	10	14	0	0	12.7	5.25	22.849999999999998
2017	10	15	0	0	15.4	6.8500000000000005	21.25
2017	10	16	0	0	16.2	5.15	23.349999999999998
2017	10	17	0	0	14.2	4.8500000000000005	23.349999999999998
2017	10	18	0	0	11.9	5.3500000000000005	19.95
2017	10	19	0	0	12.9	4.25	22.349999999999998
2017	10	20	0	0	14.0	5.050000000000001	21.65
2017	10	21	0	0	13.5	9.950000000000001	19.849999999999998
2017	10	22	0	0	9.1	7.75	12.950000000000001
2017	10	23	0	0	8.5	7.25	9.85
2017	10	24	0	0	11.0	5.65	16.25
2017	10	25	0	0	13.4	4.55	18.349999999999998
2017	10	26	0	0	11.3	4.55	19.15
2017	10	27	0	0	10.1	4.3500000000000005	15.25
2017	10	28	0	0	7.5	2.85	11.15
2017	10	29	0	0	7.8	1.25	10.05
2017	10	30	0	0	4.5	-0.7499999999999999	9.55
2017	10	31	0	0	4.3	-1.85	10.55
2017	11	1	0	0	7.2	-0.15000000000000002	13.35
2017	11	2	0	0	9.3	1.15	14.65
2017	11	3	0	0	8.7	2.9499999999999997	15.950000000000001
2017	11	4	0	0	9.6	1.85	16.849999999999998
2017	11	5	0	0	8.3	4.75	10.950000000000001
2017	11	6	0	0	4.8	4.25	6.65
2017	11	7	0	0	6.2	5.3500000000000005	6.95
2017	11	8	0	0	6.2	5.15	7.050000000000001
2017	11	9	0	0	5.9	5.45	7.8500000000000005
2017	11	10	0	0	5.1	5.65	7.45
2017	11	11	0	0	5.5	5.95	8.950000000000001
2017	11	12	0	0	3.2	2.15	11.55
2017	11	13	0	0	2.5	-0.25	6.45
2017	11	14	0	0	0.4	-1.75	5.8500000000000005
2017	11	15	0	0	1.3	0.25	4.8500000000000005
2017	11	16	0	0	1.3	0.8500000000000001	2.75
2017	11	17	0	0	2.5	1.35	5.050000000000001
2017	11	18	0	0	3.9	1.4500000000000002	5.95
2017	11	19	0	0	3.4	0.45	5.75
2017	11	20	0	0	3.0	-1.25	5.8500000000000005
2017	11	21	0	0	6.3	0.25	10.450000000000001
2017	11	22	0	0	6.6	-0.9500000000000001	14.450000000000001
2017	11	23	0	0	10.4	-2.45	12.75
2017	11	24	0	0	11.2	0.55	14.65
2017	11	25	0	0	5.6	1.65	9.55
2017	11	26	0	0	1.8	0.95	4.25
2017	11	27	0	0	2.9	1.65	5.95
2017	11	28	0	0	3.8	3.4499999999999997	6.15
2017	11	29	0	0	1.7	0.95	4.8500000000000005
2017	11	30	0	0	0.4	0.55	2.65
2017	12	1	0	0	-0.7	-0.9500000000000001	3.35
2017	12	2	0	0	-2.1	-0.04999999999999993	1.55
2017	12	3	0	0	-2.3	-0.7499999999999999	1.4500000000000002
2017	12	4	0	0	-0.2	-0.45000000000000007	2.65
2017	12	5	0	0	2.1	-0.65	4.55
2017	12	6	0	0	3.3	0.45	1.85
2017	12	7	0	0	2.4	-1.75	4.25
2017	12	8	0	0	2.5	-0.45000000000000007	7.550000000000001
2017	12	9	0	0	-1.1	-3.15	0.8500000000000001
2017	12	10	0	0	0.8	-3.65	5.75
2017	12	11	0	0	5.5	1.35	6.550000000000001
2017	12	12	0	0	2.3	-1.85	5.550000000000001
2017	12	13	0	0	2.4	-5.35	4.45
2017	12	14	0	0	4.5	1.75	8.65
2017	12	15	0	0	2.2	-0.25	6.25
2017	12	16	0	0	1.2	-2.0500000000000003	3.05
2017	12	17	0	0	0.7	-1.35	2.05
2017	12	18	0	0	0.5	-0.7499999999999999	1.35
2017	12	19	0	0	0.4	0.35000000000000003	2.55
2017	12	20	0	0	2.0	1.05	3.65
2017	12	21	0	0	3.9	1.35	5.15
2017	12	22	0	0	6.0	4.05	5.8500000000000005
2017	12	23	0	0	6.5	4.25	6.95
2017	12	24	0	0	5.3	1.35	4.25
2017	12	25	0	0	2.5	-1.25	1.4500000000000002
2017	12	26	0	0	4.1	-1.15	6.45
2017	12	27	0	0	3.4	-0.5499999999999999	3.35
2017	12	28	0	0	1.4	-0.7499999999999999	2.85
2017	12	29	0	0	0.7	-3.4499999999999997	3.4499999999999997
2017	12	30	0	0	6.6	1.9500000000000002	11.85
2017	12	31	0	0	11.2	1.35	14.05
2018	1	1	0	0	7.1	0.75	9.05
2018	1	2	0	0	4.4	3.85	7.050000000000001
2018	1	3	0	0	6.3	3.75	13.05
2018	1	4	0	0	7.1	4.55	12.35
2018	1	5	0	0	8.0	8.15	13.65
2018	1	6	0	0	6.7	2.25	9.85
2018	1	7	0	0	5.1	2.35	5.050000000000001
2018	1	8	0	0	5.7	3.55	7.65
2018	1	9	0	0	4.8	1.4500000000000002	13.450000000000001
2018	1	10	0	0	5.5	-0.7499999999999999	10.05
2018	1	11	0	0	2.5	-0.65	7.45
2018	1	12	0	0	2.8	3.05	5.65
2018	1	13	0	0	3.0	-2.25	4.55
2018	1	14	0	0	0.6	-2.5500000000000003	2.05
2018	1	15	0	0	1.9	-0.35	4.45
2018	1	16	0	0	5.2	3.75	8.950000000000001
2018	1	17	0	0	2.4	0.65	4.95
2018	1	18	0	0	4.3	1.9500000000000002	8.950000000000001
2018	1	19	0	0	2.6	2.9499999999999997	6.65
2018	1	20	0	0	1.0	1.65	6.3500000000000005
2018	1	21	0	0	0.8	0.8500000000000001	5.75
2018	1	22	0	0	2.3	0.8500000000000001	9.15
2018	1	23	0	0	5.3	1.9500000000000002	7.65
2018	1	24	0	0	8.9	1.15	11.35
2018	1	25	0	0	8.6	0.050000000000000044	10.35
2018	1	26	0	0	6.7	0.65	11.05
2018	1	27	0	0	3.6	4.3500000000000005	8.35
2018	1	28	0	0	5.7	3.15	8.65
2018	1	29	0	0	7.4	0.95	10.85
2018	1	30	0	0	5.4	4.95	10.75
2018	1	31	0	0	6.8	3.65	10.05
2018	2	1	0	0	2.4	1.25	7.3500000000000005
2018	2	2	0	0	1.4	-0.25	5.15
2018	2	3	0	0	1.0	-0.04999999999999993	3.55
2018	2	4	0	0	-0.2	-2.35	5.25
2018	2	5	0	0	-1.5	-1.85	2.75
2018	2	6	0	0	-0.8	-2.0500000000000003	4.75
2018	2	7	0	0	-1.6	-2.5500000000000003	1.55
2018	2	8	0	0	-1.3	-2.15	1.55
2018	2	9	0	0	-1.0	-0.9500000000000001	2.85
2018	2	10	0	0	0.6	-0.25	3.15
2018	2	11	0	0	2.0	0.45	3.15
2018	2	12	0	0	0.0	-1.4500000000000002	3.15
2018	2	13	0	0	-2.4	-5.05	2.9499999999999997
2018	2	14	0	0	-1.9	-7.949999999999999	3.35
2018	2	15	0	0	0.7	-5.1499999999999995	4.15
2018	2	16	0	0	3.1	1.4500000000000002	7.25
2018	2	17	0	0	-0.3	0.45	2.9499999999999997
2018	2	18	0	0	-2.3	-0.7499999999999999	1.55
2018	2	19	0	0	-3.0	-0.45000000000000007	1.05
2018	2	20	0	0	-1.8	-1.9500000000000002	0.35000000000000003
2018	2	21	0	0	-1.6	-2.95	0.25
2018	2	22	0	0	-1.7	-3.4499999999999997	-0.85
2018	2	23	0	0	-2.7	-2.45	-0.65
2018	2	24	0	0	-3.0	-3.7500000000000004	1.15
2018	2	25	0	0	-5.9	-8.75	-3.0500000000000003
2018	2	26	0	0	-8.6	-11.35	-6.25
2018	2	27	0	0	-9.8	-11.75	-6.05
2018	2	28	0	0	-9.5	-13.45	-3.25
2018	3	1	0	0	-5.5	-8.75	-3.15
2018	3	2	0	0	-4.2	-8.15	1.65
2018	3	3	0	0	0.8	-5.449999999999999	4.75
2018	3	4	0	0	4.8	-0.85	11.05
2018	3	5	0	0	5.8	0.65	12.450000000000001
2018	3	6	0	0	2.7	-0.35	9.65
2018	3	7	0	0	5.7	2.15	8.55
2018	3	8	0	0	6.4	2.45	11.55
2018	3	9	0	0	5.5	4.05	13.950000000000001
2018	3	10	0	0	9.5	3.4499999999999997	14.15
2018	3	11	0	0	10.2	0.75	12.55
2018	3	12	0	0	9.4	5.3500000000000005	13.15
2018	3	13	0	0	6.7	5.8500000000000005	9.450000000000001
2018	3	14	0	0	4.5	2.75	13.15
2018	3	15	0	0	6.7	0.95	12.15
2018	3	16	0	0	6.5	0.050000000000000044	12.950000000000001
2018	3	17	0	0	-0.3	-0.65	6.15
2018	3	18	0	0	-3.6	-1.4500000000000002	1.85
2018	3	19	0	0	-2.2	-1.65	0.65
2018	3	20	0	0	-3.1	-2.5500000000000003	3.75
2018	3	21	0	0	-1.7	-4.35	4.25
2018	3	22	0	0	-0.6	-6.85	5.25
2018	3	23	0	0	2.2	-0.45000000000000007	7.8500000000000005
2018	3	24	0	0	3.9	-2.95	12.65
2018	3	25	0	0	4.9	-2.25	14.55
2018	3	26	0	0	4.9	3.85	11.05
2018	3	27	0	0	6.0	4.05	11.25
2018	3	28	0	0	8.0	5.8500000000000005	12.35
2018	3	29	0	0	5.3	1.25	10.75
2018	3	30	0	0	7.6	0.55	18.15
2018	3	31	0	0	7.2	3.55	8.950000000000001
2018	4	1	0	0	5.7	2.25	9.55
2018	4	2	0	0	8.6	-1.15	17.049999999999997
2018	4	3	0	0	14.4	4.95	20.75
2018	4	4	0	0	13.4	3.65	22.049999999999997
2018	4	5	0	0	8.6	3.75	14.65
2018	4	6	0	0	7.1	1.25	18.049999999999997
2018	4	7	0	0	13.4	1.4500000000000002	24.15
2018	4	8	0	0	14.7	3.25	25.45
2018	4	9	0	0	13.9	7.15	20.25
2018	4	10	0	0	12.6	5.15	22.75
2018	4	11	0	0	12.1	2.45	20.95
2018	4	12	0	0	14.2	5.550000000000001	19.549999999999997
2018	4	13	0	0	8.6	4.25	17.45
2018	4	14	0	0	12.4	2.35	21.049999999999997
2018	4	15	0	0	13.5	3.85	19.549999999999997
2018	4	16	0	0	14.3	10.85	15.450000000000001
2018	4	17	0	0	14.9	6.3500000000000005	22.549999999999997
2018	4	18	0	0	16.6	5.050000000000001	24.65
2018	4	19	0	0	17.9	5.8500000000000005	26.65
2018	4	20	0	0	18.4	6.15	28.049999999999997
2018	4	21	0	0	18.0	6.15	27.95
2018	4	22	0	0	19.5	6.95	27.049999999999997
2018	4	23	0	0	15.9	9.05	24.45
2018	4	24	0	0	14.7	9.15	22.15
2018	4	25	0	0	14.4	6.3500000000000005	23.45
2018	4	26	0	0	10.0	7.8500000000000005	15.55
2018	4	27	0	0	12.6	5.75	23.25
2018	4	28	0	0	13.8	7.45	24.349999999999998
2018	4	29	0	0	18.2	8.35	28.049999999999997
2018	4	30	0	0	14.1	8.65	19.75
2018	5	1	0	0	8.8	9.25	16.05
2018	5	2	0	0	10.4	8.950000000000001	18.15
2018	5	3	0	0	13.4	11.55	19.75
2018	5	4	0	0	15.6	13.25	20.049999999999997
2018	5	5	0	0	16.6	13.35	24.45
2018	5	6	0	0	17.0	11.25	25.75
2018	5	7	0	0	17.0	9.65	25.25
2018	5	8	0	0	18.0	9.450000000000001	26.25
2018	5	9	0	0	18.1	7.550000000000001	24.45
2018	5	10	0	0	14.0	9.35	17.45
2018	5	11	0	0	14.1	6.45	21.95
2018	5	12	0	0	18.0	7.95	27.15
2018	5	13	0	0	16.4	11.55	23.049999999999997
2018	5	14	0	0	14.9	10.25	13.65
2018	5	15	0	0	14.8	8.45	17.049999999999997
2018	5	16	0	0	12.8	10.25	12.85
2018	5	17	0	0	13.1	10.65	15.65
2018	5	18	0	0	13.1	9.450000000000001	22.049999999999997
2018	5	19	0	0	13.0	10.35	21.65
2018	5	20	0	0	14.8	10.15	19.15
2018	5	21	0	0	18.0	8.85	25.45
2018	5	22	0	0	17.5	9.35	24.25
2018	5	23	0	0	17.1	12.75	24.25
2018	5	24	0	0	16.6	12.55	24.549999999999997
2018	5	25	0	0	18.4	10.25	27.25
2018	5	26	0	0	20.0	12.75	28.65
2018	5	27	0	0	20.6	14.85	28.45
2018	5	28	0	0	22.4	13.950000000000001	29.95
2018	5	29	0	0	19.9	12.25	25.25
2018	5	30	0	0	21.3	12.65	28.65
2018	5	31	0	0	22.3	12.05	27.15
2018	6	1	0	0	19.2	14.65	25.45
2018	6	2	0	0	19.3	11.950000000000001	26.549999999999997
2018	6	3	0	0	20.2	13.15	28.25
2018	6	4	0	0	21.8	14.65	28.849999999999998
2018	6	5	0	0	22.0	13.450000000000001	28.95
2018	6	6	0	0	21.9	12.950000000000001	29.95
2018	6	7	0	0	20.6	14.25	26.049999999999997
2018	6	8	0	0	21.1	13.55	27.45
2018	6	9	0	0	20.1	16.05	27.849999999999998
2018	6	10	0	0	21.3	14.05	29.15
2018	6	11	0	0	20.3	14.450000000000001	27.65
2018	6	12	0	0	17.2	14.55	23.95
2018	6	13	0	0	13.9	12.55	16.349999999999998
2018	6	14	0	0	15.1	11.25	21.45
2018	6	15	0	0	16.7	8.950000000000001	23.95
2018	6	16	0	0	19.0	9.35	25.849999999999998
2018	6	17	0	0	18.0	11.65	24.349999999999998
2018	6	18	0	0	17.7	15.450000000000001	25.45
2018	6	19	0	0	19.2	12.55	27.15
2018	6	20	0	0	22.1	13.65	29.849999999999998
2018	6	21	0	0	19.1	14.25	29.25
2018	6	22	0	0	11.9	9.75	19.849999999999998
2018	6	23	0	0	12.7	7.550000000000001	21.549999999999997
2018	6	24	0	0	14.5	10.25	22.65
2018	6	25	0	0	16.6	11.85	22.65
2018	6	26	0	0	16.8	8.85	24.049999999999997
2018	6	27	0	0	18.5	12.85	24.65
2018	6	28	0	0	17.5	10.65	21.349999999999998
2018	6	29	0	0	21.4	15.05	25.15
2018	6	30	0	0	21.4	13.950000000000001	30.349999999999998
2018	7	1	0	0	19.0	13.75	26.95
2018	7	2	0	0	19.2	13.05	28.45
2018	7	3	0	0	20.8	14.15	24.45
2018	7	4	0	0	20.4	14.950000000000001	27.45
2018	7	5	0	0	19.0	13.15	21.75
2018	7	6	0	0	20.2	16.15	21.549999999999997
2018	7	7	0	0	19.5	16.15	26.15
2018	7	8	0	0	20.0	14.35	27.049999999999997
2018	7	9	0	0	20.3	11.15	28.549999999999997
2018	7	10	0	0	16.6	14.65	25.049999999999997
2018	7	11	0	0	15.2	11.25	22.049999999999997
2018	7	12	0	0	18.6	8.35	25.65
2018	7	13	0	0	20.5	13.25	29.049999999999997
2018	7	14	0	0	21.0	15.85	30.049999999999997
2018	7	15	0	0	19.0	16.45	29.049999999999997
2018	7	16	0	0	19.7	14.85	27.95
2018	7	17	0	0	21.1	12.15	28.049999999999997
2018	7	18	0	0	21.0	13.05	30.25
2018	7	19	0	0	20.9	12.65	30.349999999999998
2018	7	20	0	0	22.3	13.85	31.349999999999998
2018	7	21	0	0	18.8	17.15	25.95
2018	7	22	0	0	19.3	16.15	23.45
2018	7	23	0	0	21.8	15.55	27.349999999999998
2018	7	24	0	0	22.7	13.65	30.849999999999998
2018	7	25	0	0	22.8	14.15	31.95
2018	7	26	0	0	23.6	15.05	31.15
2018	7	27	0	0	23.3	14.450000000000001	31.849999999999998
2018	7	28	0	0	23.9	14.75	27.75
2018	7	29	0	0	23.9	15.35	32.25
2018	7	30	0	0	24.9	14.65	34.65
2018	7	31	0	0	26.8	14.75	35.55
2018	8	1	0	0	24.3	16.45	35.25
2018	8	2	0	0	23.9	18.349999999999998	31.849999999999998
2018	8	3	0	0	27.0	17.549999999999997	33.85
2018	8	4	0	0	27.3	17.15	34.05
2018	8	5	0	0	24.4	17.75	33.85
2018	8	6	0	0	26.1	18.75	34.15
2018	8	7	0	0	25.9	16.75	31.349999999999998
2018	8	8	0	0	25.4	15.55	31.049999999999997
2018	8	9	0	0	23.8	16.349999999999998	33.449999999999996
2018	8	10	0	0	18.6	12.75	22.849999999999998
2018	8	11	0	0	18.1	10.85	26.45
2018	8	12	0	0	19.6	9.950000000000001	29.75
2018	8	13	0	0	19.1	13.55	26.75
2018	8	14	0	0	19.0	14.15	24.25
2018	8	15	0	0	19.3	12.65	27.25
2018	8	16	0	0	21.6	12.05	29.349999999999998
2018	8	17	0	0	24.0	12.450000000000001	30.15
2018	8	18	0	0	21.4	17.349999999999998	28.349999999999998
2018	8	19	0	0	22.7	15.35	30.849999999999998
2018	8	20	0	0	22.1	16.75	31.15
2018	8	21	0	0	22.2	15.25	31.65
2018	8	22	0	0	24.3	14.65	32.55
2018	8	23	0	0	22.4	16.45	30.349999999999998
2018	8	24	0	0	17.6	14.85	25.75
2018	8	25	0	0	12.5	11.05	17.75
2018	8	26	0	0	12.7	7.65	20.75
2018	8	27	0	0	17.2	7.050000000000001	25.349999999999998
2018	8	28	0	0	18.6	13.950000000000001	28.65
2018	8	29	0	0	21.3	11.950000000000001	29.95
2018	8	30	0	0	17.0	14.75	20.849999999999998
2018	8	31	0	0	14.8	13.55	16.65
2018	9	1	0	0	16.7	12.75	16.15
2018	9	2	0	0	15.3	12.35	15.950000000000001
2018	9	3	0	0	15.5	10.85	20.849999999999998
2018	9	4	0	0	18.0	9.25	23.849999999999998
2018	9	5	0	0	18.9	10.15	27.15
2018	9	6	0	0	19.1	11.65	26.45
2018	9	7	0	0	17.3	14.950000000000001	24.049999999999997
2018	9	8	0	0	15.4	10.35	25.15
2018	9	9	0	0	16.9	8.35	26.95
2018	9	10	0	0	18.6	9.75	27.15
2018	9	11	0	0	19.2	9.35	28.45
2018	9	12	0	0	21.2	9.950000000000001	29.65
2018	9	13	0	0	18.4	15.55	27.95
2018	9	14	0	0	16.7	14.85	23.849999999999998
2018	9	15	0	0	15.9	11.15	23.349999999999998
2018	9	16	0	0	15.9	10.55	24.75
2018	9	17	0	0	18.4	11.65	27.75
2018	9	18	0	0	22.1	10.75	26.549999999999997
2018	9	19	0	0	21.5	11.55	28.45
2018	9	20	0	0	21.4	10.35	29.15
2018	9	21	0	0	18.6	10.450000000000001	27.45
2018	9	22	0	0	13.1	9.25	18.75
2018	9	23	0	0	14.2	11.35	27.549999999999997
2018	9	24	0	0	9.5	3.35	15.450000000000001
2018	9	25	0	0	8.0	1.55	15.65
2018	9	26	0	0	9.6	2.05	19.549999999999997
2018	9	27	0	0	13.3	2.55	24.349999999999998
2018	9	28	0	0	13.5	4.8500000000000005	24.349999999999998
2018	9	29	0	0	10.0	6.45	18.049999999999997
2018	9	30	0	0	10.1	3.55	22.549999999999997
2018	10	1	0	0	9.9	6.75	13.35
2018	10	2	0	0	7.9	3.05	12.950000000000001
2018	10	3	0	0	11.3	6.45	15.15
2018	10	4	0	0	10.2	4.55	19.15
2018	10	5	0	0	12.6	4.65	23.049999999999997
2018	10	6	0	0	16.7	7.25	21.849999999999998
2018	10	7	0	0	15.9	11.35	22.15
2018	10	8	0	0	12.7	9.05	19.95
2018	10	9	0	0	11.9	12.15	20.049999999999997
2018	10	10	0	0	14.9	9.25	22.65
2018	10	11	0	0	16.7	6.050000000000001	22.45
2018	10	12	0	0	16.7	7.45	26.349999999999998
2018	10	13	0	0	15.8	6.8500000000000005	24.15
2018	10	14	0	0	17.4	6.050000000000001	25.75
2018	10	15	0	0	14.5	3.85	25.15
2018	10	16	0	0	15.4	4.25	23.65
2018	10	17	0	0	13.3	3.85	23.25
2018	10	18	0	0	12.4	6.95	20.75
2018	10	19	0	0	12.2	6.050000000000001	15.85
2018	10	20	0	0	10.4	5.45	17.75
2018	10	21	0	0	7.0	3.15	16.15
2018	10	22	0	0	8.7	0.75	14.65
2018	10	23	0	0	8.7	2.25	13.35
2018	10	24	0	0	10.6	9.85	14.25
2018	10	25	0	0	11.4	5.550000000000001	18.15
2018	10	26	0	0	9.6	5.65	15.05
2018	10	27	0	0	6.3	3.15	8.15
2018	10	28	0	0	3.5	1.05	3.65
2018	10	29	0	0	4.6	3.15	7.550000000000001
2018	10	30	0	0	5.9	-0.04999999999999993	14.05
2018	10	31	0	0	7.1	-1.0499999999999998	10.450000000000001
2018	11	1	0	0	7.0	1.55	14.25
2018	11	2	0	0	8.5	1.75	14.25
2018	11	3	0	0	8.7	7.15	13.450000000000001
2018	11	4	0	0	10.0	7.65	11.35
2018	11	5	0	0	11.2	3.25	14.950000000000001
2018	11	6	0	0	10.0	1.75	14.75
2018	11	7	0	0	9.9	2.75	15.05
2018	11	8	0	0	9.8	6.75	12.950000000000001
2018	11	9	0	0	8.3	7.25	13.75
2018	11	10	0	0	8.4	5.45	10.85
2018	11	11	0	0	11.1	4.15	16.25
2018	11	12	0	0	13.3	1.75	17.25
2018	11	13	0	0	9.9	2.65	10.75
2018	11	14	0	0	4.9	2.15	8.25
2018	11	15	0	0	4.6	4.8500000000000005	7.45
2018	11	16	0	0	3.9	1.4500000000000002	8.85
2018	11	17	0	0	3.4	0.95	9.15
2018	11	18	0	0	1.9	-0.9500000000000001	6.3500000000000005
2018	11	19	0	0	0.8	0.25	2.65
2018	11	20	0	0	1.3	-3.65	4.3500000000000005
2018	11	21	0	0	0.4	-2.45	1.4500000000000002
2018	11	22	0	0	1.5	0.25	9.35
2018	11	23	0	0	0.9	-0.25	3.15
2018	11	24	0	0	5.3	-1.0499999999999998	10.25
2018	11	25	0	0	4.7	-3.15	3.15
2018	11	26	0	0	3.5	2.35	5.25
2018	11	27	0	0	2.0	1.05	4.05
2018	11	28	0	0	1.7	-0.9500000000000001	6.050000000000001
2018	11	29	0	0	2.6	0.15000000000000002	5.8500000000000005
2018	11	30	0	0	3.1	0.15000000000000002	6.8500000000000005
2018	12	1	0	0	6.9	1.9500000000000002	9.65
2018	12	2	0	0	9.2	1.9500000000000002	10.55
2018	12	3	0	0	10.9	9.450000000000001	13.65
2018	12	4	0	0	5.9	6.25	10.450000000000001
2018	12	5	0	0	2.9	5.3500000000000005	8.65
2018	12	6	0	0	7.9	5.95	10.450000000000001
2018	12	7	0	0	10.0	6.75	13.05
2018	12	8	0	0	6.0	4.65	8.25
2018	12	9	0	0	6.6	4.15	9.65
2018	12	10	0	0	3.4	1.75	6.65
2018	12	11	0	0	1.7	-2.15	4.65
2018	12	12	0	0	1.3	-4.75	4.15
2018	12	13	0	0	-1.1	-2.5500000000000003	2.55
2018	12	14	0	0	-1.1	-2.75	1.05
2018	12	15	0	0	-1.5	-6.35	0.15000000000000002
2018	12	16	0	0	-1.2	-5.55	4.15
2018	12	17	0	0	2.5	-0.45000000000000007	4.05
2018	12	18	0	0	3.3	-1.9500000000000002	6.050000000000001
2018	12	19	0	0	2.3	-1.25	3.65
2018	12	20	0	0	5.4	2.85	8.65
2018	12	21	0	0	8.6	4.75	9.950000000000001
2018	12	22	0	0	9.0	8.45	12.25
2018	12	23	0	0	8.0	7.95	11.65
2018	12	24	0	0	4.7	0.65	11.75
2018	12	25	0	0	-0.3	-2.5500000000000003	3.4499999999999997
2018	12	26	0	0	-2.8	-2.35	0.55
2018	12	27	0	0	-0.8	-3.85	0.35000000000000003
2018	12	28	0	0	-1.3	-0.45000000000000007	2.35
2018	12	29	0	0	-0.1	-0.7499999999999999	2.9499999999999997
2018	12	30	0	0	3.4	1.25	5.050000000000001
2018	12	31	0	0	4.6	3.05	5.550000000000001
2019	1	1	0	0	4.8	3.65	5.25
2019	1	2	0	0	1.1	-1.5500000000000003	4.3500000000000005
2019	1	3	0	0	-2.4	-5.35	0.55
2019	1	4	0	0	-0.1	-2.75	1.4500000000000002
2019	1	5	0	0	1.3	0.050000000000000044	1.25
2019	1	6	0	0	3.6	1.15	2.15
2019	1	7	0	0	2.6	1.15	4.8500000000000005
2019	1	8	0	0	3.0	0.8500000000000001	4.45
2019	1	9	0	0	0.2	-1.4500000000000002	2.45
2019	1	10	0	0	-0.7	-1.75	1.55
2019	1	11	0	0	-2.4	-7.449999999999999	-0.15000000000000002
2019	1	12	0	0	1.1	-0.25	2.9499999999999997
2019	1	13	0	0	5.2	1.85	6.65
2019	1	14	0	0	3.1	-0.04999999999999993	6.3500000000000005
2019	1	15	0	0	2.3	-2.45	5.45
2019	1	16	0	0	3.6	-5.05	5.65
2019	1	17	0	0	4.3	-1.85	8.05
2019	1	18	0	0	-0.1	-2.45	3.25
2019	1	19	0	0	-2.7	-8.049999999999999	-1.15
2019	1	20	0	0	-5.5	-8.549999999999999	3.25
2019	1	21	0	0	-4.7	-1.75	0.15000000000000002
2019	1	22	0	0	-4.3	-3.4499999999999997	-0.45000000000000007
2019	1	23	0	0	-4.1	-3.4499999999999997	-0.7499999999999999
2019	1	24	0	0	-4.7	-3.15	-0.9500000000000001
2019	1	25	0	0	-3.6	-5.85	-0.15000000000000002
2019	1	26	0	0	1.5	-1.4500000000000002	4.25
2019	1	27	0	0	4.8	1.15	6.65
2019	1	28	0	0	0.7	0.95	3.25
2019	1	29	0	0	-0.3	-3.5500000000000003	4.55
2019	1	30	0	0	-0.4	-4.75	5.050000000000001
2019	1	31	0	0	-2.0	-7.35	2.35
2019	2	1	0	0	1.6	-0.45000000000000007	4.55
2019	2	2	0	0	1.9	-0.04999999999999993	7.8500000000000005
2019	2	3	0	0	1.0	-0.85	3.75
2019	2	4	0	0	0.0	-6.6499999999999995	3.4499999999999997
2019	2	5	0	0	0.2	-5.6499999999999995	1.55
2019	2	6	0	0	-0.9	-6.35	-1.65
2019	2	7	0	0	-0.4	-3.15	2.9499999999999997
2019	2	8	0	0	4.4	-1.65	9.25
2019	2	9	0	0	7.0	-2.75	11.25
2019	2	10	0	0	7.3	0.45	12.950000000000001
2019	2	11	0	0	2.9	1.75	5.15
2019	2	12	0	0	1.9	-2.45	6.3500000000000005
2019	2	13	0	0	2.5	-4.449999999999999	9.950000000000001
2019	2	14	0	0	3.1	-3.85	12.450000000000001
2019	2	15	0	0	1.7	-3.5500000000000003	13.55
2019	2	16	0	0	2.5	-4.449999999999999	14.35
2019	2	17	0	0	5.5	-4.35	15.05
2019	2	18	0	0	5.6	-4.55	13.25
2019	2	19	0	0	3.9	-3.85	12.950000000000001
2019	2	20	0	0	4.3	0.35000000000000003	13.05
2019	2	21	0	0	5.4	-2.25	14.35
2019	2	22	0	0	8.1	3.65	12.450000000000001
2019	2	23	0	0	2.9	-0.45000000000000007	9.75
2019	2	24	0	0	3.6	-2.35	11.05
2019	2	25	0	0	6.5	-0.15000000000000002	15.85
2019	2	26	0	0	8.2	-1.5500000000000003	18.75
2019	2	27	0	0	8.8	-1.75	19.65
2019	2	28	0	0	10.4	-2.5500000000000003	18.75
2019	3	1	0	0	7.6	6.3500000000000005	9.85
2019	3	2	0	0	6.5	5.75	10.05
2019	3	3	0	0	9.4	5.45	14.65
2019	3	4	0	0	8.7	-0.04999999999999993	13.25
2019	3	5	0	0	5.2	1.55	11.55
2019	3	6	0	0	8.2	-1.75	16.55
2019	3	7	0	0	9.5	5.050000000000001	16.15
2019	3	8	0	0	6.7	3.85	10.05
2019	3	9	0	0	7.9	4.65	12.55
2019	3	10	0	0	8.9	5.75	14.55
2019	3	11	0	0	3.9	0.55	6.45
2019	3	12	0	0	5.7	-1.15	10.05
2019	3	13	0	0	5.1	3.25	10.65
2019	3	14	0	0	4.7	3.65	5.95
2019	3	15	0	0	7.7	4.95	10.950000000000001
2019	3	16	0	0	9.5	3.85	17.25
2019	3	17	0	0	7.3	-0.35	16.15
2019	3	18	0	0	3.3	-0.35	8.25
2019	3	19	0	0	3.2	-1.15	9.75
2019	3	20	0	0	4.5	-3.4499999999999997	11.05
2019	3	21	0	0	7.1	-0.35	14.85
2019	3	22	0	0	9.3	-1.85	17.65
2019	3	23	0	0	10.5	-1.15	20.349999999999998
2019	3	24	0	0	7.8	-0.04999999999999993	18.65
2019	3	25	0	0	4.5	1.05	10.35
2019	3	26	0	0	4.2	1.15	9.35
2019	3	27	0	0	6.3	1.85	11.25
2019	3	28	0	0	8.0	1.65	15.15
2019	3	29	0	0	10.0	3.4499999999999997	18.049999999999997
2019	3	30	0	0	10.6	-0.7499999999999999	19.049999999999997
2019	3	31	0	0	11.3	-0.04999999999999993	20.049999999999997
2019	4	1	0	0	9.9	5.45	18.349999999999998
2019	4	2	0	0	12.7	1.55	20.95
2019	4	3	0	0	9.3	5.050000000000001	17.95
2019	4	4	0	0	4.4	1.4500000000000002	6.65
2019	4	5	0	0	5.3	2.15	9.35
2019	4	6	0	0	9.9	-0.9500000000000001	17.25
2019	4	7	0	0	11.4	1.65	16.15
2019	4	8	0	0	10.4	7.95	12.950000000000001
2019	4	9	0	0	10.8	7.8500000000000005	12.950000000000001
2019	4	10	0	0	8.6	7.95	10.25
2019	4	11	0	0	6.1	4.15	11.05
2019	4	12	0	0	3.3	1.05	10.85
2019	4	13	0	0	2.7	3.25	10.65
2019	4	14	0	0	4.2	2.85	8.05
2019	4	15	0	0	9.4	1.85	16.95
2019	4	16	0	0	11.2	0.35000000000000003	18.65
2019	4	17	0	0	12.9	7.95	20.049999999999997
2019	4	18	0	0	13.8	5.3500000000000005	21.849999999999998
2019	4	19	0	0	14.8	4.25	23.849999999999998
2019	4	20	0	0	14.6	3.65	23.75
2019	4	21	0	0	15.5	4.55	25.049999999999997
2019	4	22	0	0	16.4	5.550000000000001	25.25
2019	4	23	0	0	16.0	9.25	24.049999999999997
2019	4	24	0	0	15.7	6.3500000000000005	24.65
2019	4	25	0	0	15.8	6.550000000000001	24.049999999999997
2019	4	26	0	0	8.1	4.75	10.85
2019	4	27	0	0	8.1	3.85	14.450000000000001
2019	4	28	0	0	6.8	3.35	10.85
2019	4	29	0	0	6.7	1.75	10.55
2019	4	30	0	0	10.2	3.85	11.65
2019	5	1	0	0	11.2	2.9499999999999997	18.849999999999998
2019	5	2	0	0	11.8	1.15	19.45
2019	5	3	0	0	9.8	5.95	12.25
2019	5	4	0	0	4.9	2.45	11.65
2019	5	5	0	0	4.3	1.75	8.55
2019	5	6	0	0	5.3	-0.45000000000000007	9.950000000000001
2019	5	7	0	0	7.4	-0.25	15.450000000000001
2019	5	8	0	0	9.7	4.65	14.950000000000001
2019	5	9	0	0	10.2	4.55	17.25
2019	5	10	0	0	11.3	9.15	17.45
2019	5	11	0	0	11.3	7.95	13.55
2019	5	12	0	0	9.0	6.75	11.05
2019	5	13	0	0	8.8	3.55	14.55
2019	5	14	0	0	8.1	2.65	13.950000000000001
2019	5	15	0	0	7.7	2.9499999999999997	12.950000000000001
2019	5	16	0	0	9.0	3.75	13.950000000000001
2019	5	17	0	0	13.0	2.75	21.75
2019	5	18	0	0	13.5	5.95	22.049999999999997
2019	5	19	0	0	14.7	9.05	21.95
2019	5	20	0	0	13.3	11.35	13.25
2019	5	21	0	0	11.5	10.65	12.15
2019	5	22	0	0	11.2	11.15	18.549999999999997
2019	5	23	0	0	12.6	7.95	21.349999999999998
2019	5	24	0	0	15.5	6.550000000000001	23.549999999999997
2019	5	25	0	0	14.0	8.55	21.25
2019	5	26	0	0	15.0	9.35	22.75
2019	5	27	0	0	15.7	9.65	21.15
2019	5	28	0	0	12.3	9.85	15.65
2019	5	29	0	0	11.4	7.15	14.25
2019	5	30	0	0	14.3	7.8500000000000005	20.549999999999997
2019	5	31	0	0	16.8	11.65	23.849999999999998
2019	6	1	0	0	19.7	9.35	27.25
2019	6	2	0	0	22.1	10.65	29.849999999999998
2019	6	3	0	0	20.9	10.15	30.049999999999997
2019	6	4	0	0	21.7	12.85	31.65
2019	6	5	0	0	24.1	13.450000000000001	31.45
2019	6	6	0	0	13.6	9.35	21.15
2019	6	7	0	0	16.3	8.75	29.75
2019	6	8	0	0	15.4	10.65	23.65
2019	6	9	0	0	16.1	9.05	21.349999999999998
2019	6	10	0	0	16.5	11.85	19.849999999999998
2019	6	11	0	0	16.4	11.950000000000001	19.75
2019	6	12	0	0	14.6	12.450000000000001	21.45
2019	6	13	0	0	17.4	10.65	24.45
2019	6	14	0	0	20.2	9.55	28.25
2019	6	15	0	0	18.7	13.75	25.95
2019	6	16	0	0	16.4	13.450000000000001	21.65
2019	6	17	0	0	18.5	11.950000000000001	26.75
2019	6	18	0	0	21.1	13.05	30.049999999999997
2019	6	19	0	0	22.9	14.55	31.15
2019	6	20	0	0	19.3	14.35	22.049999999999997
2019	6	21	0	0	18.9	13.950000000000001	23.75
2019	6	22	0	0	17.7	16.05	23.95
2019	6	23	0	0	20.7	16.849999999999998	26.45
2019	6	24	0	0	22.8	14.55	31.15
2019	6	25	0	0	24.9	15.450000000000001	34.85
2019	6	26	0	0	26.8	16.95	36.55
2019	6	27	0	0	24.0	18.25	34.949999999999996
2019	6	28	0	0	19.7	16.349999999999998	30.75
2019	6	29	0	0	22.4	14.05	32.65
2019	6	30	0	0	25.6	14.450000000000001	34.449999999999996
2019	7	1	0	0	24.0	18.15	32.65
2019	7	2	0	0	20.3	17.549999999999997	27.15
2019	7	3	0	0	19.1	15.15	26.349999999999998
2019	7	4	0	0	19.1	13.05	27.45
2019	7	5	0	0	19.3	12.450000000000001	29.75
2019	7	6	0	0	23.0	12.35	28.75
2019	7	7	0	0	17.4	15.950000000000001	25.75
2019	7	8	0	0	15.1	14.65	19.549999999999997
2019	7	9	0	0	13.1	11.65	22.65
2019	7	10	0	0	15.4	9.25	23.25
2019	7	11	0	0	15.5	9.55	20.95
2019	7	12	0	0	16.3	13.55	21.45
2019	7	13	0	0	16.3	13.25	22.65
2019	7	14	0	0	16.0	13.25	24.95
2019	7	15	0	0	16.5	13.450000000000001	24.75
2019	7	16	0	0	16.5	10.65	27.349999999999998
2019	7	17	0	0	18.1	11.450000000000001	27.95
2019	7	18	0	0	19.8	12.35	27.849999999999998
2019	7	19	0	0	20.1	15.15	28.049999999999997
2019	7	20	0	0	23.6	13.950000000000001	30.849999999999998
2019	7	21	0	0	21.6	17.45	27.849999999999998
2019	7	22	0	0	21.9	15.950000000000001	31.049999999999997
2019	7	23	0	0	24.2	14.55	33.25
2019	7	24	0	0	26.9	15.55	35.75
2019	7	25	0	0	27.5	18.049999999999997	35.75
2019	7	26	0	0	27.8	17.45	34.449999999999996
2019	7	27	0	0	22.5	17.349999999999998	29.15
2019	7	28	0	0	19.1	16.25	21.95
2019	7	29	0	0	18.8	15.85	25.45
2019	7	30	0	0	21.6	16.75	28.549999999999997
2019	7	31	0	0	19.6	14.65	23.15
2019	8	1	0	0	18.6	12.450000000000001	26.25
2019	8	2	0	0	18.9	13.950000000000001	23.95
2019	8	3	0	0	16.9	14.35	25.25
2019	8	4	0	0	19.1	12.05	28.25
2019	8	5	0	0	21.5	13.65	29.15
2019	8	6	0	0	22.4	16.75	24.25
2019	8	7	0	0	17.2	16.25	22.15
2019	8	8	0	0	19.2	14.65	28.049999999999997
2019	8	9	0	0	22.8	12.65	33.35
2019	8	10	0	0	20.7	14.85	23.049999999999997
2019	8	11	0	0	19.6	12.85	29.349999999999998
2019	8	12	0	0	16.7	14.25	19.15
2019	8	13	0	0	15.3	12.450000000000001	20.65
2019	8	14	0	0	14.6	10.55	22.95
2019	8	15	0	0	16.6	8.35	20.549999999999997
2019	8	16	0	0	16.9	12.15	24.549999999999997
2019	8	17	0	0	18.1	10.950000000000001	24.45
2019	8	18	0	0	22.7	13.25	32.45
2019	8	19	0	0	19.1	17.049999999999997	24.349999999999998
2019	8	20	0	0	15.0	13.35	17.849999999999998
2019	8	21	0	0	15.6	10.85	21.25
2019	8	22	0	0	16.6	11.450000000000001	21.95
2019	8	23	0	0	17.7	10.450000000000001	24.549999999999997
2019	8	24	0	0	19.9	12.15	26.049999999999997
2019	8	25	0	0	21.9	11.85	28.65
2019	8	26	0	0	22.7	13.65	30.25
2019	8	27	0	0	23.4	14.15	29.849999999999998
2019	8	28	0	0	22.9	16.05	30.25
2019	8	29	0	0	22.5	16.05	26.45
2019	8	30	0	0	22.0	13.65	29.45
2019	8	31	0	0	22.7	13.85	29.25
2019	9	1	0	0	20.4	13.950000000000001	24.349999999999998
2019	9	2	0	0	16.4	10.65	18.45
2019	9	3	0	0	15.2	7.3500000000000005	23.65
2019	9	4	0	0	17.9	8.05	24.049999999999997
2019	9	5	0	0	15.7	9.85	17.25
2019	9	6	0	0	14.7	11.15	17.349999999999998
2019	9	7	0	0	12.8	9.75	17.45
2019	9	8	0	0	11.3	10.15	12.35
2019	9	9	0	0	11.3	9.55	18.45
2019	9	10	0	0	11.5	8.45	21.25
2019	9	11	0	0	14.7	8.45	22.049999999999997
2019	9	12	0	0	18.1	11.75	24.65
2019	9	13	0	0	17.0	9.55	26.15
2019	9	14	0	0	16.5	12.25	25.549999999999997
2019	9	15	0	0	18.8	11.450000000000001	26.349999999999998
2019	9	16	0	0	17.2	13.15	27.349999999999998
2019	9	17	0	0	14.9	12.950000000000001	23.65
2019	9	18	0	0	11.3	7.45	18.45
2019	9	19	0	0	9.5	5.3500000000000005	17.65
2019	9	20	0	0	9.0	4.65	18.549999999999997
2019	9	21	0	0	13.5	3.35	22.65
2019	9	22	0	0	13.6	7.050000000000001	23.15
2019	9	23	0	0	14.2	8.85	16.15
2019	9	24	0	0	14.0	7.15	17.45
2019	9	25	0	0	13.9	13.15	18.65
2019	9	26	0	0	14.6	12.950000000000001	17.25
2019	9	27	0	0	14.5	12.450000000000001	22.25
2019	9	28	0	0	14.0	12.85	19.25
2019	9	29	0	0	16.1	7.050000000000001	22.75
2019	9	30	0	0	13.4	7.8500000000000005	19.549999999999997
2019	10	1	0	0	14.0	5.8500000000000005	22.75
2019	10	2	0	0	10.8	7.3500000000000005	17.849999999999998
2019	10	3	0	0	7.7	3.05	13.950000000000001
2019	10	4	0	0	9.1	3.15	12.05
2019	10	5	0	0	9.4	8.15	14.75
2019	10	6	0	0	7.5	7.45	13.15
2019	10	7	0	0	8.9	8.15	15.75
2019	10	8	0	0	11.9	8.55	17.25
2019	10	9	0	0	10.9	10.25	15.15
2019	10	10	0	0	9.7	5.25	15.55
2019	10	11	0	0	11.5	2.65	18.049999999999997
2019	10	12	0	0	14.9	2.85	21.45
2019	10	13	0	0	18.7	6.75	22.95
2019	10	14	0	0	17.7	6.8500000000000005	22.25
2019	10	15	0	0	14.1	5.25	17.45
2019	10	16	0	0	12.1	4.65	17.549999999999997
2019	10	17	0	0	13.6	3.4499999999999997	20.15
2019	10	18	0	0	13.3	7.8500000000000005	17.849999999999998
2019	10	19	0	0	12.4	9.25	17.849999999999998
2019	10	20	0	0	14.1	8.65	21.75
2019	10	21	0	0	13.3	8.950000000000001	19.45
2019	10	22	0	0	11.2	8.25	18.15
2019	10	23	0	0	11.8	9.05	19.65
2019	10	24	0	0	12.8	8.65	18.15
2019	10	25	0	0	12.9	7.15	18.849999999999998
2019	10	26	0	0	12.9	5.45	16.849999999999998
2019	10	27	0	0	12.3	6.25	20.349999999999998
2019	10	28	0	0	7.1	7.65	12.65
2019	10	29	0	0	6.5	6.8500000000000005	9.35
2019	10	30	0	0	5.2	5.65	9.05
2019	10	31	0	0	3.7	5.3500000000000005	7.45
2019	11	1	0	0	8.4	6.25	12.35
2019	11	2	0	0	13.5	9.35	17.25
2019	11	3	0	0	11.1	9.450000000000001	13.35
2019	11	4	0	0	10.1	8.15	13.15
2019	11	5	0	0	7.9	4.55	12.05
2019	11	6	0	0	7.4	4.75	9.75
2019	11	7	0	0	7.4	0.45	9.55
2019	11	8	0	0	5.5	3.4499999999999997	6.050000000000001
2019	11	9	0	0	4.0	-0.65	8.45
2019	11	10	0	0	1.6	-1.65	3.25
2019	11	11	0	0	1.3	0.55	5.550000000000001
2019	11	12	0	0	5.0	2.85	8.45
2019	11	13	0	0	3.7	-0.25	7.8500000000000005
2019	11	14	0	0	3.1	-2.85	9.950000000000001
2019	11	15	0	0	3.1	0.15000000000000002	7.550000000000001
2019	11	16	0	0	3.6	1.75	8.55
2019	11	17	0	0	3.4	3.85	5.25
2019	11	18	0	0	3.9	2.45	7.15
2019	11	19	0	0	3.5	-0.9500000000000001	6.3500000000000005
2019	11	20	0	0	0.9	3.25	7.050000000000001
2019	11	21	0	0	3.4	-0.35	8.75
2019	11	22	0	0	3.1	0.35000000000000003	4.8500000000000005
2019	11	23	0	0	5.7	1.05	8.35
2019	11	24	0	0	3.6	1.75	8.15
2019	11	25	0	0	4.8	1.15	6.45
2019	11	26	0	0	7.3	3.55	10.75
2019	11	27	0	0	8.9	2.9499999999999997	11.65
2019	11	28	0	0	8.9	8.45	10.55
2019	11	29	0	0	5.2	4.05	9.15
2019	11	30	0	0	2.0	0.15000000000000002	6.8500000000000005
2019	12	1	0	0	0.4	0.050000000000000044	2.45
2019	12	2	0	0	1.3	-2.75	3.25
2019	12	3	0	0	0.8	-4.55	5.45
2019	12	4	0	0	-0.3	-4.85	0.25
2019	12	5	0	0	-0.9	0.050000000000000044	1.55
2019	12	6	0	0	1.1	-0.25	6.050000000000001
2019	12	7	0	0	6.8	2.65	10.25
2019	12	8	0	0	8.3	4.05	11.15
2019	12	9	0	0	5.8	4.8500000000000005	10.15
2019	12	10	0	0	1.5	-3.5500000000000003	6.3500000000000005
2019	12	11	0	0	0.7	-5.25	3.05
2019	12	12	0	0	1.6	-2.75	4.8500000000000005
2019	12	13	0	0	2.4	-2.65	5.550000000000001
2019	12	14	0	0	5.9	3.85	10.15
2019	12	15	0	0	8.1	3.9499999999999997	13.05
2019	12	16	0	0	8.5	-0.35	8.950000000000001
2019	12	17	0	0	6.2	0.050000000000000044	11.15
2019	12	18	0	0	8.3	0.25	11.75
2019	12	19	0	0	5.2	-0.5499999999999999	12.85
2019	12	20	0	0	5.2	-1.75	18.75
2019	12	21	0	0	5.0	0.55	8.05
2019	12	22	0	0	5.9	1.4500000000000002	7.95
2019	12	23	0	0	5.9	4.8500000000000005	6.95
2019	12	24	0	0	6.4	2.45	7.65
2019	12	25	0	0	5.8	-0.04999999999999993	8.55
2019	12	26	0	0	3.4	-2.15	5.95
2019	12	27	0	0	3.2	4.75	6.550000000000001
2019	12	28	0	0	-0.6	-1.9500000000000002	5.15
2019	12	29	0	0	-1.8	-4.449999999999999	2.85
2019	12	30	0	0	1.1	-4.949999999999999	6.65
2019	12	31	0	0	1.1	-3.0500000000000003	0.35000000000000003
2020	1	1	0	0	-0.1	-5.6499999999999995	1.05
2020	1	2	0	0	-1.1	-1.0499999999999998	0.050000000000000044
2020	1	3	0	0	4.8	-0.15000000000000002	7.25
2020	1	4	0	0	3.7	3.4499999999999997	7.15
2020	1	5	0	0	3.4	-2.0500000000000003	7.65
2020	1	6	0	0	0.0	-3.85	2.45
2020	1	7	0	0	2.1	-1.4500000000000002	6.8500000000000005
2020	1	8	0	0	4.3	-2.25	5.25
2020	1	9	0	0	9.3	-1.65	10.55
2020	1	10	0	0	7.6	-1.35	11.65
2020	1	11	0	0	3.1	-1.85	7.95
2020	1	12	0	0	0.7	-2.45	5.45
2020	1	13	0	0	4.3	-2.95	6.050000000000001
2020	1	14	0	0	6.2	-5.1499999999999995	6.95
2020	1	15	0	0	8.1	-2.85	10.85
2020	1	16	0	0	8.9	-0.9500000000000001	13.75
2020	1	17	0	0	5.0	-3.4499999999999997	9.75
2020	1	18	0	0	3.9	0.8500000000000001	6.95
2020	1	19	0	0	1.3	-2.5500000000000003	4.25
2020	1	20	0	0	1.2	-3.25	3.35
2020	1	21	0	0	-2.2	-4.1499999999999995	1.85
2020	1	22	0	0	-2.9	-3.4499999999999997	-1.4500000000000002
2020	1	23	0	0	-0.7	-3.15	-0.15000000000000002
2020	1	24	0	0	0.0	-1.75	3.75
2020	1	25	0	0	0.5	-1.65	5.25
2020	1	26	0	0	2.6	-1.15	3.9499999999999997
2020	1	27	0	0	5.4	0.65	10.15
2020	1	28	0	0	3.8	1.35	6.95
2020	1	29	0	0	2.1	1.15	5.8500000000000005
2020	1	30	0	0	5.9	0.25	9.65
2020	1	31	0	0	10.9	6.75	14.05
2020	2	1	0	0	10.6	5.75	13.65
2020	2	2	0	0	9.5	9.65	13.15
2020	2	3	0	0	8.0	8.65	14.35
2020	2	4	0	0	4.3	1.75	15.75
2020	2	5	0	0	2.1	-2.35	6.550000000000001
2020	2	6	0	0	0.5	-4.35	8.85
2020	2	7	0	0	0.5	-4.85	8.35
2020	2	8	0	0	2.0	-4.75	9.35
2020	2	9	0	0	8.7	-3.25	12.25
2020	2	10	0	0	9.0	7.050000000000001	14.25
2020	2	11	0	0	4.1	1.9500000000000002	10.35
2020	2	12	0	0	3.2	1.65	7.3500000000000005
2020	2	13	0	0	3.4	-1.25	9.35
2020	2	14	0	0	5.4	0.45	9.85
2020	2	15	0	0	5.7	-1.35	11.65
2020	2	16	0	0	13.0	-0.25	13.55
2020	2	17	0	0	8.3	4.15	14.65
2020	2	18	0	0	5.6	2.15	9.35
2020	2	19	0	0	4.2	1.05	7.3500000000000005
2020	2	20	0	0	6.1	2.05	11.05
2020	2	21	0	0	4.7	0.8500000000000001	8.75
2020	2	22	0	0	7.5	-1.35	13.55
2020	2	23	0	0	9.9	7.050000000000001	16.25
2020	2	24	0	0	6.9	7.050000000000001	16.849999999999998
2020	2	25	0	0	6.7	3.05	10.950000000000001
2020	2	26	0	0	2.3	-0.04999999999999993	6.550000000000001
2020	2	27	0	0	1.5	0.8500000000000001	5.95
2020	2	28	0	0	2.3	0.8500000000000001	7.550000000000001
2020	2	29	0	0	9.0	3.4499999999999997	14.55
2020	3	1	0	0	8.0	3.85	13.450000000000001
2020	3	2	0	0	6.0	-0.04999999999999993	9.65
2020	3	3	0	0	3.7	-0.15000000000000002	8.15
2020	3	4	0	0	3.2	-0.45000000000000007	8.55
2020	3	5	0	0	5.2	-0.15000000000000002	8.05
2020	3	6	0	0	5.0	3.65	7.95
2020	3	7	0	0	4.2	-0.85	7.95
2020	3	8	0	0	5.8	-2.85	10.65
2020	3	9	0	0	5.9	1.65	9.25
2020	3	10	0	0	6.4	2.35	9.450000000000001
2020	3	11	0	0	12.9	9.15	16.75
2020	3	12	0	0	10.5	9.05	16.45
2020	3	13	0	0	6.3	0.55	11.35
2020	3	14	0	0	3.9	-0.9500000000000001	11.35
2020	3	15	0	0	6.3	-1.4500000000000002	15.55
2020	3	16	0	0	10.1	-0.5499999999999999	19.549999999999997
2020	3	17	0	0	11.1	3.05	18.25
2020	3	18	0	0	10.9	1.65	20.049999999999997
2020	3	19	0	0	12.2	2.35	21.15
2020	3	20	0	0	11.0	2.65	20.25
2020	3	21	0	0	3.5	4.05	10.55
2020	3	22	0	0	2.7	-0.25	8.05
2020	3	23	0	0	0.8	-2.65	7.95
2020	3	24	0	0	1.8	-2.5500000000000003	7.050000000000001
2020	3	25	0	0	2.3	-1.85	7.75
2020	3	26	0	0	3.2	-2.85	7.45
2020	3	27	0	0	8.1	-2.95	15.05
2020	3	28	0	0	9.9	-0.9500000000000001	17.25
2020	3	29	0	0	3.5	2.55	7.8500000000000005
2020	3	30	0	0	0.8	-2.65	5.65
2020	3	31	0	0	1.4	-4.449999999999999	8.25
2020	4	1	0	0	2.4	-2.75	11.85
2020	4	2	0	0	5.4	-3.65	14.950000000000001
2020	4	3	0	0	6.3	-1.75	14.25
2020	4	4	0	0	7.7	-0.5499999999999999	16.849999999999998
2020	4	5	0	0	10.3	0.25	19.65
2020	4	6	0	0	12.3	-0.25	22.349999999999998
2020	4	7	0	0	14.4	1.25	22.849999999999998
2020	4	8	0	0	13.7	2.65	23.349999999999998
2020	4	9	0	0	13.2	3.65	23.349999999999998
2020	4	10	0	0	13.9	3.15	22.849999999999998
2020	4	11	0	0	12.9	4.05	23.549999999999997
2020	4	12	0	0	14.7	3.4499999999999997	23.45
2020	4	13	0	0	9.2	5.45	21.65
2020	4	14	0	0	2.9	0.8500000000000001	10.950000000000001
2020	4	15	0	0	7.9	-0.35	20.049999999999997
2020	4	16	0	0	13.2	0.25	22.75
2020	4	17	0	0	15.4	4.15	24.65
2020	4	18	0	0	15.7	6.8500000000000005	24.65
2020	4	19	0	0	14.1	8.15	23.75
2020	4	20	0	0	12.6	10.25	19.049999999999997
2020	4	21	0	0	13.9	8.85	20.95
2020	4	22	0	0	13.9	6.550000000000001	22.849999999999998
2020	4	23	0	0	12.9	6.15	21.849999999999998
2020	4	24	0	0	14.4	2.65	22.95
2020	4	25	0	0	11.8	6.65	22.15
2020	4	26	0	0	11.8	3.85	22.75
2020	4	27	0	0	14.2	7.15	22.25
2020	4	28	0	0	13.0	8.05	18.45
2020	4	29	0	0	12.8	6.550000000000001	15.950000000000001
2020	4	30	0	0	11.7	5.95	12.450000000000001
2020	5	1	0	0	9.8	7.8500000000000005	14.450000000000001
2020	5	2	0	0	9.4	2.85	14.05
2020	5	3	0	0	10.4	2.15	17.75
2020	5	4	0	0	12.0	8.85	22.15
2020	5	5	0	0	10.4	9.450000000000001	12.55
2020	5	6	0	0	8.9	3.65	16.45
2020	5	7	0	0	12.4	1.15	22.349999999999998
2020	5	8	0	0	16.6	5.550000000000001	25.75
2020	5	9	0	0	16.8	11.450000000000001	27.049999999999997
2020	5	10	0	0	17.2	12.85	25.65
2020	5	11	0	0	8.2	3.4499999999999997	20.549999999999997
2020	5	12	0	0	5.8	3.15	13.950000000000001
2020	5	13	0	0	7.5	7.45	12.35
2020	5	14	0	0	10.5	7.3500000000000005	12.15
2020	5	15	0	0	11.3	5.15	14.15
2020	5	16	0	0	11.8	2.75	19.849999999999998
2020	5	17	0	0	12.8	4.55	22.15
2020	5	18	0	0	14.5	6.050000000000001	24.45
2020	5	19	0	0	17.1	8.35	24.849999999999998
2020	5	20	0	0	16.8	11.15	23.95
2020	5	21	0	0	18.3	8.55	25.349999999999998
2020	5	22	0	0	19.7	9.55	25.95
2020	5	23	0	0	13.0	7.3500000000000005	23.75
2020	5	24	0	0	12.6	7.95	19.15
2020	5	25	0	0	14.1	7.15	19.25
2020	5	26	0	0	12.3	6.050000000000001	20.349999999999998
2020	5	27	0	0	14.7	5.8500000000000005	22.75
2020	5	28	0	0	14.8	7.550000000000001	22.349999999999998
2020	5	29	0	0	13.5	6.8500000000000005	20.65
2020	5	30	0	0	13.2	8.05	19.95
2020	5	31	0	0	13.8	6.550000000000001	20.45
2020	6	1	0	0	17.5	9.15	25.45
2020	6	2	0	0	18.8	8.25	26.849999999999998
2020	6	3	0	0	19.4	8.55	26.049999999999997
2020	6	4	0	0	14.8	12.450000000000001	17.549999999999997
2020	6	5	0	0	11.1	11.85	17.45
2020	6	6	0	0	11.4	13.25	22.15
2020	6	7	0	0	13.0	8.75	13.950000000000001
2020	6	8	0	0	12.9	8.75	20.45
2020	6	9	0	0	13.0	11.450000000000001	16.25
2020	6	10	0	0	13.1	13.15	16.65
2020	6	11	0	0	13.3	11.55	20.049999999999997
2020	6	12	0	0	18.9	8.65	28.65
2020	6	13	0	0	19.6	12.05	26.549999999999997
2020	6	14	0	0	15.5	13.15	14.950000000000001
2020	6	15	0	0	15.2	14.05	18.15
2020	6	16	0	0	15.5	12.950000000000001	19.65
2020	6	17	0	0	16.1	10.55	20.049999999999997
2020	6	18	0	0	16.4	8.35	24.049999999999997
2020	6	19	0	0	16.5	9.85	17.049999999999997
2020	6	20	0	0	16.9	9.65	21.75
2020	6	21	0	0	17.8	12.85	24.15
2020	6	22	0	0	19.1	13.65	25.65
2020	6	23	0	0	20.1	11.35	27.25
2020	6	24	0	0	20.8	13.05	27.15
2020	6	25	0	0	20.0	11.55	26.95
2020	6	26	0	0	20.5	12.25	27.45
2020	6	27	0	0	22.0	14.05	28.049999999999997
2020	6	28	0	0	19.1	13.25	25.349999999999998
2020	6	29	0	0	17.1	14.15	23.049999999999997
2020	6	30	0	0	17.2	10.950000000000001	25.45
2020	7	1	0	0	21.4	12.450000000000001	29.45
2020	7	2	0	0	19.5	16.95	25.75
2020	7	3	0	0	18.4	12.450000000000001	21.349999999999998
2020	7	4	0	0	19.2	9.950000000000001	24.849999999999998
2020	7	5	0	0	21.8	15.25	28.049999999999997
2020	7	6	0	0	17.2	9.85	22.75
2020	7	7	0	0	14.9	6.95	24.15
2020	7	8	0	0	16.6	8.65	27.45
2020	7	9	0	0	21.6	11.950000000000001	30.049999999999997
2020	7	10	0	0	21.6	12.450000000000001	29.75
2020	7	11	0	0	16.0	11.75	21.95
2020	7	12	0	0	16.5	9.25	24.349999999999998
2020	7	13	0	0	17.6	11.05	25.95
2020	7	14	0	0	19.0	9.65	26.349999999999998
2020	7	15	0	0	16.3	13.25	22.25
2020	7	16	0	0	14.3	14.55	17.45
2020	7	17	0	0	16.5	13.25	21.65
2020	7	18	0	0	18.5	10.15	25.15
2020	7	19	0	0	20.3	10.05	28.049999999999997
2020	7	20	0	0	21.7	12.55	29.95
2020	7	21	0	0	19.4	13.05	28.95
2020	7	22	0	0	19.1	13.950000000000001	27.549999999999997
2020	7	23	0	0	19.2	15.05	28.049999999999997
2020	7	24	0	0	20.0	14.05	25.549999999999997
2020	7	25	0	0	21.2	15.15	27.349999999999998
2020	7	26	0	0	19.5	14.75	26.349999999999998
2020	7	27	0	0	21.8	12.75	30.049999999999997
2020	7	28	0	0	23.1	14.55	30.25
2020	7	29	0	0	19.8	15.85	28.349999999999998
2020	7	30	0	0	21.3	12.950000000000001	32.05
2020	7	31	0	0	24.1	15.25	34.35
2020	8	1	0	0	24.9	16.45	33.55
2020	8	2	0	0	21.6	17.349999999999998	25.849999999999998
2020	8	3	0	0	17.0	13.950000000000001	19.65
2020	8	4	0	0	16.4	10.55	18.15
2020	8	5	0	0	18.1	8.05	23.849999999999998
2020	8	6	0	0	19.7	10.05	27.25
2020	8	7	0	0	22.8	13.950000000000001	30.95
2020	8	8	0	0	25.9	13.450000000000001	31.349999999999998
2020	8	9	0	0	26.5	14.25	32.45
2020	8	10	0	0	25.2	14.35	31.549999999999997
2020	8	11	0	0	24.1	15.55	32.65
2020	8	12	0	0	25.7	16.55	32.75
2020	8	13	0	0	21.2	15.65	26.15
2020	8	14	0	0	20.5	14.75	24.549999999999997
2020	8	15	0	0	21.4	15.450000000000001	28.75
2020	8	16	0	0	23.1	15.05	30.65
2020	8	17	0	0	20.7	16.349999999999998	24.95
2020	8	18	0	0	19.2	15.950000000000001	24.849999999999998
2020	8	19	0	0	19.5	13.25	27.25
2020	8	20	0	0	24.4	16.65	32.949999999999996
2020	8	21	0	0	26.5	15.25	34.65
2020	8	22	0	0	21.0	16.349999999999998	22.95
2020	8	23	0	0	19.1	15.65	24.849999999999998
2020	8	24	0	0	16.5	11.75	24.95
2020	8	25	0	0	18.2	9.15	25.15
2020	8	26	0	0	20.8	11.450000000000001	27.25
2020	8	27	0	0	16.9	9.35	25.049999999999997
2020	8	28	0	0	16.8	10.15	23.849999999999998
2020	8	29	0	0	16.2	13.65	16.25
2020	8	30	0	0	13.6	11.05	15.25
2020	8	31	0	0	14.3	10.25	20.65
2020	9	1	0	0	14.2	12.35	18.049999999999997
2020	9	2	0	0	14.1	11.65	21.15
2020	9	3	0	0	16.7	8.950000000000001	23.15
2020	9	4	0	0	20.4	9.950000000000001	27.65
2020	9	5	0	0	18.2	11.55	27.049999999999997
2020	9	6	0	0	15.6	12.85	19.049999999999997
2020	9	7	0	0	13.6	10.35	21.349999999999998
2020	9	8	0	0	15.7	7.95	23.75
2020	9	9	0	0	18.2	8.65	25.349999999999998
2020	9	10	0	0	17.3	10.35	25.45
2020	9	11	0	0	18.5	12.55	25.75
2020	9	12	0	0	19.4	11.35	27.25
2020	9	13	0	0	19.2	11.35	27.95
2020	9	14	0	0	20.0	11.35	28.549999999999997
2020	9	15	0	0	18.9	11.75	28.849999999999998
2020	9	16	0	0	19.2	13.05	28.75
2020	9	17	0	0	16.7	13.450000000000001	25.95
2020	9	18	0	0	16.3	12.55	22.15
2020	9	19	0	0	14.7	10.55	22.349999999999998
2020	9	20	0	0	14.3	12.450000000000001	24.65
2020	9	21	0	0	16.0	12.05	25.45
2020	9	22	0	0	17.7	12.15	24.25
2020	9	23	0	0	16.7	11.75	21.15
2020	9	24	0	0	16.3	10.950000000000001	21.45
2020	9	25	0	0	10.5	6.95	13.85
2020	9	26	0	0	7.6	6.8500000000000005	8.65
2020	9	27	0	0	8.5	4.45	14.25
2020	9	28	0	0	9.3	4.3500000000000005	15.950000000000001
2020	9	29	0	0	9.9	10.15	13.35
2020	9	30	0	0	12.1	8.85	19.95
2020	10	1	0	0	12.5	8.45	18.75
2020	10	2	0	0	15.2	11.25	18.75
2020	10	3	0	0	11.4	4.05	14.25
2020	10	4	0	0	12.4	4.05	18.25
2020	10	5	0	0	11.3	9.05	15.25
2020	10	6	0	0	11.6	10.25	14.75
2020	10	7	0	0	10.9	9.25	14.05
2020	10	8	0	0	12.6	8.55	18.049999999999997
2020	10	9	0	0	14.6	8.950000000000001	18.65
2020	10	10	0	0	9.3	7.3500000000000005	13.15
2020	10	11	0	0	6.3	3.35	10.85
2020	10	12	0	0	6.8	1.75	9.65
2020	10	13	0	0	7.5	1.75	12.55
2020	10	14	0	0	6.1	0.75	12.55
2020	10	15	0	0	7.6	5.3500000000000005	9.25
2020	10	16	0	0	7.8	6.65	9.35
2020	10	17	0	0	6.7	5.550000000000001	11.05
2020	10	18	0	0	7.0	6.15	12.55
2020	10	19	0	0	7.3	2.05	14.85
2020	10	20	0	0	8.9	-0.35	17.25
2020	10	21	0	0	13.0	5.8500000000000005	15.450000000000001
2020	10	22	0	0	15.6	6.75	22.45
2020	10	23	0	0	14.1	11.950000000000001	15.15
2020	10	24	0	0	12.1	4.75	16.45
2020	10	25	0	0	11.6	3.55	15.05
2020	10	26	0	0	8.9	4.45	9.55
2020	10	27	0	0	8.0	2.45	11.450000000000001
2020	10	28	0	0	10.5	3.85	12.65
2020	10	29	0	0	9.8	10.05	12.75
2020	10	30	0	0	11.7	4.75	16.05
2020	10	31	0	0	11.8	3.05	11.950000000000001
2020	11	1	0	0	12.7	6.65	14.25
2020	11	2	0	0	17.8	12.15	21.75
2020	11	3	0	0	10.7	9.65	16.05
2020	11	4	0	0	7.3	6.95	9.950000000000001
2020	11	5	0	0	3.9	4.3500000000000005	10.65
2020	11	6	0	0	3.6	4.15	9.65
2020	11	7	0	0	4.4	5.050000000000001	12.15
2020	11	8	0	0	6.4	3.65	10.05
2020	11	9	0	0	6.5	4.75	14.25
2020	11	10	0	0	4.6	3.05	12.25
2020	11	11	0	0	6.9	6.25	12.75
2020	11	12	0	0	8.3	3.15	14.15
2020	11	13	0	0	10.2	0.45	15.25
2020	11	14	0	0	11.9	1.05	16.849999999999998
2020	11	15	0	0	10.0	0.75	17.349999999999998
2020	11	16	0	0	9.5	8.05	12.450000000000001
2020	11	17	0	0	8.7	2.45	13.15
2020	11	18	0	0	6.4	-0.25	10.950000000000001
2020	11	19	0	0	7.9	2.75	10.05
2020	11	20	0	0	3.1	0.15000000000000002	7.45
2020	11	21	0	0	-0.4	-3.15	7.15
2020	11	22	0	0	2.4	-3.9499999999999997	3.4499999999999997
2020	11	23	0	0	4.5	-0.35	10.55
2020	11	24	0	0	3.7	-0.85	7.3500000000000005
2020	11	25	0	0	1.5	1.25	3.75
2020	11	26	0	0	0.5	1.55	3.4499999999999997
2020	11	27	0	0	1.3	0.95	4.75
2020	11	28	0	0	0.3	-0.45000000000000007	2.85
2020	11	29	0	0	-0.5	0.35000000000000003	2.15
2020	11	30	0	0	-2.4	-0.04999999999999993	1.55
2020	12	1	0	0	0.1	0.55	1.9500000000000002
2020	12	2	0	0	-0.6	-1.25	1.9500000000000002
2020	12	3	0	0	-0.5	-2.15	4.3500000000000005
2020	12	4	0	0	0.0	-1.0499999999999998	1.65
2020	12	5	0	0	0.7	-1.5500000000000003	3.55
2020	12	6	0	0	1.4	0.75	3.15
2020	12	7	0	0	1.9	-1.9500000000000002	3.25
2020	12	8	0	0	0.3	-3.0500000000000003	1.05
2020	12	9	0	0	0.5	0.8500000000000001	1.9500000000000002
2020	12	10	0	0	0.2	0.050000000000000044	1.9500000000000002
2020	12	11	0	0	1.2	-1.15	0.95
2020	12	12	0	0	3.2	-0.9500000000000001	5.15
2020	12	13	0	0	5.7	1.55	5.75
2020	12	14	0	0	3.7	-0.65	3.65
2020	12	15	0	0	5.4	0.55	6.050000000000001
2020	12	16	0	0	6.4	1.4500000000000002	10.05
2020	12	17	0	0	4.6	2.25	4.8500000000000005
2020	12	18	0	0	3.1	0.15000000000000002	7.75
2020	12	19	0	0	4.2	-1.35	0.95
2020	12	20	0	0	5.1	-0.9500000000000001	4.8500000000000005
2020	12	21	0	0	5.6	0.8500000000000001	7.15
2020	12	22	0	0	11.0	6.95	14.35
2020	12	23	0	0	11.6	6.15	10.950000000000001
2020	12	24	0	0	6.1	4.8500000000000005	10.05
2020	12	25	0	0	0.1	-1.35	4.8500000000000005
2020	12	26	0	0	-1.4	-5.1499999999999995	3.15
2020	12	27	0	0	-1.2	-6.6499999999999995	0.45
2020	12	28	0	0	2.0	-2.25	2.25
2020	12	29	0	0	1.8	-1.35	5.95
2020	12	30	0	0	2.0	-2.85	4.15
2020	12	31	0	0	0.9	-3.25	4.25
2021	1	1	0	0	1.1	-1.0499999999999998	4.3500000000000005
2021	1	2	0	0	0.2	0.15000000000000002	2.55
2021	1	3	0	0	-0.2	-0.15000000000000002	1.9500000000000002
2021	1	4	0	0	0.0	-0.85	1.15
2021	1	5	0	0	0.5	-1.0499999999999998	0.35000000000000003
2021	1	6	0	0	0.3	-1.4500000000000002	0.45
2021	1	7	0	0	0.4	-0.5499999999999999	1.35
2021	1	8	0	0	-0.4	-4.949999999999999	1.85
2021	1	9	0	0	-0.5	-7.35	1.75
2021	1	10	0	0	-3.2	-4.1499999999999995	-0.25
2021	1	11	0	0	-5.8	-6.949999999999999	-3.0500000000000003
2021	1	12	0	0	0.1	-5.55	2.65
2021	1	13	0	0	0.3	-1.9500000000000002	4.05
2021	1	14	0	0	-0.6	-1.35	3.65
2021	1	15	0	0	-3.2	-8.549999999999999	-1.15
2021	1	16	0	0	-2.7	-6.85	-1.9500000000000002
2021	1	17	0	0	-2.2	-2.5500000000000003	1.85
2021	1	18	0	0	1.0	-1.85	2.45
2021	1	19	0	0	1.3	-3.85	3.75
2021	1	20	0	0	4.5	-8.15	4.05
2021	1	21	0	0	8.5	-4.449999999999999	8.75
2021	1	22	0	0	7.6	2.55	10.25
2021	1	23	0	0	1.2	0.15000000000000002	5.550000000000001
2021	1	24	0	0	-0.4	-5.75	3.15
2021	1	25	0	0	-1.1	-4.449999999999999	2.55
2021	1	26	0	0	-0.2	-2.75	2.05
2021	1	27	0	0	-0.6	-4.949999999999999	1.65
2021	1	28	0	0	5.1	1.35	8.55
2021	1	29	0	0	7.8	4.75	9.35
2021	1	30	0	0	3.6	5.15	8.05
2021	1	31	0	0	0.2	2.15	5.95
2021	2	1	0	0	3.9	3.15	7.8500000000000005
2021	2	2	0	0	7.3	6.45	11.15
2021	2	3	0	0	9.5	7.8500000000000005	10.65
2021	2	4	0	0	6.3	2.05	12.35
2021	2	5	0	0	6.4	2.35	13.450000000000001
2021	2	6	0	0	6.3	4.55	8.45
2021	2	7	0	0	3.1	2.55	5.95
2021	2	8	0	0	-3.3	1.15	6.3500000000000005
2021	2	9	0	0	-5.7	-0.04999999999999993	2.65
2021	2	10	0	0	-8.4	-6.75	1.05
2021	2	11	0	0	-9.4	-10.45	-3.4499999999999997
2021	2	12	0	0	-9.3	-11.25	-2.25
2021	2	13	0	0	-8.5	-10.35	-2.25
2021	2	14	0	0	-4.3	-10.25	4.3500000000000005
2021	2	15	0	0	-1.6	-8.45	4.15
2021	2	16	0	0	4.2	2.75	10.55
2021	2	17	0	0	6.6	-0.7499999999999999	11.75
2021	2	18	0	0	6.7	-2.95	10.950000000000001
2021	2	19	0	0	7.6	1.35	14.05
2021	2	20	0	0	9.1	-0.9500000000000001	17.049999999999997
2021	2	21	0	0	9.2	-2.35	18.049999999999997
2021	2	22	0	0	5.4	-1.25	21.049999999999997
2021	2	23	0	0	9.0	-0.04999999999999993	18.95
2021	2	24	0	0	10.7	0.15000000000000002	18.95
2021	2	25	0	0	10.2	-0.65	18.25
2021	2	26	0	0	7.4	-0.65	16.45
2021	2	27	0	0	3.6	2.15	8.55
2021	2	28	0	0	3.0	-0.5499999999999999	10.950000000000001
2021	3	1	0	0	5.3	-2.75	13.450000000000001
2021	3	2	0	0	6.5	-3.0500000000000003	16.849999999999998
2021	3	3	0	0	7.0	-1.5500000000000003	10.55
2021	3	4	0	0	8.8	1.05	13.950000000000001
2021	3	5	0	0	1.9	1.4500000000000002	6.8500000000000005
2021	3	6	0	0	0.2	-2.25	8.25
2021	3	7	0	0	0.1	-3.25	8.85
2021	3	8	0	0	0.8	-0.85	9.55
2021	3	9	0	0	2.0	-3.65	7.95
2021	3	10	0	0	5.1	0.95	10.35
2021	3	11	0	0	8.8	2.35	15.85
2021	3	12	0	0	6.3	5.45	11.450000000000001
2021	3	13	0	0	5.8	4.8500000000000005	12.75
2021	3	14	0	0	2.9	2.25	6.45
2021	3	15	0	0	3.5	1.85	7.050000000000001
2021	3	16	0	0	3.3	1.65	7.65
2021	3	17	0	0	1.9	0.95	6.95
2021	3	18	0	0	1.5	-0.25	6.15
2021	3	19	0	0	0.9	-2.45	6.8500000000000005
2021	3	20	0	0	-0.2	-2.5500000000000003	3.85
2021	3	21	0	0	2.8	-0.45000000000000007	4.05
2021	3	22	0	0	3.6	-0.04999999999999993	6.550000000000001
2021	3	23	0	0	4.3	-1.35	10.75
2021	3	24	0	0	5.8	-2.75	15.450000000000001
2021	3	25	0	0	8.8	-1.5500000000000003	16.95
2021	3	26	0	0	10.0	0.55	17.15
2021	3	27	0	0	7.6	6.15	11.05
2021	3	28	0	0	8.7	0.35000000000000003	15.35
2021	3	29	0	0	11.1	0.050000000000000044	20.75
2021	3	30	0	0	13.3	0.65	23.849999999999998
2021	3	31	0	0	14.4	1.85	23.15
2021	4	1	0	0	14.8	3.55	23.15
2021	4	2	0	0	8.3	2.9499999999999997	17.049999999999997
2021	4	3	0	0	5.6	-0.15000000000000002	9.15
2021	4	4	0	0	5.0	-1.5500000000000003	12.950000000000001
2021	4	5	0	0	3.4	-2.95	13.55
2021	4	6	0	0	-0.5	-3.25	4.05
2021	4	7	0	0	0.0	-1.35	3.9499999999999997
2021	4	8	0	0	2.2	-1.85	9.85
2021	4	9	0	0	7.7	-3.85	16.95
2021	4	10	0	0	11.3	0.65	18.349999999999998
2021	4	11	0	0	11.9	5.3500000000000005	20.95
2021	4	12	0	0	3.0	1.15	10.55
2021	4	13	0	0	2.2	-0.85	7.3500000000000005
2021	4	14	0	0	2.2	-2.5500000000000003	8.85
2021	4	15	0	0	2.0	-0.7499999999999999	9.65
2021	4	16	0	0	2.5	-1.9500000000000002	10.05
2021	4	17	0	0	4.8	-0.85	9.15
2021	4	18	0	0	6.2	3.35	9.05
2021	4	19	0	0	7.4	2.35	13.55
2021	4	20	0	0	8.1	0.25	16.65
2021	4	21	0	0	10.4	0.55	19.049999999999997
2021	4	22	0	0	7.9	2.15	16.75
2021	4	23	0	0	8.8	-0.25	17.849999999999998
2021	4	24	0	0	9.8	0.15000000000000002	21.349999999999998
2021	4	25	0	0	8.4	3.05	18.45
2021	4	26	0	0	8.8	3.9499999999999997	17.65
2021	4	27	0	0	9.0	2.75	19.25
2021	4	28	0	0	12.5	2.05	20.049999999999997
2021	4	29	0	0	10.6	9.75	14.450000000000001
2021	4	30	0	0	5.3	7.550000000000001	19.049999999999997
2021	5	1	0	0	7.6	6.050000000000001	10.35
2021	5	2	0	0	6.9	3.25	9.950000000000001
2021	5	3	0	0	7.2	2.65	14.950000000000001
2021	5	4	0	0	10.2	0.050000000000000044	17.95
2021	5	5	0	0	6.4	4.95	13.15
2021	5	6	0	0	7.0	6.15	11.85
2021	5	7	0	0	6.9	2.45	12.950000000000001
2021	5	8	0	0	10.3	0.25	20.049999999999997
2021	5	9	0	0	19.3	4.05	29.75
2021	5	10	0	0	16.7	13.65	26.15
2021	5	11	0	0	12.6	10.15	16.95
2021	5	12	0	0	10.9	8.05	12.450000000000001
2021	5	13	0	0	11.2	6.45	17.049999999999997
2021	5	14	0	0	11.6	3.55	18.75
2021	5	15	0	0	10.8	6.15	17.65
2021	5	16	0	0	11.8	7.75	16.15
2021	5	17	0	0	10.5	7.25	15.05
2021	5	18	0	0	10.2	7.8500000000000005	15.450000000000001
2021	5	19	0	0	10.6	7.8500000000000005	15.55
2021	5	20	0	0	11.4	7.65	15.75
2021	5	21	0	0	13.1	7.25	14.15
2021	5	22	0	0	12.8	7.550000000000001	17.95
2021	5	23	0	0	11.8	7.95	18.549999999999997
2021	5	24	0	0	12.1	6.050000000000001	15.25
2021	5	25	0	0	10.6	7.75	16.05
2021	5	26	0	0	9.6	7.75	15.85
2021	5	27	0	0	10.1	5.8500000000000005	15.05
2021	5	28	0	0	11.1	4.55	20.45
2021	5	29	0	0	13.5	8.35	20.549999999999997
2021	5	30	0	0	12.9	5.550000000000001	19.75
2021	5	31	0	0	13.4	6.3500000000000005	22.15
2021	6	1	0	0	15.5	5.8500000000000005	24.549999999999997
2021	6	2	0	0	17.1	6.75	27.45
2021	6	3	0	0	18.8	14.05	27.75
2021	6	4	0	0	19.2	12.35	26.95
2021	6	5	0	0	18.6	14.15	20.65
2021	6	6	0	0	16.6	14.05	16.15
2021	6	7	0	0	17.5	14.75	21.95
2021	6	8	0	0	17.9	14.450000000000001	25.25
2021	6	9	0	0	17.7	13.450000000000001	24.349999999999998
2021	6	10	0	0	17.4	12.25	26.75
2021	6	11	0	0	19.8	12.35	27.049999999999997
2021	6	12	0	0	19.5	12.35	27.25
2021	6	13	0	0	17.6	14.55	26.549999999999997
2021	6	14	0	0	18.3	11.950000000000001	27.849999999999998
2021	6	15	0	0	20.4	11.25	30.349999999999998
2021	6	16	0	0	22.9	13.65	31.65
2021	6	17	0	0	24.6	13.25	33.65
2021	6	18	0	0	24.0	15.15	33.05
2021	6	19	0	0	25.3	18.45	32.25
2021	6	20	0	0	23.6	16.25	29.549999999999997
2021	6	21	0	0	21.0	15.75	28.349999999999998
2021	6	22	0	0	17.8	15.950000000000001	22.849999999999998
2021	6	23	0	0	19.0	15.25	25.65
2021	6	24	0	0	16.9	13.450000000000001	23.049999999999997
2021	6	25	0	0	16.6	14.85	22.25
2021	6	26	0	0	18.7	12.450000000000001	25.849999999999998
2021	6	27	0	0	21.5	13.65	29.049999999999997
2021	6	28	0	0	22.9	15.65	31.15
2021	6	29	0	0	17.6	13.950000000000001	26.45
2021	6	30	0	0	14.7	12.75	20.75
2021	7	1	0	0	13.7	12.75	20.549999999999997
2021	7	2	0	0	16.6	11.35	24.15
2021	7	3	0	0	18.8	11.15	26.25
2021	7	4	0	0	18.5	14.55	23.15
2021	7	5	0	0	16.9	13.75	23.349999999999998
2021	7	6	0	0	18.2	12.15	28.25
2021	7	7	0	0	17.2	16.349999999999998	19.95
2021	7	8	0	0	17.7	13.65	20.25
2021	7	9	0	0	15.7	13.25	22.349999999999998
2021	7	10	0	0	18.4	10.65	27.349999999999998
2021	7	11	0	0	17.5	13.15	23.45
2021	7	12	0	0	19.6	11.75	28.849999999999998
2021	7	13	0	0	16.4	12.55	20.25
2021	7	14	0	0	15.6	12.950000000000001	21.049999999999997
2021	7	15	0	0	16.5	13.65	17.75
2021	7	16	0	0	19.0	14.65	24.15
2021	7	17	0	0	19.2	16.25	21.25
2021	7	18	0	0	20.2	15.85	26.349999999999998
2021	7	19	0	0	20.0	13.450000000000001	28.25
2021	7	20	0	0	17.6	14.35	27.049999999999997
2021	7	21	0	0	18.9	11.950000000000001	27.65
2021	7	22	0	0	18.9	13.25	29.349999999999998
2021	7	23	0	0	20.1	14.15	29.95
2021	7	24	0	0	20.9	15.15	27.65
2021	7	25	0	0	19.6	14.85	23.049999999999997
2021	7	26	0	0	19.4	15.15	26.45
2021	7	27	0	0	19.5	14.25	26.349999999999998
2021	7	28	0	0	18.1	14.55	21.95
2021	7	29	0	0	17.9	14.950000000000001	25.45
2021	7	30	0	0	20.0	13.450000000000001	28.65
2021	7	31	0	0	18.0	15.25	24.25
2021	8	1	0	0	16.2	14.15	18.95
2021	8	2	0	0	15.3	11.25	22.349999999999998
2021	8	3	0	0	15.4	10.55	22.75
2021	8	4	0	0	16.2	13.25	19.049999999999997
2021	8	5	0	0	17.8	13.65	22.849999999999998
2021	8	6	0	0	16.9	14.450000000000001	23.049999999999997
2021	8	7	0	0	16.3	14.05	21.549999999999997
2021	8	8	0	0	15.8	12.25	19.25
2021	8	9	0	0	16.6	10.85	24.25
2021	8	10	0	0	18.0	12.15	26.549999999999997
2021	8	11	0	0	19.4	13.75	28.65
2021	8	12	0	0	21.1	14.450000000000001	32.25
2021	8	13	0	0	22.1	17.849999999999998	29.849999999999998
2021	8	14	0	0	22.5	18.75	32.45
2021	8	15	0	0	21.5	18.349999999999998	30.45
2021	8	16	0	0	18.0	13.55	22.15
2021	8	17	0	0	12.9	12.15	20.349999999999998
2021	8	18	0	0	15.1	13.75	22.049999999999997
2021	8	19	0	0	16.9	15.05	23.349999999999998
2021	8	20	0	0	18.4	14.65	26.25
2021	8	21	0	0	19.9	12.35	28.15
2021	8	22	0	0	16.8	15.05	21.95
2021	8	23	0	0	15.9	11.75	22.65
2021	8	24	0	0	13.9	13.35	20.15
2021	8	25	0	0	15.6	10.65	22.45
2021	8	26	0	0	14.1	9.15	19.349999999999998
2021	8	27	0	0	13.3	9.15	18.549999999999997
2021	8	28	0	0	13.2	10.25	17.349999999999998
2021	8	29	0	0	13.3	9.75	15.55
2021	8	30	0	0	14.9	13.55	17.95
2021	8	31	0	0	14.8	11.15	19.65
2021	9	1	0	0	14.7	8.950000000000001	22.049999999999997
2021	9	2	0	0	14.9	9.15	24.25
2021	9	3	0	0	16.0	8.25	25.15
2021	9	4	0	0	16.6	9.450000000000001	25.549999999999997
2021	9	5	0	0	17.0	8.85	26.849999999999998
2021	9	6	0	0	18.2	9.950000000000001	26.75
2021	9	7	0	0	17.4	9.65	25.849999999999998
2021	9	8	0	0	17.3	9.35	27.849999999999998
2021	9	9	0	0	19.8	12.35	25.25
2021	9	10	0	0	19.2	12.05	25.45
2021	9	11	0	0	18.0	15.25	24.65
2021	9	12	0	0	16.4	11.85	24.849999999999998
2021	9	13	0	0	17.3	11.15	26.75
2021	9	14	0	0	19.9	11.05	28.15
2021	9	15	0	0	19.2	16.65	24.45
2021	9	16	0	0	15.0	15.15	22.75
2021	9	17	0	0	14.2	10.05	21.25
2021	9	18	0	0	14.2	8.15	22.25
2021	9	19	0	0	12.2	9.25	16.15
2021	9	20	0	0	12.6	8.35	17.849999999999998
2021	9	21	0	0	11.3	7.45	18.45
2021	9	22	0	0	11.1	6.3500000000000005	19.25
2021	9	23	0	0	14.3	4.8500000000000005	19.95
2021	9	24	0	0	14.4	7.3500000000000005	22.65
2021	9	25	0	0	16.5	6.3500000000000005	25.549999999999997
2021	9	26	0	0	18.2	13.35	23.15
2021	9	27	0	0	17.0	12.15	22.25
2021	9	28	0	0	13.0	12.35	17.65
2021	9	29	0	0	12.6	10.65	20.049999999999997
2021	9	30	0	0	9.5	5.3500000000000005	18.65
2021	10	1	0	0	12.0	3.55	21.75
2021	10	2	0	0	16.2	8.950000000000001	23.25
2021	10	3	0	0	16.9	8.65	27.15
2021	10	4	0	0	11.8	11.75	14.950000000000001
2021	10	5	0	0	11.9	11.15	14.75
2021	10	6	0	0	10.6	8.65	13.65
2021	10	7	0	0	10.5	8.65	14.65
2021	10	8	0	0	9.4	8.05	16.75
2021	10	9	0	0	9.0	5.45	16.15
2021	10	10	0	0	5.7	1.4500000000000002	13.450000000000001
2021	10	11	0	0	6.9	0.65	15.55
2021	10	12	0	0	8.4	7.050000000000001	10.35
2021	10	13	0	0	5.9	3.55	12.35
2021	10	14	0	0	7.6	-0.15000000000000002	14.65
2021	10	15	0	0	8.6	0.8500000000000001	15.450000000000001
2021	10	16	0	0	7.9	1.85	16.45
2021	10	17	0	0	7.4	2.05	11.85
2021	10	18	0	0	7.9	2.75	14.35
2021	10	19	0	0	10.5	3.35	14.35
2021	10	20	0	0	14.5	5.050000000000001	19.849999999999998
2021	10	21	0	0	11.6	8.45	15.75
2021	10	22	0	0	6.7	1.35	10.85
2021	10	23	0	0	6.6	-0.35	13.35
2021	10	24	0	0	5.9	-0.5499999999999999	14.55
2021	10	25	0	0	6.0	0.45	11.950000000000001
2021	10	26	0	0	9.8	2.35	14.35
2021	10	27	0	0	8.7	3.55	15.75
2021	10	28	0	0	6.3	2.55	14.85
2021	10	29	0	0	6.1	2.05	10.85
2021	10	30	0	0	6.9	2.65	10.35
2021	10	31	0	0	12.3	4.55	21.349999999999998
2021	11	1	0	0	9.4	4.05	9.85
2021	11	2	0	0	7.0	0.75	11.05
2021	11	3	0	0	6.6	-0.04999999999999993	9.75
2021	11	4	0	0	5.7	3.35	7.65
2021	11	5	0	0	5.1	1.9500000000000002	9.55
2021	11	6	0	0	3.2	0.45	7.3500000000000005
2021	11	7	0	0	4.3	3.4499999999999997	10.15
2021	11	8	0	0	5.3	1.85	11.05
2021	11	9	0	0	4.6	-0.35	10.450000000000001
2021	11	10	0	0	3.0	-1.0499999999999998	11.15
2021	11	11	0	0	1.4	-0.65	6.25
2021	11	12	0	0	1.4	0.75	5.25
2021	11	13	0	0	3.9	4.8500000000000005	7.95
2021	11	14	0	0	7.5	5.45	10.05
2021	11	15	0	0	6.5	4.75	7.25
2021	11	16	0	0	5.2	4.55	6.15
2021	11	17	0	0	4.4	4.8500000000000005	7.25
2021	11	18	0	0	5.4	-0.35	10.15
2021	11	19	0	0	5.1	-0.45000000000000007	5.45
2021	11	20	0	0	6.3	0.8500000000000001	3.65
2021	11	21	0	0	3.3	2.05	7.15
2021	11	22	0	0	3.7	3.35	6.25
2021	11	23	0	0	0.3	3.05	4.95
2021	11	24	0	0	1.9	2.25	3.9499999999999997
2021	11	25	0	0	-0.1	0.25	2.25
2021	11	26	0	0	0.7	0.25	2.55
2021	11	27	0	0	1.6	-2.25	4.45
2021	11	28	0	0	0.4	-1.0499999999999998	3.65
2021	11	29	0	0	0.4	-1.4500000000000002	3.15
2021	11	30	0	0	1.4	0.25	4.3500000000000005
2021	12	1	0	0	5.8	4.3500000000000005	8.950000000000001
2021	12	2	0	0	2.6	0.25	6.8500000000000005
2021	12	3	0	0	0.3	0.050000000000000044	3.4499999999999997
2021	12	4	0	0	3.5	0.65	7.45
2021	12	5	0	0	1.9	0.75	5.550000000000001
2021	12	6	0	0	0.3	-1.9500000000000002	3.9499999999999997
2021	12	7	0	0	1.7	-2.25	5.550000000000001
2021	12	8	0	0	1.4	-1.35	1.15
2021	12	9	0	0	1.7	-0.15000000000000002	2.85
2021	12	10	0	0	0.7	-5.449999999999999	3.35
2021	12	11	0	0	1.4	1.15	3.15
2021	12	12	0	0	2.9	-2.45	4.25
2021	12	13	0	0	4.8	1.65	7.550000000000001
2021	12	14	0	0	4.4	1.4500000000000002	3.4499999999999997
2021	12	15	0	0	4.9	1.55	4.05
2021	12	16	0	0	4.5	0.95	5.95
2021	12	17	0	0	3.4	0.65	5.550000000000001
2021	12	18	0	0	2.4	0.050000000000000044	2.85
2021	12	19	0	0	1.9	-1.0499999999999998	1.35
2021	12	20	0	0	1.2	-1.85	4.8500000000000005
2021	12	21	0	0	-2.6	-3.15	0.65
2021	12	22	0	0	-3.4	-4.25	-1.25
2021	12	23	0	0	-0.3	-2.75	4.8500000000000005
2021	12	24	0	0	7.2	2.65	7.45
2021	12	25	0	0	3.7	4.75	7.8500000000000005
2021	12	26	0	0	2.7	4.45	7.95
2021	12	27	0	0	5.1	1.65	10.25
2021	12	28	0	0	7.3	0.75	10.950000000000001
2021	12	29	0	0	8.2	6.95	9.65
2021	12	30	0	0	12.1	9.65	14.65
2021	12	31	0	0	10.9	3.75	13.65
