YYYY	MM	DD	hh	mm	RS
1997	1	1	0	0	1.2024
1997	1	2	0	0	0.9179999999999999
1997	1	3	0	0	3.5676
1997	1	4	0	0	1.9367999999999999
1997	1	5	0	0	1.134
1997	1	6	0	0	1.5984
1997	1	7	0	0	1.2167999999999999
1997	1	8	0	0	2.3327999999999998
1997	1	9	0	0	2.7396
1997	1	10	0	0	1.9187999999999998
1997	1	11	0	0	2.7108
1997	1	12	0	0	3.5711999999999997
1997	1	13	0	0	4.806
1997	1	14	0	0	8.0136
1997	1	15	0	0	7.3296
1997	1	16	0	0	7.2576
1997	1	17	0	0	7.2756
1997	1	18	0	0	6.3792
1997	1	19	0	0	2.5991999999999997
1997	1	20	0	0	2.5884
1997	1	21	0	0	1.7676
1997	1	22	0	0	3.5747999999999998
1997	1	23	0	0	3.6468
1997	1	24	0	0	4.0716
1997	1	25	0	0	5.9112
1997	1	26	0	0	1.4831999999999999
1997	1	27	0	0	1.9547999999999999
1997	1	28	0	0	1.5372
1997	1	29	0	0	1.4868
1997	1	30	0	0	2.7216
1997	1	31	0	0	3.3876
1997	2	1	0	0	2.7323999999999997
1997	2	2	0	0	8.1144
1997	2	3	0	0	8.7516
1997	2	4	0	0	8.848799999999999
1997	2	5	0	0	2.8007999999999997
1997	2	6	0	0	10.0764
1997	2	7	0	0	10.357199999999999
1997	2	8	0	0	8.6256
1997	2	9	0	0	9.8136
1997	2	10	0	0	9.8604
1997	2	11	0	0	2.0376
1997	2	12	0	0	6.0876
1997	2	13	0	0	2.7792
1997	2	14	0	0	3.0996
1997	2	15	0	0	1.4327999999999999
1997	2	16	0	0	6.1992
1997	2	17	0	0	8.8092
1997	2	18	0	0	4.1832
1997	2	19	0	0	10.08
1997	2	20	0	0	5.9112
1997	2	21	0	0	12.2364
1997	2	22	0	0	12.1968
1997	2	23	0	0	10.306799999999999
1997	2	24	0	0	7.6608
1997	2	25	0	0	2.7036
1997	2	26	0	0	1.44
1997	2	27	0	0	4.2192
1997	2	28	0	0	12.7692
1997	3	1	0	0	10.4832
1997	3	2	0	0	13.6152
1997	3	3	0	0	9.7092
1997	3	4	0	0	10.2852
1997	3	5	0	0	6.1164
1997	3	6	0	0	6.4656
1997	3	7	0	0	4.284
1997	3	8	0	0	13.4424
1997	3	9	0	0	10.1268
1997	3	10	0	0	15.220799999999999
1997	3	11	0	0	15.408
1997	3	12	0	0	14.148
1997	3	13	0	0	11.4876
1997	3	14	0	0	13.1652
1997	3	15	0	0	6.1812
1997	3	16	0	0	8.766
1997	3	17	0	0	10.6596
1997	3	18	0	0	15.2316
1997	3	19	0	0	6.5844
1997	3	20	0	0	4.2156
1997	3	21	0	0	7.0451999999999995
1997	3	22	0	0	13.204799999999999
1997	3	23	0	0	9.54
1997	3	24	0	0	7.7688
1997	3	25	0	0	6.4296
1997	3	26	0	0	16.711199999999998
1997	3	27	0	0	11.592
1997	3	28	0	0	3.4992
1997	3	29	0	0	9.072
1997	3	30	0	0	12.049199999999999
1997	3	31	0	0	19.7244
1997	4	1	0	0	21.391199999999998
1997	4	2	0	0	21.0708
1997	4	3	0	0	18.5004
1997	4	4	0	0	4.6692
1997	4	5	0	0	6.3828
1997	4	6	0	0	7.2216
1997	4	7	0	0	23.6232
1997	4	8	0	0	23.4684
1997	4	9	0	0	21.9744
1997	4	10	0	0	16.801199999999998
1997	4	11	0	0	19.7928
1997	4	12	0	0	18.2808
1997	4	13	0	0	23.904
1997	4	14	0	0	23.6196
1997	4	15	0	0	9.9072
1997	4	16	0	0	14.741999999999999
1997	4	17	0	0	23.3568
1997	4	18	0	0	24.75
1997	4	19	0	0	22.1004
1997	4	20	0	0	6.771599999999999
1997	4	21	0	0	16.750799999999998
1997	4	22	0	0	20.556
1997	4	23	0	0	24.3108
1997	4	24	0	0	24.8724
1997	4	25	0	0	22.716
1997	4	26	0	0	7.5168
1997	4	27	0	0	6.2676
1997	4	28	0	0	16.3584
1997	4	29	0	0	8.3016
1997	4	30	0	0	5.3388
1997	5	1	0	0	17.2332
1997	5	2	0	0	26.3232
1997	5	3	0	0	26.406
1997	5	4	0	0	20.0844
1997	5	5	0	0	10.5516
1997	5	6	0	0	8.118
1997	5	7	0	0	17.4816
1997	5	8	0	0	12.1176
1997	5	9	0	0	12.387599999999999
1997	5	10	0	0	20.8224
1997	5	11	0	0	24.1632
1997	5	12	0	0	8.3484
1997	5	13	0	0	16.6104
1997	5	14	0	0	12.942
1997	5	15	0	0	25.6284
1997	5	16	0	0	22.3416
1997	5	17	0	0	24.8544
1997	5	18	0	0	11.7792
1997	5	19	0	0	25.4808
1997	5	20	0	0	7.6608
1997	5	21	0	0	15.714
1997	5	22	0	0	14.9112
1997	5	23	0	0	18.4356
1997	5	24	0	0	5.8392
1997	5	25	0	0	25.416
1997	5	26	0	0	26.3736
1997	5	27	0	0	29.142
1997	5	28	0	0	22.6368
1997	5	29	0	0	28.584
1997	5	30	0	0	29.988
1997	5	31	0	0	30.2652
1997	6	1	0	0	10.8324
1997	6	2	0	0	12.1068
1997	6	3	0	0	13.7844
1997	6	4	0	0	29.6784
1997	6	5	0	0	20.8908
1997	6	6	0	0	16.840799999999998
1997	6	7	0	0	26.766
1997	6	8	0	0	22.3812
1997	6	9	0	0	27.7272
1997	6	10	0	0	28.519199999999998
1997	6	11	0	0	17.7948
1997	6	12	0	0	18.1224
1997	6	13	0	0	18.2016
1997	6	14	0	0	13.6512
1997	6	15	0	0	24.2568
1997	6	16	0	0	21.9636
1997	6	17	0	0	18.5148
1997	6	18	0	0	14.986799999999999
1997	6	19	0	0	5.1804
1997	6	20	0	0	18.9936
1997	6	21	0	0	7.5168
1997	6	22	0	0	12.294
1997	6	23	0	0	11.9592
1997	6	24	0	0	11.282399999999999
1997	6	25	0	0	14.5692
1997	6	26	0	0	9.9792
1997	6	27	0	0	3.9095999999999997
1997	6	28	0	0	18.2772
1997	6	29	0	0	11.984399999999999
1997	6	30	0	0	20.232
1997	7	1	0	0	20.7792
1997	7	2	0	0	23.043599999999998
1997	7	3	0	0	14.115599999999999
1997	7	4	0	0	7.6068
1997	7	5	0	0	4.8168
1997	7	6	0	0	5.7888
1997	7	7	0	0	18.2124
1997	7	8	0	0	27.2016
1997	7	9	0	0	26.7948
1997	7	10	0	0	24.1812
1997	7	11	0	0	18.583199999999998
1997	7	12	0	0	16.992
1997	7	13	0	0	24.7968
1997	7	14	0	0	13.6548
1997	7	15	0	0	22.554
1997	7	16	0	0	27.3924
1997	7	17	0	0	13.8204
1997	7	18	0	0	9.4104
1997	7	19	0	0	4.5287999999999995
1997	7	20	0	0	16.2144
1997	7	21	0	0	25.6536
1997	7	22	0	0	27.09
1997	7	23	0	0	9.4284
1997	7	24	0	0	22.4172
1997	7	25	0	0	6.1308
1997	7	26	0	0	12.456
1997	7	27	0	0	24.5052
1997	7	28	0	0	20.1276
1997	7	29	0	0	16.282799999999998
1997	7	30	0	0	25.128
1997	7	31	0	0	12.347999999999999
1997	8	1	0	0	3.8016
1997	8	2	0	0	7.714799999999999
1997	8	3	0	0	19.141199999999998
1997	8	4	0	0	26.1972
1997	8	5	0	0	24.3432
1997	8	6	0	0	7.9704
1997	8	7	0	0	12.621599999999999
1997	8	8	0	0	13.7592
1997	8	9	0	0	25.592399999999998
1997	8	10	0	0	26.2764
1997	8	11	0	0	24.8976
1997	8	12	0	0	19.3608
1997	8	13	0	0	18.0072
1997	8	14	0	0	21.006
1997	8	15	0	0	18.7164
1997	8	16	0	0	20.883599999999998
1997	8	17	0	0	11.7432
1997	8	18	0	0	15.4476
1997	8	19	0	0	21.2292
1997	8	20	0	0	21.5856
1997	8	21	0	0	18.1584
1997	8	22	0	0	19.4976
1997	8	23	0	0	22.4496
1997	8	24	0	0	19.9692
1997	8	25	0	0	21.5352
1997	8	26	0	0	10.584
1997	8	27	0	0	16.524
1997	8	28	0	0	3.3407999999999998
1997	8	29	0	0	14.7312
1997	8	30	0	0	8.5068
1997	8	31	0	0	22.1256
1997	9	1	0	0	21.2868
1997	9	2	0	0	8.046
1997	9	3	0	0	6.7139999999999995
1997	9	4	0	0	13.41
1997	9	5	0	0	20.214
1997	9	6	0	0	11.2356
1997	9	7	0	0	6.3431999999999995
1997	9	8	0	0	18.6948
1997	9	9	0	0	20.5272
1997	9	10	0	0	13.88374367724
1997	9	11	0	0	19.468799999999998
1997	9	12	0	0	18.5688
1997	9	13	0	0	4.374
1997	9	14	0	0	11.8584
1997	9	15	0	0	18.5976
1997	9	16	0	0	18.2736
1997	9	17	0	0	17.945999999999998
1997	9	18	0	0	17.64
1997	9	19	0	0	17.8092
1997	9	20	0	0	2.3724
1997	9	21	0	0	6.9012
1997	9	22	0	0	15.9516
1997	9	23	0	0	13.517999999999999
1997	9	24	0	0	11.9484
1997	9	25	0	0	4.5611999999999995
1997	9	26	0	0	9.7632
1997	9	27	0	0	15.0156
1997	9	28	0	0	15.4188
1997	9	29	0	0	15.8148
1997	9	30	0	0	13.5144
1997	10	1	0	0	11.142
1997	10	2	0	0	12.9492
1997	10	3	0	0	14.1264
1997	10	4	0	0	14.4864
1997	10	5	0	0	15.0156
1997	10	6	0	0	13.7952
1997	10	7	0	0	5.1335999999999995
1997	10	8	0	0	10.602
1997	10	9	0	0	10.839599999999999
1997	10	10	0	0	3.2904
1997	10	11	0	0	4.806
1997	10	12	0	0	3.2723999999999998
1997	10	13	0	0	5.5944
1997	10	14	0	0	6.5664
1997	10	15	0	0	2.9988
1997	10	16	0	0	3.2544
1997	10	17	0	0	10.7892
1997	10	18	0	0	9.9612
1997	10	19	0	0	11.7288
1997	10	20	0	0	11.0268
1997	10	21	0	0	0.7128
1997	10	22	0	0	2.1635999999999997
1997	10	23	0	0	3.0996
1997	10	24	0	0	4.7844
1997	10	25	0	0	9.5292
1997	10	26	0	0	10.6632
1997	10	27	0	0	2.9916
1997	10	28	0	0	6.12
1997	10	29	0	0	8.0136
1997	10	30	0	0	3.9276
1997	10	31	0	0	7.6284
1997	11	1	0	0	8.927999999999999
1997	11	2	0	0	9.4896
1997	11	3	0	0	9.18
1997	11	4	0	0	4.5576
1997	11	5	0	0	7.128
1997	11	6	0	0	4.32
1997	11	7	0	0	5.3208
1997	11	8	0	0	2.1708
1997	11	9	0	0	1.9871999999999999
1997	11	10	0	0	7.2576
1997	11	11	0	0	5.0652
1997	11	12	0	0	1.0584
1997	11	13	0	0	3.4128
1997	11	14	0	0	3.4956
1997	11	15	0	0	5.9904
1997	11	16	0	0	3.9312
1997	11	17	0	0	1.2132
1997	11	18	0	0	3.4308
1997	11	19	0	0	1.0979999999999999
1997	11	20	0	0	3.6828
1997	11	21	0	0	4.554
1997	11	22	0	0	3.3876
1997	11	23	0	0	0.8099999999999999
1997	11	24	0	0	1.89
1997	11	25	0	0	2.8836
1997	11	26	0	0	4.5792
1997	11	27	0	0	2.5236
1997	11	28	0	0	4.572
1997	11	29	0	0	3.7116
1997	11	30	0	0	3.4632
1997	12	1	0	0	0.5508
1997	12	2	0	0	0.6516
1997	12	3	0	0	1.1483999999999999
1997	12	4	0	0	1.1124
1997	12	5	0	0	2.7576
1997	12	6	0	0	1.2888
1997	12	7	0	0	6.8544
1997	12	8	0	0	2.0844
1997	12	9	0	0	2.0484
1997	12	10	0	0	3.7512
1997	12	11	0	0	1.1412
1997	12	12	0	0	1.5588
1997	12	13	0	0	0.9935999999999999
1997	12	14	0	0	2.7612
1997	12	15	0	0	0.954
1997	12	16	0	0	1.8576
1997	12	17	0	0	2.3868
1997	12	18	0	0	2.1384
1997	12	19	0	0	3.3264
1997	12	20	0	0	0.864
1997	12	21	0	0	0.6444
1997	12	22	0	0	0.486
1997	12	23	0	0	2.9052
1997	12	24	0	0	2.4948
1997	12	25	0	0	4.9536
1997	12	26	0	0	2.1708
1997	12	27	0	0	3.2904
1997	12	28	0	0	1.566
1997	12	29	0	0	3.0924
1997	12	30	0	0	3.834
1997	12	31	0	0	3.4668
1998	1	1	0	0	4.1832
1998	1	2	0	0	1.5876
1998	1	3	0	0	2.178
1998	1	4	0	0	5.454
1998	1	5	0	0	6.0264
1998	1	6	0	0	1.1268
1998	1	7	0	0	2.8872
1998	1	8	0	0	5.9399999999999995
1998	1	9	0	0	6.0047999999999995
1998	1	10	0	0	6.3755999999999995
1998	1	11	0	0	6.2172
1998	1	12	0	0	6.0732
1998	1	13	0	0	5.2812
1998	1	14	0	0	5.058
1998	1	15	0	0	4.9608
1998	1	16	0	0	1.1016
1998	1	17	0	0	2.358
1998	1	18	0	0	4.968
1998	1	19	0	0	4.0356
1998	1	20	0	0	2.8476
1998	1	21	0	0	1.9944
1998	1	22	0	0	1.3499999999999999
1998	1	23	0	0	2.6315999999999997
1998	1	24	0	0	1.6812
1998	1	25	0	0	1.2348
1998	1	26	0	0	1.4796
1998	1	27	0	0	4.4676
1998	1	28	0	0	7.7688
1998	1	29	0	0	4.3056
1998	1	30	0	0	6.4512
1998	1	31	0	0	3.654
1998	2	1	0	0	3.582
1998	2	2	0	0	7.236
1998	2	3	0	0	5.8896
1998	2	4	0	0	5.1011999999999995
1998	2	5	0	0	10.4004
1998	2	6	0	0	8.9856
1998	2	7	0	0	7.8408
1998	2	8	0	0	10.1088
1998	2	9	0	0	10.3536
1998	2	10	0	0	9.4464
1998	2	11	0	0	10.670399999999999
1998	2	12	0	0	9.6408
1998	2	13	0	0	10.7568
1998	2	14	0	0	10.4868
1998	2	15	0	0	10.7928
1998	2	16	0	0	8.992799999999999
1998	2	17	0	0	3.3695999999999997
1998	2	18	0	0	11.4264
1998	2	19	0	0	11.34
1998	2	20	0	0	11.844
1998	2	21	0	0	11.307599999999999
1998	2	22	0	0	3.4776
1998	2	23	0	0	2.5128
1998	2	24	0	0	3.3047999999999997
1998	2	25	0	0	6.0156
1998	2	26	0	0	8.0352
1998	2	27	0	0	10.6416
1998	2	28	0	0	4.2516
1998	3	1	0	0	3.3084
1998	3	2	0	0	8.6256
1998	3	3	0	0	9.27
1998	3	4	0	0	6.93
1998	3	5	0	0	8.3916
1998	3	6	0	0	5.922
1998	3	7	0	0	7.642799999999999
1998	3	8	0	0	4.9356
1998	3	9	0	0	12.7008
1998	3	10	0	0	17.945999999999998
1998	3	11	0	0	9.6516
1998	3	12	0	0	2.6208
1998	3	13	0	0	5.7059999999999995
1998	3	14	0	0	4.2804
1998	3	15	0	0	3.0671999999999997
1998	3	16	0	0	4.356
1998	3	17	0	0	3.1284
1998	3	18	0	0	8.8524
1998	3	19	0	0	5.8464
1998	3	20	0	0	6.6996
1998	3	21	0	0	6.2856
1998	3	22	0	0	19.2672
1998	3	23	0	0	4.95
1998	3	24	0	0	2.5667999999999997
1998	3	25	0	0	19.8324
1998	3	26	0	0	20.034
1998	3	27	0	0	8.7336
1998	3	28	0	0	16.2648
1998	3	29	0	0	19.9044
1998	3	30	0	0	18.0
1998	3	31	0	0	18.7704
1998	4	1	0	0	11.7612
1998	4	2	0	0	15.7104
1998	4	3	0	0	14.0472
1998	4	4	0	0	5.2416
1998	4	5	0	0	7.0308
1998	4	6	0	0	14.202
1998	4	7	0	0	5.8355999999999995
1998	4	8	0	0	16.704
1998	4	9	0	0	15.5772
1998	4	10	0	0	16.1964
1998	4	11	0	0	16.2468
1998	4	12	0	0	12.550087509839999
1998	4	13	0	0	7.4628
1998	4	14	0	0	22.9284
1998	4	15	0	0	10.4436
1998	4	16	0	0	17.4996
1998	4	17	0	0	11.9016
1998	4	18	0	0	5.8716
1998	4	19	0	0	14.1012
1998	4	20	0	0	24.5808
1998	4	21	0	0	10.7244
1998	4	22	0	0	24.7788
1998	4	23	0	0	23.2056
1998	4	24	0	0	9.1044
1998	4	25	0	0	22.284
1998	4	26	0	0	18.6264
1998	4	27	0	0	20.4084
1998	4	28	0	0	5.5296
1998	4	29	0	0	14.422491192239997
1998	4	30	0	0	24.0012
1998	5	1	0	0	7.2648
1998	5	2	0	0	9.1404
1998	5	3	0	0	14.790752528039999
1998	5	4	0	0	2.1708
1998	5	5	0	0	19.715429462039996
1998	5	6	0	0	16.1784
1998	5	7	0	0	26.3232
1998	5	8	0	0	25.614
1998	5	9	0	0	22.067999999999998
1998	5	10	0	0	25.3584
1998	5	11	0	0	26.154
1998	5	12	0	0	25.8192
1998	5	13	0	0	25.2972
1998	5	14	0	0	25.214399999999998
1998	5	15	0	0	27.4824
1998	5	16	0	0	27.4392
1998	5	17	0	0	21.18003527664
1998	5	18	0	0	21.98584698876
1998	5	19	0	0	27.0612
1998	5	20	0	0	26.7156
1998	5	21	0	0	18.916407766080003
1998	5	22	0	0	10.2132
1998	5	23	0	0	24.04058686272
1998	5	24	0	0	17.07940140948
1998	5	25	0	0	10.85343805584
1998	5	26	0	0	18.36379853568
1998	5	27	0	0	20.3616
1998	5	28	0	0	13.8528
1998	5	29	0	0	5.67
1998	5	30	0	0	28.944574284239998
1998	5	31	0	0	20.99140099992
1998	6	1	0	0	28.349999999999998
1998	6	2	0	0	25.4448
1998	6	3	0	0	13.50925727832
1998	6	4	0	0	21.75062166396
1998	6	5	0	0	24.870127057559994
1998	6	6	0	0	24.8868
1998	6	7	0	0	16.346020108679998
1998	6	8	0	0	22.03970544144
1998	6	9	0	0	29.448
1998	6	10	0	0	10.1195918766
1998	6	11	0	0	8.4636
1998	6	12	0	0	5.3928
1998	6	13	0	0	15.145897180679999
1998	6	14	0	0	14.961241039319999
1998	6	15	0	0	10.97577196668
1998	6	16	0	0	13.752203267879997
1998	6	17	0	0	23.78852000568
1998	6	18	0	0	24.71093750196
1998	6	19	0	0	28.7352
1998	6	20	0	0	29.178
1998	6	21	0	0	28.598399999999998
1998	6	22	0	0	20.92466004048
1998	6	23	0	0	20.792504647079998
1998	6	24	0	0	26.5932
1998	6	25	0	0	26.0568
1998	6	26	0	0	10.972654537032
1998	6	27	0	0	19.84190413968
1998	6	28	0	0	8.0703047304
1998	6	29	0	0	23.48989954812
1998	6	30	0	0	21.40206644628
1998	7	1	0	0	17.853406970400002
1998	7	2	0	0	5.076
1998	7	3	0	0	9.2772
1998	7	4	0	0	19.705708179
1998	7	5	0	0	15.180487580519998
1998	7	6	0	0	26.2656
1998	7	7	0	0	11.645999999999999
1998	7	8	0	0	10.241999999999999
1998	7	9	0	0	13.625732752920001
1998	7	10	0	0	11.340346695119997
1998	7	11	0	0	16.80522961752
1998	7	12	0	0	27.064799999999998
1998	7	13	0	0	17.968273656119997
1998	7	14	0	0	23.853478674599998
1998	7	15	0	0	22.318211678039997
1998	7	16	0	0	10.1952
1998	7	17	0	0	21.25395513216
1998	7	18	0	0	24.61272719328
1998	7	19	0	0	27.3924
1998	7	20	0	0	25.930799999999998
1998	7	21	0	0	19.9152
1998	7	22	0	0	14.914478993400001
1998	7	23	0	0	29.1708
1998	7	24	0	0	13.05608733828
1998	7	25	0	0	14.13364156704
1998	7	26	0	0	22.535486105399997
1998	7	27	0	0	4.9572
1998	7	28	0	0	14.3172
1998	7	29	0	0	24.545191428
1998	7	30	0	0	28.570182735959996
1998	7	31	0	0	7.844399999999999
1998	8	1	0	0	16.905345957719998
1998	8	2	0	0	5.2128
1998	8	3	0	0	3.8952
1998	8	4	0	0	8.3664
1998	8	5	0	0	12.8774946942
1998	8	6	0	0	29.3976
1998	8	7	0	0	29.9988
1998	8	8	0	0	29.9412
1998	8	9	0	0	28.2456
1998	8	10	0	0	26.528399999999998
1998	8	11	0	0	26.3808
1998	8	12	0	0	23.3964
1998	8	13	0	0	11.9376
1998	8	14	0	0	25.11
1998	8	15	0	0	22.392
1998	8	16	0	0	23.148
1998	8	17	0	0	20.7216
1998	8	18	0	0	5.4936
1998	8	19	0	0	17.514
1998	8	20	0	0	18.881999999999998
1998	8	21	0	0	6.8111999999999995
1998	8	22	0	0	5.666399999999999
1998	8	23	0	0	20.483999999999998
1998	8	24	0	0	7.142399999999999
1998	8	25	0	0	19.71
1998	8	26	0	0	23.302799999999998
1998	8	27	0	0	3.4379999999999997
1998	8	28	0	0	18.3996
1998	8	29	0	0	12.9744
1998	8	30	0	0	15.7572
1998	8	31	0	0	21.114
1998	9	1	0	0	10.0872
1998	9	2	0	0	12.9384
1998	9	3	0	0	6.282
1998	9	4	0	0	12.8916
1998	9	5	0	0	6.534
1998	9	6	0	0	13.392
1998	9	7	0	0	7.974
1998	9	8	0	0	10.825199999999999
1998	9	9	0	0	19.2528
1998	9	10	0	0	15.3324
1998	9	11	0	0	2.0808
1998	9	12	0	0	5.0724
1998	9	13	0	0	8.823599999999999
1998	9	14	0	0	6.6491999999999996
1998	9	15	0	0	7.2252
1998	9	16	0	0	7.6356
1998	9	17	0	0	4.2552
1998	9	18	0	0	7.794
1998	9	19	0	0	10.799999999999999
1998	9	20	0	0	12.6792
1998	9	21	0	0	7.5924
1998	9	22	0	0	6.3288
1998	9	23	0	0	8.118
1998	9	24	0	0	14.6664
1998	9	25	0	0	14.986799999999999
1998	9	26	0	0	8.6508
1998	9	27	0	0	8.7804
1998	9	28	0	0	10.8072
1998	9	29	0	0	10.0188
1998	9	30	0	0	4.1616
1998	10	1	0	0	4.8816
1998	10	2	0	0	9.7848
1998	10	3	0	0	7.7904
1998	10	4	0	0	3.7439999999999998
1998	10	5	0	0	6.93
1998	10	6	0	0	2.1348
1998	10	7	0	0	1.5335999999999999
1998	10	8	0	0	3.1968
1998	10	9	0	0	6.4008
1998	10	10	0	0	8.658
1998	10	11	0	0	2.34
1998	10	12	0	0	4.5756
1998	10	13	0	0	11.7072
1998	10	14	0	0	5.2272
1998	10	15	0	0	5.8968
1998	10	16	0	0	11.0052
1998	10	17	0	0	12.4416
1998	10	18	0	0	4.8636
1998	10	19	0	0	2.6892
1998	10	20	0	0	7.3728
1998	10	21	0	0	6.3864
1998	10	22	0	0	10.4868
1998	10	23	0	0	7.8408
1998	10	24	0	0	6.7896
1998	10	25	0	0	4.0824
1998	10	26	0	0	3.6648
1998	10	27	0	0	4.7916
1998	10	28	0	0	2.322
1998	10	29	0	0	0.6732
1998	10	30	0	0	2.9232
1998	10	31	0	0	4.1903999999999995
1998	11	1	0	0	1.6308
1998	11	2	0	0	9.1368
1998	11	3	0	0	1.5768
1998	11	4	0	0	1.6992
1998	11	5	0	0	3.9132
1998	11	6	0	0	10.331999999999999
1998	11	7	0	0	8.3844
1998	11	8	0	0	8.4096
1998	11	9	0	0	2.2967999999999997
1998	11	10	0	0	0.8351999999999999
1998	11	11	0	0	5.6015999999999995
1998	11	12	0	0	6.8831999999999995
1998	11	13	0	0	6.912
1998	11	14	0	0	0.9468
1998	11	15	0	0	2.3544
1998	11	16	0	0	2.25
1998	11	17	0	0	4.0428
1998	11	18	0	0	5.6196
1998	11	19	0	0	4.5072
1998	11	20	0	0	1.9332
1998	11	21	0	0	4.3308
1998	11	22	0	0	5.292
1998	11	23	0	0	6.166799999999999
1998	11	24	0	0	5.9075999999999995
1998	11	25	0	0	5.2379999999999995
1998	11	26	0	0	3.132
1998	11	27	0	0	2.34
1998	11	28	0	0	4.6764
1998	11	29	0	0	2.0772
1998	11	30	0	0	0.4284
1998	12	1	0	0	0.4248
1998	12	2	0	0	0.5579999999999999
1998	12	3	0	0	1.0908
1998	12	4	0	0	1.0151999999999999
1998	12	5	0	0	1.4544
1998	12	6	0	0	2.6028
1998	12	7	0	0	2.2104
1998	12	8	0	0	6.7104
1998	12	9	0	0	4.4424
1998	12	10	0	0	1.458
1998	12	11	0	0	1.4687999999999999
1998	12	12	0	0	2.0736
1998	12	13	0	0	2.7864
1998	12	14	0	0	2.1311999999999998
1998	12	15	0	0	5.1912
1998	12	16	0	0	3.1572
1998	12	17	0	0	4.0068
1998	12	18	0	0	5.295599999999999
1998	12	19	0	0	1.6668
1998	12	20	0	0	2.142
1998	12	21	0	0	2.9339999999999997
1998	12	22	0	0	4.6224
1998	12	23	0	0	7.434
1998	12	24	0	0	1.8683999999999998
1998	12	25	0	0	6.8724
1998	12	26	0	0	3.8808
1998	12	27	0	0	2.286
1998	12	28	0	0	5.0291999999999994
1998	12	29	0	0	5.382
1998	12	30	0	0	5.6411999999999995
1998	12	31	0	0	4.2299999999999995
1999	1	1	0	0	1.1483999999999999
1999	1	2	0	0	4.9212
1999	1	3	0	0	3.5172
1999	1	4	0	0	3.1752
1999	1	5	0	0	4.7988
1999	1	6	0	0	5.778
1999	1	7	0	0	4.9284
1999	1	8	0	0	2.5416
1999	1	9	0	0	1.5732
1999	1	10	0	0	1.0368
1999	1	11	0	0	0.6264
1999	1	12	0	0	4.4639999999999995
1999	1	13	0	0	1.7928
1999	1	14	0	0	1.9476
1999	1	15	0	0	6.534
1999	1	16	0	0	4.9572
1999	1	17	0	0	6.8508
1999	1	18	0	0	6.3612
1999	1	19	0	0	7.545599999999999
1999	1	20	0	0	7.9596
1999	1	21	0	0	8.3016
1999	1	22	0	0	8.445599999999999
1999	1	23	0	0	8.4636
1999	1	24	0	0	7.2288
1999	1	25	0	0	5.4612
1999	1	26	0	0	3.7872
1999	1	27	0	0	2.034
1999	1	28	0	0	1.7604
1999	1	29	0	0	3.2723999999999998
1999	1	30	0	0	2.304
1999	1	31	0	0	3.1824
1999	2	1	0	0	5.5008
1999	2	2	0	0	6.2676
1999	2	3	0	0	5.4288
1999	2	4	0	0	4.104
1999	2	5	0	0	1.4076
1999	2	6	0	0	2.1924
1999	2	7	0	0	2.2896
1999	2	8	0	0	4.4892
1999	2	9	0	0	0.9036
1999	2	10	0	0	2.754
1999	2	11	0	0	3.0168
1999	2	12	0	0	4.752
1999	2	13	0	0	4.3056
1999	2	14	0	0	6.2136
1999	2	15	0	0	13.089599999999999
1999	2	16	0	0	3.7116
1999	2	17	0	0	2.5092
1999	2	18	0	0	2.6244
1999	2	19	0	0	3.5964
1999	2	20	0	0	2.5704
1999	2	21	0	0	1.7531999999999999
1999	2	22	0	0	2.5884
1999	2	23	0	0	3.9636
1999	2	24	0	0	3.5568
1999	2	25	0	0	6.6852
1999	2	26	0	0	14.986799999999999
1999	2	27	0	0	14.245199999999999
1999	2	28	0	0	5.5944
1999	3	1	0	0	9.057599999999999
1999	3	2	0	0	7.7436
1999	3	3	0	0	10.0764
1999	3	4	0	0	3.8484
1999	3	5	0	0	6.0228
1999	3	6	0	0	8.848799999999999
1999	3	7	0	0	9.2772
1999	3	8	0	0	12.502799999999999
1999	3	9	0	0	8.4636
1999	3	10	0	0	10.224
1999	3	11	0	0	5.5908
1999	3	12	0	0	15.48
1999	3	13	0	0	15.8652
1999	3	14	0	0	15.703199999999999
1999	3	15	0	0	15.5448
1999	3	16	0	0	10.8288
1999	3	17	0	0	8.7372
1999	3	18	0	0	10.422
1999	3	19	0	0	4.4568
1999	3	20	0	0	8.2836
1999	3	21	0	0	15.274799999999999
1999	3	22	0	0	4.374
1999	3	23	0	0	3.654
1999	3	24	0	0	20.2968
1999	3	25	0	0	15.9084
1999	3	26	0	0	11.267999999999999
1999	3	27	0	0	0.7524
1999	3	28	0	0	4.5504
1999	3	29	0	0	3.5352
1999	3	30	0	0	10.8972
1999	3	31	0	0	19.8504
1999	4	1	0	0	18.3024
1999	4	2	0	0	18.9684
1999	4	3	0	0	14.648399999999999
1999	4	4	0	0	5.6376
1999	4	5	0	0	17.009999999999998
1999	4	6	0	0	18.194399999999998
1999	4	7	0	0	3.15
1999	4	8	0	0	5.3856
1999	4	9	0	0	15.5412
1999	4	10	0	0	19.180799999999998
1999	4	11	0	0	2.9484
1999	4	12	0	0	8.9028
1999	4	13	0	0	5.1876
1999	4	14	0	0	22.716
1999	4	15	0	0	6.6672
1999	4	16	0	0	4.4028
1999	4	17	0	0	13.7736
1999	4	18	0	0	6.354
1999	4	19	0	0	11.8116
1999	4	20	0	0	15.2568
1999	4	21	0	0	5.9616
1999	4	22	0	0	18.9036
1999	4	23	0	0	19.677599999999998
1999	4	24	0	0	8.0244
1999	4	25	0	0	14.3136
1999	4	26	0	0	20.404799999999998
1999	4	27	0	0	16.293599999999998
1999	4	28	0	0	9.2988
1999	4	29	0	0	19.494
1999	4	30	0	0	14.3424
1999	5	1	0	0	18.4716
1999	5	2	0	0	25.38
1999	5	3	0	0	23.500799999999998
1999	5	4	0	0	12.042
1999	5	5	0	0	10.7964
1999	5	6	0	0	9.8028
1999	5	7	0	0	21.744
1999	5	8	0	0	4.7052
1999	5	9	0	0	22.302
1999	5	10	0	0	21.474
1999	5	11	0	0	6.8364
1999	5	12	0	0	2.9592
1999	5	13	0	0	7.8048
1999	5	14	0	0	4.086
1999	5	15	0	0	10.5588
1999	5	16	0	0	21.8412
1999	5	17	0	0	15.228
1999	5	18	0	0	20.4264
1999	5	19	0	0	7.6932
1999	5	20	0	0	8.7012
1999	5	21	0	0	2.952
1999	5	22	0	0	5.1048
1999	5	23	0	0	9.8424
1999	5	24	0	0	27.2304
1999	5	25	0	0	22.953599999999998
1999	5	26	0	0	26.6292
1999	5	27	0	0	26.676
1999	5	28	0	0	22.7736
1999	5	29	0	0	27.802799999999998
1999	5	30	0	0	24.188399999999998
1999	5	31	0	0	19.206
1999	6	1	0	0	27.3924
1999	6	2	0	0	18.802799999999998
1999	6	3	0	0	24.5592
1999	6	4	0	0	15.1776
1999	6	5	0	0	22.8816
1999	6	6	0	0	2.7828
1999	6	7	0	0	15.4188
1999	6	8	0	0	8.9604
1999	6	9	0	0	25.034399999999998
1999	6	10	0	0	6.012
1999	6	11	0	0	8.8164
1999	6	12	0	0	21.092399999999998
1999	6	13	0	0	20.7756
1999	6	14	0	0	8.6004
1999	6	15	0	0	5.5476
1999	6	16	0	0	18.701999999999998
1999	6	17	0	0	22.8924
1999	6	18	0	0	6.8111999999999995
1999	6	19	0	0	14.238
1999	6	20	0	0	27.5076
1999	6	21	0	0	8.118
1999	6	22	0	0	13.4028
1999	6	23	0	0	30.290399999999998
1999	6	24	0	0	30.142799999999998
1999	6	25	0	0	29.8656
1999	6	26	0	0	15.6096
1999	6	27	0	0	23.5332
1999	6	28	0	0	12.203999999999999
1999	6	29	0	0	19.051199999999998
1999	6	30	0	0	12.654
1999	7	1	0	0	24.346799999999998
1999	7	2	0	0	28.3752
1999	7	3	0	0	28.4076
1999	7	4	0	0	26.3268
1999	7	5	0	0	25.282799999999998
1999	7	6	0	0	9.460799999999999
1999	7	7	0	0	6.624
1999	7	8	0	0	13.9932
1999	7	9	0	0	8.3196
1999	7	10	0	0	6.3107999999999995
1999	7	11	0	0	11.9628
1999	7	12	0	0	13.921199999999999
1999	7	13	0	0	16.0452
1999	7	14	0	0	9.1296
1999	7	15	0	0	14.6016
1999	7	16	0	0	21.87
1999	7	17	0	0	28.180799999999998
1999	7	18	0	0	25.0488
1999	7	19	0	0	22.9428
1999	7	20	0	0	18.8568
1999	7	21	0	0	17.528399999999998
1999	7	22	0	0	6.5844
1999	7	23	0	0	4.8852
1999	7	24	0	0	24.2856
1999	7	25	0	0	22.0752
1999	7	26	0	0	25.7544
1999	7	27	0	0	25.034399999999998
1999	7	28	0	0	5.4144
1999	7	29	0	0	15.5916
1999	7	30	0	0	25.848
1999	7	31	0	0	25.253999999999998
1999	8	1	0	0	22.1364
1999	8	2	0	0	24.3864
1999	8	3	0	0	10.1844
1999	8	4	0	0	17.5896
1999	8	5	0	0	16.3116
1999	8	6	0	0	22.8132
1999	8	7	0	0	22.5036
1999	8	8	0	0	16.974
1999	8	9	0	0	13.831199999999999
1999	8	10	0	0	14.0364
1999	8	11	0	0	8.5104
1999	8	12	0	0	10.8288
1999	8	13	0	0	14.9652
1999	8	14	0	0	13.2948
1999	8	15	0	0	6.472799999999999
1999	8	16	0	0	5.7348
1999	8	17	0	0	13.4244
1999	8	18	0	0	11.9376
1999	8	19	0	0	16.1856
1999	8	20	0	0	11.6568
1999	8	21	0	0	20.5704
1999	8	22	0	0	19.2492
1999	8	23	0	0	20.325599999999998
1999	8	24	0	0	6.264
1999	8	25	0	0	21.7152
1999	8	26	0	0	4.374
1999	8	27	0	0	10.4076
1999	8	28	0	0	6.0804
1999	8	29	0	0	11.5056
1999	8	30	0	0	14.1228
1999	8	31	0	0	21.2436
1999	9	1	0	0	14.3856
1999	9	2	0	0	21.258
1999	9	3	0	0	20.116799999999998
1999	9	4	0	0	9.0864
1999	9	5	0	0	15.573599999999999
1999	9	6	0	0	13.0356
1999	9	7	0	0	18.3456
1999	9	8	0	0	19.6992
1999	9	9	0	0	14.831999999999999
1999	9	10	0	0	19.4976
1999	9	11	0	0	18.756
1999	9	12	0	0	18.701999999999998
1999	9	13	0	0	19.0656
1999	9	14	0	0	18.1908
1999	9	15	0	0	16.1388
1999	9	16	0	0	2.3904
1999	9	17	0	0	9.6372
1999	9	18	0	0	4.9608
1999	9	19	0	0	11.304
1999	9	20	0	0	4.3524
1999	9	21	0	0	11.3508
1999	9	22	0	0	11.7
1999	9	23	0	0	12.970799999999999
1999	9	24	0	0	13.6188
1999	9	25	0	0	4.2768
1999	9	26	0	0	2.0268
1999	9	27	0	0	12.708
1999	9	28	0	0	5.5512
1999	9	29	0	0	6.3755999999999995
1999	9	30	0	0	2.7323999999999997
1999	10	1	0	0	8.9028
1999	10	2	0	0	11.905199999999999
1999	10	3	0	0	1.8359999999999999
1999	10	4	0	0	8.3088
1999	10	5	0	0	5.8608
1999	10	6	0	0	7.4879999999999995
1999	10	7	0	0	10.8288
1999	10	8	0	0	14.403599999999999
1999	10	9	0	0	5.2164
1999	10	10	0	0	12.517199999999999
1999	10	11	0	0	4.8564
1999	10	12	0	0	10.267199999999999
1999	10	13	0	0	2.07
1999	10	14	0	0	10.3536
1999	10	15	0	0	5.598
1999	10	16	0	0	4.9068
1999	10	17	0	0	4.2372
1999	10	18	0	0	2.2176
1999	10	19	0	0	2.5343999999999998
1999	10	20	0	0	10.2168
1999	10	21	0	0	5.698799999999999
1999	10	22	0	0	11.7072
1999	10	23	0	0	3.1536
1999	10	24	0	0	3.2328
1999	10	25	0	0	3.6828
1999	10	26	0	0	11.1564
1999	10	27	0	0	10.7028
1999	10	28	0	0	8.0892
1999	10	29	0	0	7.779599999999999
1999	10	30	0	0	7.1352
1999	10	31	0	0	6.5232
1999	11	1	0	0	9.612
1999	11	2	0	0	4.5216
1999	11	3	0	0	1.386
1999	11	4	0	0	1.6416
1999	11	5	0	0	6.2208
1999	11	6	0	0	1.1952
1999	11	7	0	0	3.0744
1999	11	8	0	0	2.7648
1999	11	9	0	0	1.4544
1999	11	10	0	0	2.5452
1999	11	11	0	0	1.3968
1999	11	12	0	0	2.556
1999	11	13	0	0	2.7288
1999	11	14	0	0	2.4444
1999	11	15	0	0	0.4788
1999	11	16	0	0	3.186
1999	11	17	0	0	2.52
1999	11	18	0	0	2.7288
1999	11	19	0	0	3.1824
1999	11	20	0	0	4.4064
1999	11	21	0	0	1.3968
1999	11	22	0	0	3.3588
1999	11	23	0	0	1.7604
1999	11	24	0	0	3.2796
1999	11	25	0	0	3.9132
1999	11	26	0	0	6.6815999999999995
1999	11	27	0	0	6.8148
1999	11	28	0	0	7.4988
1999	11	29	0	0	7.452
1999	11	30	0	0	6.66
1999	12	1	0	0	4.7627999999999995
1999	12	2	0	0	1.134
1999	12	3	0	0	6.912
1999	12	4	0	0	2.8728
1999	12	5	0	0	1.908
1999	12	6	0	0	5.5332
1999	12	7	0	0	6.9155999999999995
1999	12	8	0	0	1.8
1999	12	9	0	0	2.5416
1999	12	10	0	0	0.9756
1999	12	11	0	0	1.998
1999	12	12	0	0	1.3499999999999999
1999	12	13	0	0	1.8756
1999	12	14	0	0	0.3744
1999	12	15	0	0	2.7323999999999997
1999	12	16	0	0	1.062
1999	12	17	0	0	6.2063999999999995
1999	12	18	0	0	1.2312
1999	12	19	0	0	1.1808
1999	12	20	0	0	3.42
1999	12	21	0	0	4.5648
1999	12	22	0	0	6.8759999999999994
1999	12	23	0	0	3.924
1999	12	24	0	0	5.1335999999999995
1999	12	25	0	0	0.37079999999999996
1999	12	26	0	0	0.9036
1999	12	27	0	0	1.4436
1999	12	28	0	0	0.6228
1999	12	29	0	0	0.6083999999999999
1999	12	30	0	0	6.4224
1999	12	31	0	0	2.8836
2000	1	1	0	0	2.2932
2000	1	2	0	0	2.8944
2000	1	3	0	0	5.9184
2000	1	4	0	0	6.4764
2000	1	5	0	0	3.2399999999999998
2000	1	6	0	0	6.0443999999999996
2000	1	7	0	0	5.904
2000	1	8	0	0	5.904
2000	1	9	0	0	2.4768
2000	1	10	0	0	1.422
2000	1	11	0	0	1.278
2000	1	12	0	0	1.692
2000	1	13	0	0	7.5312
2000	1	14	0	0	7.5348
2000	1	15	0	0	1.6596
2000	1	16	0	0	1.1304
2000	1	17	0	0	2.2428
2000	1	18	0	0	2.4299999999999997
2000	1	19	0	0	3.6071999999999997
2000	1	20	0	0	7.2288
2000	1	21	0	0	1.5588
2000	1	22	0	0	1.3175999999999999
2000	1	23	0	0	1.8576
2000	1	24	0	0	4.2623999999999995
2000	1	25	0	0	7.948799999999999
2000	1	26	0	0	8.172
2000	1	27	0	0	9.799199999999999
2000	1	28	0	0	6.7248
2000	1	29	0	0	2.448
2000	1	30	0	0	1.458
2000	1	31	0	0	5.1408
2000	2	1	0	0	8.532
2000	2	2	0	0	1.656
2000	2	3	0	0	2.3436
2000	2	4	0	0	9.1764
2000	2	5	0	0	5.7348
2000	2	6	0	0	6.7176
2000	2	7	0	0	1.3356
2000	2	8	0	0	3.0816
2000	2	9	0	0	3.0888
2000	2	10	0	0	10.6488
2000	2	11	0	0	1.3032
2000	2	12	0	0	2.4444
2000	2	13	0	0	2.952
2000	2	14	0	0	4.0212
2000	2	15	0	0	2.1744
2000	2	16	0	0	2.3832
2000	2	17	0	0	3.7944
2000	2	18	0	0	3.9528
2000	2	19	0	0	3.2832
2000	2	20	0	0	2.9592
2000	2	21	0	0	12.815999999999999
2000	2	22	0	0	12.567599999999999
2000	2	23	0	0	9.7416
2000	2	24	0	0	6.048
2000	2	25	0	0	4.9536
2000	2	26	0	0	6.084
2000	2	27	0	0	13.129199999999999
2000	2	28	0	0	13.1076
2000	2	29	0	0	3.7332
2000	3	1	0	0	3.024
2000	3	2	0	0	7.0884
2000	3	3	0	0	11.9088
2000	3	4	0	0	7.8372
2000	3	5	0	0	14.8428
2000	3	6	0	0	15.4368
2000	3	7	0	0	14.1264
2000	3	8	0	0	10.058399999999999
2000	3	9	0	0	9.4068
2000	3	10	0	0	4.2444
2000	3	11	0	0	13.129199999999999
2000	3	12	0	0	13.7448
2000	3	13	0	0	15.4008
2000	3	14	0	0	8.0532
2000	3	15	0	0	7.7219999999999995
2000	3	16	0	0	1.5191999999999999
2000	3	17	0	0	2.1456
2000	3	18	0	0	3.4524
2000	3	19	0	0	4.0752
2000	3	20	0	0	17.334
2000	3	21	0	0	17.5896
2000	3	22	0	0	17.0748
2000	3	23	0	0	11.1708
2000	3	24	0	0	7.2936
2000	3	25	0	0	13.914
2000	3	26	0	0	3.4848
2000	3	27	0	0	5.9904
2000	3	28	0	0	8.7516
2000	3	29	0	0	2.0016
2000	3	30	0	0	5.3388
2000	3	31	0	0	19.220399999999998
2000	4	1	0	0	8.8344
2000	4	2	0	0	18.9468
2000	4	3	0	0	14.2128
2000	4	4	0	0	18.396
2000	4	5	0	0	3.492
2000	4	6	0	0	2.538
2000	4	7	0	0	22.7628
2000	4	8	0	0	22.6836
2000	4	9	0	0	16.1532
2000	4	10	0	0	16.308
2000	4	11	0	0	8.0352
2000	4	12	0	0	8.4024
2000	4	13	0	0	11.8512
2000	4	14	0	0	16.182
2000	4	15	0	0	5.5908
2000	4	16	0	0	18.9468
2000	4	17	0	0	4.7448
2000	4	18	0	0	7.0272
2000	4	19	0	0	14.49
2000	4	20	0	0	23.122799999999998
2000	4	21	0	0	21.1392
2000	4	22	0	0	23.9076
2000	4	23	0	0	12.9168
2000	4	24	0	0	9.612
2000	4	25	0	0	24.267599999999998
2000	4	26	0	0	22.485599999999998
2000	4	27	0	0	12.636
2000	4	28	0	0	13.6512
2000	4	29	0	0	9.5472
2000	4	30	0	0	15.6096
2000	5	1	0	0	19.1628
2000	5	2	0	0	15.516
2000	5	3	0	0	19.1988
2000	5	4	0	0	19.0476
2000	5	5	0	0	17.2476
2000	5	6	0	0	16.880399999999998
2000	5	7	0	0	21.9672
2000	5	8	0	0	13.5144
2000	5	9	0	0	26.308799999999998
2000	5	10	0	0	24.4908
2000	5	11	0	0	18.971999999999998
2000	5	12	0	0	9.5724
2000	5	13	0	0	10.7064
2000	5	14	0	0	21.7368
2000	5	15	0	0	26.838
2000	5	16	0	0	26.110799999999998
2000	5	17	0	0	18.1188
2000	5	18	0	0	6.1848
2000	5	19	0	0	15.404399999999999
2000	5	20	0	0	19.897199999999998
2000	5	21	0	0	21.9672
2000	5	22	0	0	19.7316
2000	5	23	0	0	25.552799999999998
2000	5	24	0	0	25.7688
2000	5	25	0	0	14.6808
2000	5	26	0	0	19.2816
2000	5	27	0	0	6.3252
2000	5	28	0	0	14.0976
2000	5	29	0	0	6.505199999999999
2000	5	30	0	0	7.8732
2000	5	31	0	0	10.1808
2000	6	1	0	0	29.5272
2000	6	2	0	0	28.7064
2000	6	3	0	0	25.0668
2000	6	4	0	0	22.496399999999998
2000	6	5	0	0	18.701999999999998
2000	6	6	0	0	3.9095999999999997
2000	6	7	0	0	21.708
2000	6	8	0	0	28.836
2000	6	9	0	0	28.2168
2000	6	10	0	0	24.3396
2000	6	11	0	0	17.7912
2000	6	12	0	0	15.4512
2000	6	13	0	0	23.9364
2000	6	14	0	0	21.0312
2000	6	15	0	0	20.5596
2000	6	16	0	0	13.895999999999999
2000	6	17	0	0	30.24
2000	6	18	0	0	30.142799999999998
2000	6	19	0	0	29.124
2000	6	20	0	0	29.167199999999998
2000	6	21	0	0	28.9404
2000	6	22	0	0	20.7216
2000	6	23	0	0	6.0156
2000	6	24	0	0	8.2044
2000	6	25	0	0	10.692
2000	6	26	0	0	20.962799999999998
2000	6	27	0	0	29.214
2000	6	28	0	0	10.879199999999999
2000	6	29	0	0	22.86
2000	6	30	0	0	28.439999999999998
2000	7	1	0	0	25.3404
2000	7	2	0	0	27.0792
2000	7	3	0	0	12.8592
2000	7	4	0	0	10.0224
2000	7	5	0	0	20.0484
2000	7	6	0	0	27.9648
2000	7	7	0	0	12.42
2000	7	8	0	0	3.3444
2000	7	9	0	0	14.634
2000	7	10	0	0	6.0767999999999995
2000	7	11	0	0	10.3356
2000	7	12	0	0	9.648
2000	7	13	0	0	15.404399999999999
2000	7	14	0	0	6.6384
2000	7	15	0	0	8.856
2000	7	16	0	0	13.1688
2000	7	17	0	0	19.6164
2000	7	18	0	0	25.8552
2000	7	19	0	0	20.2032
2000	7	20	0	0	20.5416
2000	7	21	0	0	26.9028
2000	7	22	0	0	26.892
2000	7	23	0	0	11.25
2000	7	24	0	0	9.8712
2000	7	25	0	0	22.3992
2000	7	26	0	0	21.2436
2000	7	27	0	0	20.5056
2000	7	28	0	0	8.9424
2000	7	29	0	0	10.8144
2000	7	30	0	0	14.256
2000	7	31	0	0	27.162
2000	8	1	0	0	26.838
2000	8	2	0	0	14.8212
2000	8	3	0	0	6.3648
2000	8	4	0	0	11.6244
2000	8	5	0	0	2.34
2000	8	6	0	0	4.086
2000	8	7	0	0	13.1616
2000	8	8	0	0	18.72
2000	8	9	0	0	23.2884
2000	8	10	0	0	23.731199999999998
2000	8	11	0	0	24.4692
2000	8	12	0	0	22.8996
2000	8	13	0	0	23.770799999999998
2000	8	14	0	0	24.008399999999998
2000	8	15	0	0	20.6028
2000	8	16	0	0	21.549599999999998
2000	8	17	0	0	18.63
2000	8	18	0	0	9.7488
2000	8	19	0	0	21.4128
2000	8	20	0	0	22.0428
2000	8	21	0	0	13.95
2000	8	22	0	0	16.5348
2000	8	23	0	0	22.77
2000	8	24	0	0	23.0076
2000	8	25	0	0	22.4712
2000	8	26	0	0	21.6612
2000	8	27	0	0	2.9556
2000	8	28	0	0	15.8112
2000	8	29	0	0	19.134
2000	8	30	0	0	7.9992
2000	8	31	0	0	4.8024
2000	9	1	0	0	19.3212
2000	9	2	0	0	11.1528
2000	9	3	0	0	9.0684
2000	9	4	0	0	8.8344
2000	9	5	0	0	11.1816
2000	9	6	0	0	12.1248
2000	9	7	0	0	15.228
2000	9	8	0	0	20.483999999999998
2000	9	9	0	0	19.8612
2000	9	10	0	0	19.4256
2000	9	11	0	0	19.3788
2000	9	12	0	0	16.8876
2000	9	13	0	0	11.9376
2000	9	14	0	0	15.588
2000	9	15	0	0	16.3296
2000	9	16	0	0	5.1408
2000	9	17	0	0	10.5444
2000	9	18	0	0	17.258399999999998
2000	9	19	0	0	17.532
2000	9	20	0	0	4.9248
2000	9	21	0	0	3.8771999999999998
2000	9	22	0	0	10.9908
2000	9	23	0	0	13.356
2000	9	24	0	0	16.5528
2000	9	25	0	0	11.242799999999999
2000	9	26	0	0	15.1992
2000	9	27	0	0	11.5092
2000	9	28	0	0	14.7384
2000	9	29	0	0	14.8392
2000	9	30	0	0	2.2104
2000	10	1	0	0	4.2444
2000	10	2	0	0	3.4379999999999997
2000	10	3	0	0	7.2828
2000	10	4	0	0	3.8664
2000	10	5	0	0	4.3704
2000	10	6	0	0	4.1688
2000	10	7	0	0	5.5152
2000	10	8	0	0	13.0788
2000	10	9	0	0	6.7284
2000	10	10	0	0	3.6431999999999998
2000	10	11	0	0	2.5704
2000	10	12	0	0	3.87
2000	10	13	0	0	6.0984
2000	10	14	0	0	3.5172
2000	10	15	0	0	8.8416
2000	10	16	0	0	9.1512
2000	10	17	0	0	3.0564
2000	10	18	0	0	4.4748
2000	10	19	0	0	4.9248
2000	10	20	0	0	9.3924
2000	10	21	0	0	9.5544
2000	10	22	0	0	6.1164
2000	10	23	0	0	10.6416
2000	10	24	0	0	2.3291999999999997
2000	10	25	0	0	9.7848
2000	10	26	0	0	1.4724
2000	10	27	0	0	3.1644
2000	10	28	0	0	9.6264
2000	10	29	0	0	2.3688
2000	10	30	0	0	7.1712
2000	10	31	0	0	1.4616
2000	11	1	0	0	8.676
2000	11	2	0	0	7.779599999999999
2000	11	3	0	0	4.4064
2000	11	4	0	0	4.896
2000	11	5	0	0	9.3132
2000	11	6	0	0	2.898
2000	11	7	0	0	6.7032
2000	11	8	0	0	5.9256
2000	11	9	0	0	5.6735999999999995
2000	11	10	0	0	3.5244
2000	11	11	0	0	8.352
2000	11	12	0	0	6.739199999999999
2000	11	13	0	0	6.271199999999999
2000	11	14	0	0	1.1304
2000	11	15	0	0	3.762
2000	11	16	0	0	3.69
2000	11	17	0	0	0.8244
2000	11	18	0	0	8.3052
2000	11	19	0	0	7.074
2000	11	20	0	0	1.3896
2000	11	21	0	0	3.7332
2000	11	22	0	0	3.4452
2000	11	23	0	0	2.5236
2000	11	24	0	0	1.4507999999999999
2000	11	25	0	0	1.8648
2000	11	26	0	0	1.8359999999999999
2000	11	27	0	0	4.32
2000	11	28	0	0	4.4496
2000	11	29	0	0	4.986
2000	11	30	0	0	5.976
2000	12	1	0	0	5.8788
2000	12	2	0	0	3.2399999999999998
2000	12	3	0	0	1.5768
2000	12	4	0	0	3.4092
2000	12	5	0	0	5.688
2000	12	6	0	0	3.0276
2000	12	7	0	0	3.1608
2000	12	8	0	0	2.8224
2000	12	9	0	0	3.0528
2000	12	10	0	0	2.0376
2000	12	11	0	0	5.5224
2000	12	12	0	0	3.2723999999999998
2000	12	13	0	0	3.7908
2000	12	14	0	0	1.9944
2000	12	15	0	0	1.4327999999999999
2000	12	16	0	0	1.1628
2000	12	17	0	0	2.0196
2000	12	18	0	0	4.248
2000	12	19	0	0	2.3076
2000	12	20	0	0	0.7488
2000	12	21	0	0	1.0872
2000	12	22	0	0	1.6776
2000	12	23	0	0	6.1992
2000	12	24	0	0	5.1264
2000	12	25	0	0	2.7396
2000	12	26	0	0	5.5043999999999995
2000	12	27	0	0	5.418
2000	12	28	0	0	1.1124
2000	12	29	0	0	1.3788
2000	12	30	0	0	3.0312
2000	12	31	0	0	5.2307999999999995
2001	1	1	0	0	2.862
2001	1	2	0	0	0.9828
2001	1	3	0	0	2.7936
2001	1	4	0	0	1.3032
2001	1	5	0	0	0.9288
2001	1	6	0	0	0.9288
2001	1	7	0	0	0.648
2001	1	8	0	0	1.0692
2001	1	9	0	0	7.0524
2001	1	10	0	0	2.0844
2001	1	11	0	0	1.8828
2001	1	12	0	0	0.9756
2001	1	13	0	0	0.9179999999999999
2001	1	14	0	0	2.2068
2001	1	15	0	0	3.078
2001	1	16	0	0	6.472799999999999
2001	1	17	0	0	7.2828
2001	1	18	0	0	3.7332
2001	1	19	0	0	4.7484
2001	1	20	0	0	3.3768
2001	1	21	0	0	6.498
2001	1	22	0	0	6.678
2001	1	23	0	0	4.14
2001	1	24	0	0	2.2572
2001	1	25	0	0	6.1272
2001	1	26	0	0	5.9112
2001	1	27	0	0	2.8404
2001	1	28	0	0	7.5024
2001	1	29	0	0	6.8004
2001	1	30	0	0	3.5496
2001	1	31	0	0	6.9552
2001	2	1	0	0	3.7548
2001	2	2	0	0	5.5476
2001	2	3	0	0	1.7711999999999999
2001	2	4	0	0	6.0084
2001	2	5	0	0	4.5287999999999995
2001	2	6	0	0	8.2332
2001	2	7	0	0	7.0596
2001	2	8	0	0	4.1796
2001	2	9	0	0	3.1608
2001	2	10	0	0	10.0908
2001	2	11	0	0	10.4184
2001	2	12	0	0	8.4564
2001	2	13	0	0	4.9356
2001	2	14	0	0	2.412
2001	2	15	0	0	5.688
2001	2	16	0	0	10.9332
2001	2	17	0	0	3.3444
2001	2	18	0	0	2.4444
2001	2	19	0	0	8.3376
2001	2	20	0	0	2.6784
2001	2	21	0	0	7.7508
2001	2	22	0	0	1.0044
2001	2	23	0	0	1.9223999999999999
2001	2	24	0	0	5.4108
2001	2	25	0	0	5.2307999999999995
2001	2	26	0	0	11.8512
2001	2	27	0	0	11.7936
2001	2	28	0	0	9.3132
2001	3	1	0	0	9.2016
2001	3	2	0	0	9.6588
2001	3	3	0	0	2.0052
2001	3	4	0	0	2.5632
2001	3	5	0	0	8.442
2001	3	6	0	0	6.2244
2001	3	7	0	0	4.2588
2001	3	8	0	0	6.6815999999999995
2001	3	9	0	0	8.1648
2001	3	10	0	0	4.9716
2001	3	11	0	0	6.444
2001	3	12	0	0	7.6895999999999995
2001	3	13	0	0	8.3916
2001	3	14	0	0	4.752
2001	3	15	0	0	6.569999999999999
2001	3	16	0	0	16.4592
2001	3	17	0	0	3.7152
2001	3	18	0	0	11.3868
2001	3	19	0	0	2.214
2001	3	20	0	0	5.1011999999999995
2001	3	21	0	0	2.5524
2001	3	22	0	0	4.5468
2001	3	23	0	0	11.7936
2001	3	24	0	0	7.1136
2001	3	25	0	0	10.9728
2001	3	26	0	0	5.9544
2001	3	27	0	0	5.1156
2001	3	28	0	0	13.4748
2001	3	29	0	0	5.0291999999999994
2001	3	30	0	0	4.2048
2001	3	31	0	0	19.051199999999998
2001	4	1	0	0	21.0276
2001	4	2	0	0	19.3284
2001	4	3	0	0	15.8256
2001	4	4	0	0	11.4912
2001	4	5	0	0	18.1224
2001	4	6	0	0	16.4844
2001	4	7	0	0	3.5387999999999997
2001	4	8	0	0	8.1576
2001	4	9	0	0	8.2944
2001	4	10	0	0	4.3128
2001	4	11	0	0	9.6264
2001	4	12	0	0	6.444
2001	4	13	0	0	8.3268
2001	4	14	0	0	15.7572
2001	4	15	0	0	5.061599999999999
2001	4	16	0	0	7.876799999999999
2001	4	17	0	0	13.8132
2001	4	18	0	0	10.5048
2001	4	19	0	0	10.0404
2001	4	20	0	0	8.172
2001	4	21	0	0	5.814
2001	4	22	0	0	11.5056
2001	4	23	0	0	23.5548
2001	4	24	0	0	20.7972
2001	4	25	0	0	9.594
2001	4	26	0	0	19.8792
2001	4	27	0	0	19.299599999999998
2001	4	28	0	0	16.434
2001	4	29	0	0	21.4884
2001	4	30	0	0	15.948
2001	5	1	0	0	15.984
2001	5	2	0	0	24.994799999999998
2001	5	3	0	0	18.334799999999998
2001	5	4	0	0	13.6404
2001	5	5	0	0	5.274
2001	5	6	0	0	3.3695999999999997
2001	5	7	0	0	3.5568
2001	5	8	0	0	5.3532
2001	5	9	0	0	11.6388
2001	5	10	0	0	24.12
2001	5	11	0	0	27.0036
2001	5	12	0	0	26.6544
2001	5	13	0	0	26.4564
2001	5	14	0	0	14.857199999999999
2001	5	15	0	0	11.9556
2001	5	16	0	0	21.977999999999998
2001	5	17	0	0	8.1936
2001	5	18	0	0	12.8268
2001	5	19	0	0	28.1232
2001	5	20	0	0	25.3116
2001	5	21	0	0	22.8132
2001	5	22	0	0	15.1596
2001	5	23	0	0	22.8276
2001	5	24	0	0	15.818399999999999
2001	5	25	0	0	17.964
2001	5	26	0	0	23.4576
2001	5	27	0	0	25.6608
2001	5	28	0	0	26.2332
2001	5	29	0	0	27.4032
2001	5	30	0	0	27.673199999999998
2001	5	31	0	0	12.1212
2001	6	1	0	0	16.722
2001	6	2	0	0	9.0792
2001	6	3	0	0	15.174
2001	6	4	0	0	28.4724
2001	6	5	0	0	28.6452
2001	6	6	0	0	14.3352
2001	6	7	0	0	25.6248
2001	6	8	0	0	7.6788
2001	6	9	0	0	5.6015999999999995
2001	6	10	0	0	4.8132
2001	6	11	0	0	22.248
2001	6	12	0	0	30.142799999999998
2001	6	13	0	0	21.092399999999998
2001	6	14	0	0	26.089199999999998
2001	6	15	0	0	25.2
2001	6	16	0	0	10.9584
2001	6	17	0	0	18.4608
2001	6	18	0	0	10.7172
2001	6	19	0	0	12.1212
2001	6	20	0	0	28.987199999999998
2001	6	21	0	0	29.336399999999998
2001	6	22	0	0	22.2948
2001	6	23	0	0	29.4516
2001	6	24	0	0	28.8432
2001	6	25	0	0	29.1744
2001	6	26	0	0	29.1492
2001	6	27	0	0	20.394
2001	6	28	0	0	9.9072
2001	6	29	0	0	27.2196
2001	6	30	0	0	23.976
2001	7	1	0	0	18.075599999999998
2001	7	2	0	0	28.936799999999998
2001	7	3	0	0	29.0808
2001	7	4	0	0	26.3232
2001	7	5	0	0	23.7528
2001	7	6	0	0	25.671599999999998
2001	7	7	0	0	6.6636
2001	7	8	0	0	19.4076
2001	7	9	0	0	20.6064
2001	7	10	0	0	26.0712
2001	7	11	0	0	4.0644
2001	7	12	0	0	24.9516
2001	7	13	0	0	11.8908
2001	7	14	0	0	18.6408
2001	7	15	0	0	5.1084
2001	7	16	0	0	7.2936
2001	7	17	0	0	18.8604
2001	7	18	0	0	10.8828
2001	7	19	0	0	10.1988
2001	7	20	0	0	8.459999999999999
2001	7	21	0	0	27.7092
2001	7	22	0	0	27.961199999999998
2001	7	23	0	0	26.7012
2001	7	24	0	0	19.8216
2001	7	25	0	0	26.6724
2001	7	26	0	0	26.496
2001	7	27	0	0	25.3152
2001	7	28	0	0	23.263199999999998
2001	7	29	0	0	22.525199999999998
2001	7	30	0	0	24.4692
2001	7	31	0	0	25.2684
2001	8	1	0	0	25.0596
2001	8	2	0	0	22.8168
2001	8	3	0	0	7.9128
2001	8	4	0	0	11.1096
2001	8	5	0	0	19.4868
2001	8	6	0	0	14.562
2001	8	7	0	0	21.6288
2001	8	8	0	0	11.3904
2001	8	9	0	0	9.6588
2001	8	10	0	0	11.5092
2001	8	11	0	0	18.378
2001	8	12	0	0	25.372799999999998
2001	8	13	0	0	24.238799999999998
2001	8	14	0	0	24.2856
2001	8	15	0	0	24.2568
2001	8	16	0	0	18.378
2001	8	17	0	0	11.25
2001	8	18	0	0	21.7008
2001	8	19	0	0	18.7704
2001	8	20	0	0	11.07
2001	8	21	0	0	18.3672
2001	8	22	0	0	22.5972
2001	8	23	0	0	22.5504
2001	8	24	0	0	21.6108
2001	8	25	0	0	21.96
2001	8	26	0	0	21.5784
2001	8	27	0	0	19.479599999999998
2001	8	28	0	0	9.525599999999999
2001	8	29	0	0	18.9288
2001	8	30	0	0	6.8868
2001	8	31	0	0	4.4172
2001	9	1	0	0	7.3152
2001	9	2	0	0	15.782399999999999
2001	9	3	0	0	21.3084
2001	9	4	0	0	6.6672
2001	9	5	0	0	9.968399999999999
2001	9	6	0	0	11.7468
2001	9	7	0	0	8.568
2001	9	8	0	0	3.0852
2001	9	9	0	0	15.3468
2001	9	10	0	0	10.072799999999999
2001	9	11	0	0	9.342
2001	9	12	0	0	10.0908
2001	9	13	0	0	12.4596
2001	9	14	0	0	5.9688
2001	9	15	0	0	10.53
2001	9	16	0	0	5.7096
2001	9	17	0	0	5.796
2001	9	18	0	0	15.174
2001	9	19	0	0	13.0788
2001	9	20	0	0	7.4916
2001	9	21	0	0	6.5484
2001	9	22	0	0	2.0124
2001	9	23	0	0	2.4983999999999997
2001	9	24	0	0	3.4632
2001	9	25	0	0	3.3011999999999997
2001	9	26	0	0	13.348799999999999
2001	9	27	0	0	12.7872
2001	9	28	0	0	15.793199999999999
2001	9	29	0	0	8.783999999999999
2001	9	30	0	0	7.1388
2001	10	1	0	0	10.0044
2001	10	2	0	0	15.2964
2001	10	3	0	0	10.1952
2001	10	4	0	0	6.1452
2001	10	5	0	0	10.3752
2001	10	6	0	0	12.6612
2001	10	7	0	0	2.7936
2001	10	8	0	0	7.037999999999999
2001	10	9	0	0	5.8176
2001	10	10	0	0	9.0072
2001	10	11	0	0	11.4588
2001	10	12	0	0	12.8088
2001	10	13	0	0	12.6612
2001	10	14	0	0	12.1032
2001	10	15	0	0	11.7036
2001	10	16	0	0	9.6444
2001	10	17	0	0	9.7272
2001	10	18	0	0	11.4264
2001	10	19	0	0	11.0592
2001	10	20	0	0	9.0144
2001	10	21	0	0	3.4272
2001	10	22	0	0	11.1024
2001	10	23	0	0	5.6484
2001	10	24	0	0	5.0076
2001	10	25	0	0	3.7043999999999997
2001	10	26	0	0	10.3284
2001	10	27	0	0	8.4888
2001	10	28	0	0	8.4708
2001	10	29	0	0	8.758799999999999
2001	10	30	0	0	8.4492
2001	10	31	0	0	9.18
2001	11	1	0	0	9.18
2001	11	2	0	0	9.108
2001	11	3	0	0	8.0388
2001	11	4	0	0	9.2556
2001	11	5	0	0	2.0052
2001	11	6	0	0	4.554
2001	11	7	0	0	1.8504
2001	11	8	0	0	2.7792
2001	11	9	0	0	2.4768
2001	11	10	0	0	3.4308
2001	11	11	0	0	1.6847999999999999
2001	11	12	0	0	1.818
2001	11	13	0	0	1.5552
2001	11	14	0	0	1.8539999999999999
2001	11	15	0	0	2.4299999999999997
2001	11	16	0	0	2.6712
2001	11	17	0	0	1.512
2001	11	18	0	0	7.1604
2001	11	19	0	0	1.1376
2001	11	20	0	0	3.4055999999999997
2001	11	21	0	0	1.6668
2001	11	22	0	0	6.0767999999999995
2001	11	23	0	0	2.9232
2001	11	24	0	0	2.6315999999999997
2001	11	25	0	0	1.98
2001	11	26	0	0	1.2276
2001	11	27	0	0	1.458
2001	11	28	0	0	1.6847999999999999
2001	11	29	0	0	6.066
2001	11	30	0	0	1.8576
2001	12	1	0	0	1.9296
2001	12	2	0	0	1.5839999999999999
2001	12	3	0	0	1.6847999999999999
2001	12	4	0	0	1.6884
2001	12	5	0	0	1.2167999999999999
2001	12	6	0	0	1.4616
2001	12	7	0	0	1.0512
2001	12	8	0	0	1.3104
2001	12	9	0	0	1.5264
2001	12	10	0	0	1.2708
2001	12	11	0	0	3.9024
2001	12	12	0	0	0.6516
2001	12	13	0	0	1.4868
2001	12	14	0	0	4.14
2001	12	15	0	0	3.564
2001	12	16	0	0	4.0176
2001	12	17	0	0	6.3107999999999995
2001	12	18	0	0	6.3648
2001	12	19	0	0	1.6632
2001	12	20	0	0	1.7424
2001	12	21	0	0	5.346
2001	12	22	0	0	1.2384
2001	12	23	0	0	2.9196
2001	12	24	0	0	5.5944
2001	12	25	0	0	4.8564
2001	12	26	0	0	1.6596
2001	12	27	0	0	5.5908
2001	12	28	0	0	2.6172
2001	12	29	0	0	0.8136
2001	12	30	0	0	4.3308
2001	12	31	0	0	3.0852
2002	1	1	0	0	7.74
2002	1	2	0	0	7.6536
2002	1	3	0	0	5.7492
2002	1	4	0	0	3.7584
2002	1	5	0	0	7.6284
2002	1	6	0	0	7.596
2002	1	7	0	0	2.2428
2002	1	8	0	0	5.688
2002	1	9	0	0	6.4944
2002	1	10	0	0	8.0856
2002	1	11	0	0	6.3828
2002	1	12	0	0	3.0204
2002	1	13	0	0	6.2459999999999996
2002	1	14	0	0	1.674
2002	1	15	0	0	4.8708
2002	1	16	0	0	4.086
2002	1	17	0	0	1.9944
2002	1	18	0	0	6.0912
2002	1	19	0	0	3.7476
2002	1	20	0	0	5.652
2002	1	21	0	0	5.6124
2002	1	22	0	0	5.497199999999999
2002	1	23	0	0	4.2264
2002	1	24	0	0	2.5991999999999997
2002	1	25	0	0	4.3595999999999995
2002	1	26	0	0	7.5348
2002	1	27	0	0	1.548
2002	1	28	0	0	4.7844
2002	1	29	0	0	5.2236
2002	1	30	0	0	8.0532
2002	1	31	0	0	6.9803999999999995
2002	2	1	0	0	6.4403999999999995
2002	2	2	0	0	8.3988
2002	2	3	0	0	8.856
2002	2	4	0	0	6.739199999999999
2002	2	5	0	0	4.5
2002	2	6	0	0	1.3175999999999999
2002	2	7	0	0	2.1024
2002	2	8	0	0	2.1276
2002	2	9	0	0	5.382
2002	2	10	0	0	3.6648
2002	2	11	0	0	4.9824
2002	2	12	0	0	8.0028
2002	2	13	0	0	6.771599999999999
2002	2	14	0	0	0.7056
2002	2	15	0	0	1.5948
2002	2	16	0	0	3.0204
2002	2	17	0	0	6.8256
2002	2	18	0	0	10.4184
2002	2	19	0	0	5.6916
2002	2	20	0	0	2.3076
2002	2	21	0	0	3.1248
2002	2	22	0	0	5.9508
2002	2	23	0	0	3.1932
2002	2	24	0	0	6.6708
2002	2	25	0	0	4.9967999999999995
2002	2	26	0	0	6.1164
2002	2	27	0	0	1.7531999999999999
2002	2	28	0	0	7.47
2002	3	1	0	0	7.8228
2002	3	2	0	0	5.346
2002	3	3	0	0	3.8592
2002	3	4	0	0	14.687999999999999
2002	3	5	0	0	10.6776
2002	3	6	0	0	11.1744
2002	3	7	0	0	11.1996
2002	3	8	0	0	14.436
2002	3	9	0	0	12.042
2002	3	10	0	0	14.453999999999999
2002	3	11	0	0	15.4584
2002	3	12	0	0	12.5712
2002	3	13	0	0	15.573599999999999
2002	3	14	0	0	7.4196
2002	3	15	0	0	14.4396
2002	3	16	0	0	14.724
2002	3	17	0	0	15.4116
2002	3	18	0	0	15.818399999999999
2002	3	19	0	0	1.7748
2002	3	20	0	0	7.3656
2002	3	21	0	0	10.292399999999999
2002	3	22	0	0	4.9319999999999995
2002	3	23	0	0	7.5276
2002	3	24	0	0	7.1064
2002	3	25	0	0	9.9864
2002	3	26	0	0	18.4464
2002	3	27	0	0	10.461599999999999
2002	3	28	0	0	19.152
2002	3	29	0	0	20.3544
2002	3	30	0	0	10.760399999999999
2002	3	31	0	0	19.4364
2002	4	1	0	0	17.3268
2002	4	2	0	0	20.2068
2002	4	3	0	0	19.609199999999998
2002	4	4	0	0	20.0952
2002	4	5	0	0	19.3248
2002	4	6	0	0	21.0456
2002	4	7	0	0	16.0272
2002	4	8	0	0	5.0256
2002	4	9	0	0	17.8776
2002	4	10	0	0	18.1764
2002	4	11	0	0	10.8108
2002	4	12	0	0	10.8144
2002	4	13	0	0	1.8828
2002	4	14	0	0	6.1776
2002	4	15	0	0	13.878
2002	4	16	0	0	14.3424
2002	4	17	0	0	10.6344
2002	4	18	0	0	18.0684
2002	4	19	0	0	11.9484
2002	4	20	0	0	10.9656
2002	4	21	0	0	14.8536
2002	4	22	0	0	18.558
2002	4	23	0	0	22.032
2002	4	24	0	0	3.5027999999999997
2002	4	25	0	0	14.4252
2002	4	26	0	0	14.1192
2002	4	27	0	0	20.6964
2002	4	28	0	0	21.0312
2002	4	29	0	0	7.5168
2002	4	30	0	0	25.1388
2002	5	1	0	0	10.8864
2002	5	2	0	0	4.5252
2002	5	3	0	0	3.2687999999999997
2002	5	4	0	0	3.9312
2002	5	5	0	0	7.9848
2002	5	6	0	0	14.7744
2002	5	7	0	0	22.7196
2002	5	8	0	0	13.6044
2002	5	9	0	0	14.7384
2002	5	10	0	0	19.5408
2002	5	11	0	0	11.1204
2002	5	12	0	0	13.5396
2002	5	13	0	0	18.288
2002	5	14	0	0	21.470399999999998
2002	5	15	0	0	27.5004
2002	5	16	0	0	27.4176
2002	5	17	0	0	26.7588
2002	5	18	0	0	14.5152
2002	5	19	0	0	6.5412
2002	5	20	0	0	20.066399999999998
2002	5	21	0	0	27.025199999999998
2002	5	22	0	0	20.43
2002	5	23	0	0	4.4532
2002	5	24	0	0	15.9804
2002	5	25	0	0	7.83
2002	5	26	0	0	22.14
2002	5	27	0	0	3.8556
2002	5	28	0	0	11.844
2002	5	29	0	0	14.3748
2002	5	30	0	0	28.1196
2002	5	31	0	0	27.198
2002	6	1	0	0	28.89
2002	6	2	0	0	28.3572
2002	6	3	0	0	13.0968
2002	6	4	0	0	23.724
2002	6	5	0	0	18.2808
2002	6	6	0	0	17.676
2002	6	7	0	0	7.524
2002	6	8	0	0	12.6792
2002	6	9	0	0	7.1928
2002	6	10	0	0	12.1176
2002	6	11	0	0	24.785999999999998
2002	6	12	0	0	28.206
2002	6	13	0	0	27.6516
2002	6	14	0	0	29.3472
2002	6	15	0	0	24.8832
2002	6	16	0	0	18.7884
2002	6	17	0	0	27.413999999999998
2002	6	18	0	0	27.9648
2002	6	19	0	0	26.874
2002	6	20	0	0	19.548
2002	6	21	0	0	20.883599999999998
2002	6	22	0	0	23.6664
2002	6	23	0	0	27.6012
2002	6	24	0	0	7.5168
2002	6	25	0	0	21.1644
2002	6	26	0	0	26.6652
2002	6	27	0	0	23.8428
2002	6	28	0	0	7.2863999999999995
2002	6	29	0	0	23.7384
2002	6	30	0	0	27.5472
2002	7	1	0	0	25.2864
2002	7	2	0	0	7.0092
2002	7	3	0	0	18.6084
2002	7	4	0	0	17.4852
2002	7	5	0	0	28.5156
2002	7	6	0	0	7.7112
2002	7	7	0	0	20.7612
2002	7	8	0	0	27.971999999999998
2002	7	9	0	0	21.006
2002	7	10	0	0	7.876799999999999
2002	7	11	0	0	23.810399999999998
2002	7	12	0	0	24.12
2002	7	13	0	0	5.093999999999999
2002	7	14	0	0	13.4208
2002	7	15	0	0	6.0084
2002	7	16	0	0	9.738
2002	7	17	0	0	4.374
2002	7	18	0	0	15.66
2002	7	19	0	0	25.513199999999998
2002	7	20	0	0	26.5716
2002	7	21	0	0	13.95
2002	7	22	0	0	23.4972
2002	7	23	0	0	26.945999999999998
2002	7	24	0	0	14.6916
2002	7	25	0	0	9.4644
2002	7	26	0	0	9.903599999999999
2002	7	27	0	0	26.0136
2002	7	28	0	0	21.1644
2002	7	29	0	0	25.2864
2002	7	30	0	0	20.613599999999998
2002	7	31	0	0	16.1532
2002	8	1	0	0	8.9748
2002	8	2	0	0	25.11
2002	8	3	0	0	16.578
2002	8	4	0	0	12.0636
2002	8	5	0	0	18.205199999999998
2002	8	6	0	0	6.0588
2002	8	7	0	0	7.8588
2002	8	8	0	0	16.5204
2002	8	9	0	0	7.1964
2002	8	10	0	0	4.6979999999999995
2002	8	11	0	0	2.2284
2002	8	12	0	0	12.437999999999999
2002	8	13	0	0	12.7008
2002	8	14	0	0	24.5808
2002	8	15	0	0	24.577199999999998
2002	8	16	0	0	23.9256
2002	8	17	0	0	24.048
2002	8	18	0	0	22.316399999999998
2002	8	19	0	0	21.092399999999998
2002	8	20	0	0	13.3668
2002	8	21	0	0	9.414
2002	8	22	0	0	16.8768
2002	8	23	0	0	11.9268
2002	8	24	0	0	16.416
2002	8	25	0	0	14.8896
2002	8	26	0	0	15.786
2002	8	27	0	0	11.566799999999999
2002	8	28	0	0	14.1984
2002	8	29	0	0	16.6896
2002	8	30	0	0	15.8292
2002	8	31	0	0	9.288
2002	9	1	0	0	1.6596
2002	9	2	0	0	2.8655999999999997
2002	9	3	0	0	5.31
2002	9	4	0	0	13.726799999999999
2002	9	5	0	0	18.4824
2002	9	6	0	0	13.687199999999999
2002	9	7	0	0	15.48
2002	9	8	0	0	19.2744
2002	9	9	0	0	12.9132
2002	9	10	0	0	6.462
2002	9	11	0	0	8.315999999999999
2002	9	12	0	0	10.825199999999999
2002	9	13	0	0	15.299999999999999
2002	9	14	0	0	18.756
2002	9	15	0	0	9.7236
2002	9	16	0	0	17.73
2002	9	17	0	0	18.45
2002	9	18	0	0	17.9244
2002	9	19	0	0	3.6216
2002	9	20	0	0	9.7236
2002	9	21	0	0	4.9248
2002	9	22	0	0	4.068
2002	9	23	0	0	3.924
2002	9	24	0	0	1.404
2002	9	25	0	0	4.7232
2002	9	26	0	0	5.4072
2002	9	27	0	0	7.434
2002	9	28	0	0	10.3104
2002	9	29	0	0	13.716
2002	9	30	0	0	15.8292
2002	10	1	0	0	15.93
2002	10	2	0	0	13.23
2002	10	3	0	0	11.8512
2002	10	4	0	0	4.5935999999999995
2002	10	5	0	0	10.123199999999999
2002	10	6	0	0	2.4408
2002	10	7	0	0	9.1584
2002	10	8	0	0	11.3148
2002	10	9	0	0	5.2884
2002	10	10	0	0	2.8367999999999998
2002	10	11	0	0	2.358
2002	10	12	0	0	2.2248
2002	10	13	0	0	11.3652
2002	10	14	0	0	2.0232
2002	10	15	0	0	5.3136
2002	10	16	0	0	12.4452
2002	10	17	0	0	1.6308
2002	10	18	0	0	8.4708
2002	10	19	0	0	4.4963999999999995
2002	10	20	0	0	4.0644
2002	10	21	0	0	3.7692
2002	10	22	0	0	9.6804
2002	10	23	0	0	2.6351999999999998
2002	10	24	0	0	7.0704
2002	10	25	0	0	4.3452
2002	10	26	0	0	9.8712
2002	10	27	0	0	6.3648
2002	10	28	0	0	10.227599999999999
2002	10	29	0	0	9.2052
2002	10	30	0	0	9.126
2002	10	31	0	0	7.272
2002	11	1	0	0	6.9588
2002	11	2	0	0	1.1232
2002	11	3	0	0	1.9152
2002	11	4	0	0	3.4776
2002	11	5	0	0	3.4272
2002	11	6	0	0	8.9352
2002	11	7	0	0	2.0016
2002	11	8	0	0	4.14
2002	11	9	0	0	2.106
2002	11	10	0	0	3.3695999999999997
2002	11	11	0	0	2.1168
2002	11	12	0	0	7.9848
2002	11	13	0	0	6.8256
2002	11	14	0	0	1.7496
2002	11	15	0	0	1.2708
2002	11	16	0	0	2.0268
2002	11	17	0	0	4.446
2002	11	18	0	0	1.566
2002	11	19	0	0	1.9296
2002	11	20	0	0	6.303599999999999
2002	11	21	0	0	2.6244
2002	11	22	0	0	1.4687999999999999
2002	11	23	0	0	6.3288
2002	11	24	0	0	3.1679999999999997
2002	11	25	0	0	3.1752
2002	11	26	0	0	0.9576
2002	11	27	0	0	1.0764
2002	11	28	0	0	2.7288
2002	11	29	0	0	1.026
2002	11	30	0	0	2.0016
2002	12	1	0	0	6.084
2002	12	2	0	0	2.4264
2002	12	3	0	0	1.0548
2002	12	4	0	0	1.2491999999999999
2002	12	5	0	0	0.5652
2002	12	6	0	0	0.2592
2002	12	7	0	0	0.44279999999999997
2002	12	8	0	0	0.5075999999999999
2002	12	9	0	0	0.5364
2002	12	10	0	0	1.3608
2002	12	11	0	0	1.1952
2002	12	12	0	0	3.4344
2002	12	13	0	0	3.2904
2002	12	14	0	0	1.6523999999999999
2002	12	15	0	0	2.1888
2002	12	16	0	0	1.6308
2002	12	17	0	0	1.3644
2002	12	18	0	0	0.4788
2002	12	19	0	0	1.0584
2002	12	20	0	0	4.9572
2002	12	21	0	0	1.8108
2002	12	22	0	0	0.99
2002	12	23	0	0	2.7216
2002	12	24	0	0	1.9764
2002	12	25	0	0	1.9223999999999999
2002	12	26	0	0	2.0052
2002	12	27	0	0	2.3796
2002	12	28	0	0	0.7847999999999999
2002	12	29	0	0	2.6856
2002	12	30	0	0	2.5704
2002	12	31	0	0	2.7612
2003	1	1	0	0	5.1084
2003	1	2	0	0	0.7524
2003	1	3	0	0	4.3308
2003	1	4	0	0	2.0664
2003	1	5	0	0	1.296
2003	1	6	0	0	1.4831999999999999
2003	1	7	0	0	2.5776
2003	1	8	0	0	2.6964
2003	1	9	0	0	1.8756
2003	1	10	0	0	1.6488
2003	1	11	0	0	1.6703999999999999
2003	1	12	0	0	3.4739999999999998
2003	1	13	0	0	3.2796
2003	1	14	0	0	4.716
2003	1	15	0	0	5.742
2003	1	16	0	0	1.17
2003	1	17	0	0	6.0804
2003	1	18	0	0	6.9372
2003	1	19	0	0	7.6968
2003	1	20	0	0	6.4008
2003	1	21	0	0	2.9808
2003	1	22	0	0	5.4936
2003	1	23	0	0	3.6864
2003	1	24	0	0	0.8568
2003	1	25	0	0	1.8215999999999999
2003	1	26	0	0	2.1564
2003	1	27	0	0	1.7496
2003	1	28	0	0	1.8108
2003	1	29	0	0	3.0312
2003	1	30	0	0	2.9232
2003	1	31	0	0	2.5991999999999997
2003	2	1	0	0	7.2143999999999995
2003	2	2	0	0	5.1804
2003	2	3	0	0	2.2104
2003	2	4	0	0	0.9107999999999999
2003	2	5	0	0	1.188
2003	2	6	0	0	2.6532
2003	2	7	0	0	8.334
2003	2	8	0	0	4.2768
2003	2	9	0	0	2.9592
2003	2	10	0	0	6.7572
2003	2	11	0	0	3.3084
2003	2	12	0	0	2.3436
2003	2	13	0	0	4.6476
2003	2	14	0	0	4.5972
2003	2	15	0	0	4.7916
2003	2	16	0	0	3.0636
2003	2	17	0	0	4.0644
2003	2	18	0	0	5.4828
2003	2	19	0	0	6.624
2003	2	20	0	0	13.244399999999999
2003	2	21	0	0	12.7152
2003	2	22	0	0	12.9924
2003	2	23	0	0	13.0572
2003	2	24	0	0	13.9068
2003	2	25	0	0	14.9076
2003	2	26	0	0	12.776399999999999
2003	2	27	0	0	13.543199999999999
2003	2	28	0	0	11.113199999999999
2003	3	1	0	0	11.3652
2003	3	2	0	0	7.8012
2003	3	3	0	0	5.731199999999999
2003	3	4	0	0	14.9184
2003	3	5	0	0	14.1264
2003	3	6	0	0	5.9723999999999995
2003	3	7	0	0	9.4788
2003	3	8	0	0	6.8724
2003	3	9	0	0	10.072799999999999
2003	3	10	0	0	15.832799999999999
2003	3	11	0	0	13.8456
2003	3	12	0	0	4.4136
2003	3	13	0	0	10.1268
2003	3	14	0	0	16.3152
2003	3	15	0	0	15.6276
2003	3	16	0	0	11.7324
2003	3	17	0	0	15.832799999999999
2003	3	18	0	0	17.604
2003	3	19	0	0	16.902
2003	3	20	0	0	17.5104
2003	3	21	0	0	16.794
2003	3	22	0	0	16.5348
2003	3	23	0	0	18.075599999999998
2003	3	24	0	0	17.8524
2003	3	25	0	0	17.3808
2003	3	26	0	0	16.880399999999998
2003	3	27	0	0	15.5628
2003	3	28	0	0	8.9496
2003	3	29	0	0	15.8148
2003	3	30	0	0	14.4504
2003	3	31	0	0	3.8124
2003	4	1	0	0	19.044
2003	4	2	0	0	5.7888
2003	4	3	0	0	5.5296
2003	4	4	0	0	10.3644
2003	4	5	0	0	17.906399999999998
2003	4	6	0	0	7.2612
2003	4	7	0	0	13.244399999999999
2003	4	8	0	0	23.003999999999998
2003	4	9	0	0	10.026
2003	4	10	0	0	4.2408
2003	4	11	0	0	20.9664
2003	4	12	0	0	6.6168
2003	4	13	0	0	23.0292
2003	4	14	0	0	22.482
2003	4	15	0	0	23.1588
2003	4	16	0	0	22.8888
2003	4	17	0	0	22.32
2003	4	18	0	0	23.5548
2003	4	19	0	0	10.278
2003	4	20	0	0	21.8268
2003	4	21	0	0	8.406
2003	4	22	0	0	14.5872
2003	4	23	0	0	21.639599999999998
2003	4	24	0	0	21.4848
2003	4	25	0	0	21.6144
2003	4	26	0	0	12.528
2003	4	27	0	0	17.0244
2003	4	28	0	0	21.0636
2003	4	29	0	0	16.0272
2003	4	30	0	0	9.0396
2003	5	1	0	0	22.9824
2003	5	2	0	0	15.804
2003	5	3	0	0	24.9084
2003	5	4	0	0	26.686799999999998
2003	5	5	0	0	21.7764
2003	5	6	0	0	19.5732
2003	5	7	0	0	23.3784
2003	5	8	0	0	16.488
2003	5	9	0	0	6.75
2003	5	10	0	0	13.438799999999999
2003	5	11	0	0	12.7836
2003	5	12	0	0	12.3444
2003	5	13	0	0	4.716
2003	5	14	0	0	13.248
2003	5	15	0	0	19.1448
2003	5	16	0	0	26.1252
2003	5	17	0	0	11.34
2003	5	18	0	0	17.3448
2003	5	19	0	0	18.025199999999998
2003	5	20	0	0	14.0148
2003	5	21	0	0	11.516399999999999
2003	5	22	0	0	7.6932
2003	5	23	0	0	27.7416
2003	5	24	0	0	25.2468
2003	5	25	0	0	5.4216
2003	5	26	0	0	4.536
2003	5	27	0	0	4.1832
2003	5	28	0	0	5.8716
2003	5	29	0	0	15.4764
2003	5	30	0	0	24.192
2003	5	31	0	0	27.3276
2003	6	1	0	0	24.238799999999998
2003	6	2	0	0	20.7756
2003	6	3	0	0	24.4332
2003	6	4	0	0	26.1324
2003	6	5	0	0	25.282799999999998
2003	6	6	0	0	18.81
2003	6	7	0	0	21.4128
2003	6	8	0	0	20.246399999999998
2003	6	9	0	0	21.4812
2003	6	10	0	0	25.9452
2003	6	11	0	0	25.9236
2003	6	12	0	0	26.2872
2003	6	13	0	0	19.0872
2003	6	14	0	0	24.1668
2003	6	15	0	0	22.6728
2003	6	16	0	0	25.7328
2003	6	17	0	0	21.2436
2003	6	18	0	0	24.372
2003	6	19	0	0	26.7804
2003	6	20	0	0	24.904799999999998
2003	6	21	0	0	28.0368
2003	6	22	0	0	28.897199999999998
2003	6	23	0	0	28.5804
2003	6	24	0	0	28.310399999999998
2003	6	25	0	0	23.0796
2003	6	26	0	0	20.1852
2003	6	27	0	0	23.5224
2003	6	28	0	0	17.5716
2003	6	29	0	0	25.9452
2003	6	30	0	0	22.968
2003	7	1	0	0	5.2596
2003	7	2	0	0	20.16
2003	7	3	0	0	16.884
2003	7	4	0	0	13.388399999999999
2003	7	5	0	0	13.946399999999999
2003	7	6	0	0	26.784
2003	7	7	0	0	24.2208
2003	7	8	0	0	25.128
2003	7	9	0	0	21.7656
2003	7	10	0	0	25.282799999999998
2003	7	11	0	0	26.5932
2003	7	12	0	0	25.5996
2003	7	13	0	0	27.612
2003	7	14	0	0	28.0044
2003	7	15	0	0	26.3736
2003	7	16	0	0	17.0172
2003	7	17	0	0	7.8084
2003	7	18	0	0	24.822
2003	7	19	0	0	26.1648
2003	7	20	0	0	26.4168
2003	7	21	0	0	11.1816
2003	7	22	0	0	25.412399999999998
2003	7	23	0	0	24.2964
2003	7	24	0	0	4.3919999999999995
2003	7	25	0	0	22.0644
2003	7	26	0	0	22.7376
2003	7	27	0	0	16.1316
2003	7	28	0	0	7.128
2003	7	29	0	0	19.836
2003	7	30	0	0	24.5916
2003	7	31	0	0	12.711599999999999
2003	8	1	0	0	25.1496
2003	8	2	0	0	24.3
2003	8	3	0	0	24.9624
2003	8	4	0	0	25.038
2003	8	5	0	0	25.073999999999998
2003	8	6	0	0	21.2976
2003	8	7	0	0	23.669999999999998
2003	8	8	0	0	23.4468
2003	8	9	0	0	20.3832
2003	8	10	0	0	21.546
2003	8	11	0	0	24.1596
2003	8	12	0	0	23.7276
2003	8	13	0	0	24.0156
2003	8	14	0	0	10.3932
2003	8	15	0	0	11.8872
2003	8	16	0	0	19.0548
2003	8	17	0	0	21.2292
2003	8	18	0	0	10.2384
2003	8	19	0	0	22.896
2003	8	20	0	0	19.8216
2003	8	21	0	0	15.7572
2003	8	22	0	0	19.2564
2003	8	23	0	0	22.8528
2003	8	24	0	0	22.096799999999998
2003	8	25	0	0	16.2648
2003	8	26	0	0	20.3544
2003	8	27	0	0	19.609199999999998
2003	8	28	0	0	14.634
2003	8	29	0	0	4.788
2003	8	30	0	0	6.7463999999999995
2003	8	31	0	0	8.5176
2003	9	1	0	0	9.122399999999999
2003	9	2	0	0	16.3476
2003	9	3	0	0	19.727999999999998
2003	9	4	0	0	21.1536
2003	9	5	0	0	17.4672
2003	9	6	0	0	8.8128
2003	9	7	0	0	14.6268
2003	9	8	0	0	8.91
2003	9	9	0	0	4.6044
2003	9	10	0	0	7.8804
2003	9	11	0	0	10.357199999999999
2003	9	12	0	0	12.3012
2003	9	13	0	0	15.767999999999999
2003	9	14	0	0	13.478399999999999
2003	9	15	0	0	14.349599999999999
2003	9	16	0	0	17.647199999999998
2003	9	17	0	0	18.2916
2003	9	18	0	0	18.1116
2003	9	19	0	0	17.0568
2003	9	20	0	0	17.1864
2003	9	21	0	0	17.2332
2003	9	22	0	0	15.6276
2003	9	23	0	0	5.3675999999999995
2003	9	24	0	0	3.6648
2003	9	25	0	0	12.8016
2003	9	26	0	0	16.218
2003	9	27	0	0	14.662799999999999
2003	9	28	0	0	9.7632
2003	9	29	0	0	7.6788
2003	9	30	0	0	11.9124
2003	10	1	0	0	3.2256
2003	10	2	0	0	11.7972
2003	10	3	0	0	5.7096
2003	10	4	0	0	3.0132
2003	10	5	0	0	2.6496
2003	10	6	0	0	10.2996
2003	10	7	0	0	1.9836
2003	10	8	0	0	8.19
2003	10	9	0	0	1.9871999999999999
2003	10	10	0	0	4.9643999999999995
2003	10	11	0	0	9.6336
2003	10	12	0	0	4.9176
2003	10	13	0	0	10.7964
2003	10	14	0	0	2.4156
2003	10	15	0	0	7.7543999999999995
2003	10	16	0	0	6.9228
2003	10	17	0	0	5.900399999999999
2003	10	18	0	0	2.9663999999999997
2003	10	19	0	0	11.984399999999999
2003	10	20	0	0	4.4496
2003	10	21	0	0	2.3256
2003	10	22	0	0	10.1412
2003	10	23	0	0	0.9252
2003	10	24	0	0	2.2104
2003	10	25	0	0	11.5632
2003	10	26	0	0	10.7568
2003	10	27	0	0	7.5851999999999995
2003	10	28	0	0	10.9008
2003	10	29	0	0	4.662
2003	10	30	0	0	3.1715999999999998
2003	10	31	0	0	4.8744
2003	11	1	0	0	3.6108
2003	11	2	0	0	4.608
2003	11	3	0	0	2.0052
2003	11	4	0	0	8.7804
2003	11	5	0	0	9.216
2003	11	6	0	0	8.2836
2003	11	7	0	0	7.9128
2003	11	8	0	0	6.6708
2003	11	9	0	0	8.0352
2003	11	10	0	0	8.1432
2003	11	11	0	0	4.5072
2003	11	12	0	0	5.994
2003	11	13	0	0	1.062
2003	11	14	0	0	4.9536
2003	11	15	0	0	6.7572
2003	11	16	0	0	4.6728
2003	11	17	0	0	2.5848
2003	11	18	0	0	2.592
2003	11	19	0	0	6.9264
2003	11	20	0	0	6.940799999999999
2003	11	21	0	0	5.5944
2003	11	22	0	0	3.6792
2003	11	23	0	0	5.6808
2003	11	24	0	0	2.1635999999999997
2003	11	25	0	0	3.8196
2003	11	26	0	0	3.1212
2003	11	27	0	0	3.2723999999999998
2003	11	28	0	0	1.1628
2003	11	29	0	0	3.2723999999999998
2003	11	30	0	0	2.6784
2003	12	1	0	0	2.916
2003	12	2	0	0	6.6924
2003	12	3	0	0	0.9431999999999999
2003	12	4	0	0	2.1311999999999998
2003	12	5	0	0	5.7096
2003	12	6	0	0	5.202
2003	12	7	0	0	2.664
2003	12	8	0	0	4.9284
2003	12	9	0	0	2.2428
2003	12	10	0	0	5.0328
2003	12	11	0	0	5.6484
2003	12	12	0	0	2.5164
2003	12	13	0	0	3.2184
2003	12	14	0	0	0.9504
2003	12	15	0	0	1.8252
2003	12	16	0	0	3.3552
2003	12	17	0	0	2.3508
2003	12	18	0	0	6.5916
2003	12	19	0	0	1.7244
2003	12	20	0	0	5.3784
2003	12	21	0	0	0.6948
2003	12	22	0	0	1.6992
2003	12	23	0	0	6.156
2003	12	24	0	0	7.6175999999999995
2003	12	25	0	0	5.7996
2003	12	26	0	0	5.2848
2003	12	27	0	0	2.4299999999999997
2003	12	28	0	0	1.6812
2003	12	29	0	0	2.7792
2003	12	30	0	0	0.9648
2003	12	31	0	0	0.7128
2004	1	1	0	0	0.6372
2004	1	2	0	0	0.6732
2004	1	3	0	0	0.5472
2004	1	4	0	0	0.8496
2004	1	5	0	0	0.7163999999999999
2004	1	6	0	0	3.5532
2004	1	7	0	0	2.3508
2004	1	8	0	0	4.5108
2004	1	9	0	0	1.5228
2004	1	10	0	0	4.2588
2004	1	11	0	0	2.0916
2004	1	12	0	0	1.0692
2004	1	13	0	0	0.486
2004	1	14	0	0	4.0392
2004	1	15	0	0	2.1492
2004	1	16	0	0	2.1024
2004	1	17	0	0	2.1456
2004	1	18	0	0	0.6552
2004	1	19	0	0	1.9367999999999999
2004	1	20	0	0	1.4148
2004	1	21	0	0	1.7172
2004	1	22	0	0	3.0528
2004	1	23	0	0	8.64
2004	1	24	0	0	7.4952
2004	1	25	0	0	5.0148
2004	1	26	0	0	1.8072
2004	1	27	0	0	1.8504
2004	1	28	0	0	3.006
2004	1	29	0	0	2.7036
2004	1	30	0	0	9.4644
2004	1	31	0	0	9.18
2004	2	1	0	0	9.3816
2004	2	2	0	0	7.1388
2004	2	3	0	0	8.7516
2004	2	4	0	0	8.0784
2004	2	5	0	0	9.824399999999999
2004	2	6	0	0	9.0288
2004	2	7	0	0	2.4768
2004	2	8	0	0	1.9908
2004	2	9	0	0	9.828
2004	2	10	0	0	10.5084
2004	2	11	0	0	2.8944
2004	2	12	0	0	3.1715999999999998
2004	2	13	0	0	9.2052
2004	2	14	0	0	7.3152
2004	2	15	0	0	6.0408
2004	2	16	0	0	9.4536
2004	2	17	0	0	4.0464
2004	2	18	0	0	5.1696
2004	2	19	0	0	2.4768
2004	2	20	0	0	9.395999999999999
2004	2	21	0	0	4.2299999999999995
2004	2	22	0	0	4.9068
2004	2	23	0	0	3.3984
2004	2	24	0	0	7.5168
2004	2	25	0	0	14.3568
2004	2	26	0	0	6.2532
2004	2	27	0	0	7.4664
2004	2	28	0	0	10.7532
2004	2	29	0	0	8.3628
2004	3	1	0	0	5.7707999999999995
2004	3	2	0	0	7.0847999999999995
2004	3	3	0	0	14.112
2004	3	4	0	0	10.08
2004	3	5	0	0	7.577999999999999
2004	3	6	0	0	5.1264
2004	3	7	0	0	9.3384
2004	3	8	0	0	4.032
2004	3	9	0	0	11.6352
2004	3	10	0	0	13.4352
2004	3	11	0	0	5.4323999999999995
2004	3	12	0	0	11.286
2004	3	13	0	0	10.494
2004	3	14	0	0	10.008
2004	3	15	0	0	15.9336
2004	3	16	0	0	16.2216
2004	3	17	0	0	17.0352
2004	3	18	0	0	16.124399999999998
2004	3	19	0	0	14.194799999999999
2004	3	20	0	0	6.6132
2004	3	21	0	0	7.948799999999999
2004	3	22	0	0	9.2844
2004	3	23	0	0	3.7116
2004	3	24	0	0	3.2148
2004	3	25	0	0	7.4052
2004	3	26	0	0	4.338
2004	3	27	0	0	12.6108
2004	3	28	0	0	20.0232
2004	3	29	0	0	20.8512
2004	3	30	0	0	19.9512
2004	3	31	0	0	19.9296
2004	4	1	0	0	20.3328
2004	4	2	0	0	18.7452
2004	4	3	0	0	6.8831999999999995
2004	4	4	0	0	8.4384
2004	4	5	0	0	8.783999999999999
2004	4	6	0	0	4.2299999999999995
2004	4	7	0	0	9.928799999999999
2004	4	8	0	0	15.937199999999999
2004	4	9	0	0	10.0512
2004	4	10	0	0	3.4019999999999997
2004	4	11	0	0	8.5644
2004	4	12	0	0	8.73
2004	4	13	0	0	8.2152
2004	4	14	0	0	14.4324
2004	4	15	0	0	17.3196
2004	4	16	0	0	22.9068
2004	4	17	0	0	15.7572
2004	4	18	0	0	11.476799999999999
2004	4	19	0	0	6.3576
2004	4	20	0	0	20.52
2004	4	21	0	0	23.3604
2004	4	22	0	0	23.0976
2004	4	23	0	0	13.572
2004	4	24	0	0	12.69
2004	4	25	0	0	16.9452
2004	4	26	0	0	23.328
2004	4	27	0	0	17.5356
2004	4	28	0	0	20.7576
2004	4	29	0	0	23.166
2004	4	30	0	0	10.0692
2004	5	1	0	0	9.8748
2004	5	2	0	0	12.0204
2004	5	3	0	0	19.6056
2004	5	4	0	0	13.3128
2004	5	5	0	0	5.3136
2004	5	6	0	0	7.037999999999999
2004	5	7	0	0	16.488
2004	5	8	0	0	12.5604
2004	5	9	0	0	5.6556
2004	5	10	0	0	13.734
2004	5	11	0	0	16.6752
2004	5	12	0	0	24.2712
2004	5	13	0	0	4.968
2004	5	14	0	0	18.1404
2004	5	15	0	0	25.6392
2004	5	16	0	0	13.644
2004	5	17	0	0	27.9396
2004	5	18	0	0	27.1764
2004	5	19	0	0	28.1664
2004	5	20	0	0	27.8172
2004	5	21	0	0	6.6204
2004	5	22	0	0	5.6844
2004	5	23	0	0	22.3884
2004	5	24	0	0	28.7352
2004	5	25	0	0	28.7424
2004	5	26	0	0	26.7984
2004	5	27	0	0	9.3924
2004	5	28	0	0	20.872799999999998
2004	5	29	0	0	28.9008
2004	5	30	0	0	26.697599999999998
2004	5	31	0	0	7.7652
2004	6	1	0	0	8.1252
2004	6	2	0	0	16.293599999999998
2004	6	3	0	0	2.448
2004	6	4	0	0	13.9572
2004	6	5	0	0	8.3592
2004	6	6	0	0	24.4512
2004	6	7	0	0	28.648799999999998
2004	6	8	0	0	25.4088
2004	6	9	0	0	28.5012
2004	6	10	0	0	26.7336
2004	6	11	0	0	9.54
2004	6	12	0	0	13.2264
2004	6	13	0	0	11.671199999999999
2004	6	14	0	0	23.5476
2004	6	15	0	0	13.935599999999999
2004	6	16	0	0	8.1324
2004	6	17	0	0	27.7056
2004	6	18	0	0	16.7292
2004	6	19	0	0	9.3708
2004	6	20	0	0	18.954
2004	6	21	0	0	26.3808
2004	6	22	0	0	13.9644
2004	6	23	0	0	12.6504
2004	6	24	0	0	20.358
2004	6	25	0	0	17.5788
2004	6	26	0	0	27.413999999999998
2004	6	27	0	0	17.1288
2004	6	28	0	0	12.798
2004	6	29	0	0	26.6832
2004	6	30	0	0	28.746
2004	7	1	0	0	8.1648
2004	7	2	0	0	14.148
2004	7	3	0	0	18.8676
2004	7	4	0	0	28.386
2004	7	5	0	0	16.1964
2004	7	6	0	0	5.2128
2004	7	7	0	0	12.3192
2004	7	8	0	0	13.0608
2004	7	9	0	0	17.964
2004	7	10	0	0	15.9516
2004	7	11	0	0	16.4304
2004	7	12	0	0	14.2308
2004	7	13	0	0	9.1008
2004	7	14	0	0	22.3092
2004	7	15	0	0	17.3196
2004	7	16	0	0	26.009999999999998
2004	7	17	0	0	23.6772
2004	7	18	0	0	22.366799999999998
2004	7	19	0	0	18.2952
2004	7	20	0	0	15.7176
2004	7	21	0	0	20.7792
2004	7	22	0	0	24.9336
2004	7	23	0	0	16.8948
2004	7	24	0	0	5.0508
2004	7	25	0	0	19.907999999999998
2004	7	26	0	0	12.268799999999999
2004	7	27	0	0	20.9988
2004	7	28	0	0	26.5212
2004	7	29	0	0	26.4132
2004	7	30	0	0	24.6348
2004	7	31	0	0	22.0248
2004	8	1	0	0	25.1388
2004	8	2	0	0	24.8112
2004	8	3	0	0	21.560399999999998
2004	8	4	0	0	19.987199999999998
2004	8	5	0	0	19.0188
2004	8	6	0	0	18.9144
2004	8	7	0	0	14.1876
2004	8	8	0	0	21.9996
2004	8	9	0	0	15.3072
2004	8	10	0	0	17.892
2004	8	11	0	0	12.51
2004	8	12	0	0	17.647199999999998
2004	8	13	0	0	15.408
2004	8	14	0	0	6.2352
2004	8	15	0	0	22.482
2004	8	16	0	0	15.728399999999999
2004	8	17	0	0	10.89
2004	8	18	0	0	23.0364
2004	8	19	0	0	9.2772
2004	8	20	0	0	10.540799999999999
2004	8	21	0	0	12.0456
2004	8	22	0	0	16.4736
2004	8	23	0	0	20.43
2004	8	24	0	0	6.2424
2004	8	25	0	0	14.1192
2004	8	26	0	0	6.5304
2004	8	27	0	0	20.268
2004	8	28	0	0	21.898799999999998
2004	8	29	0	0	14.752799999999999
2004	8	30	0	0	11.304
2004	8	31	0	0	11.142
2004	9	1	0	0	19.4832
2004	9	2	0	0	20.7288
2004	9	3	0	0	19.044
2004	9	4	0	0	16.722
2004	9	5	0	0	20.5056
2004	9	6	0	0	19.3752
2004	9	7	0	0	19.2636
2004	9	8	0	0	18.864
2004	9	9	0	0	19.6704
2004	9	10	0	0	17.5068
2004	9	11	0	0	17.099999999999998
2004	9	12	0	0	5.9544
2004	9	13	0	0	18.2808
2004	9	14	0	0	6.0047999999999995
2004	9	15	0	0	4.0032
2004	9	16	0	0	9.4464
2004	9	17	0	0	10.3608
2004	9	18	0	0	17.906399999999998
2004	9	19	0	0	11.808
2004	9	20	0	0	8.4384
2004	9	21	0	0	6.7572
2004	9	22	0	0	6.0588
2004	9	23	0	0	6.8688
2004	9	24	0	0	6.588
2004	9	25	0	0	3.2112
2004	9	26	0	0	3.8988
2004	9	27	0	0	7.452
2004	9	28	0	0	8.2368
2004	9	29	0	0	5.5908
2004	9	30	0	0	6.803999999999999
2004	10	1	0	0	10.396799999999999
2004	10	2	0	0	7.0668
2004	10	3	0	0	13.6548
2004	10	4	0	0	11.6172
2004	10	5	0	0	13.7016
2004	10	6	0	0	6.9552
2004	10	7	0	0	7.311599999999999
2004	10	8	0	0	9.9
2004	10	9	0	0	2.376
2004	10	10	0	0	1.5084
2004	10	11	0	0	2.3148
2004	10	12	0	0	2.8152
2004	10	13	0	0	4.5252
2004	10	14	0	0	9.082799999999999
2004	10	15	0	0	6.2748
2004	10	16	0	0	7.207199999999999
2004	10	17	0	0	6.602399999999999
2004	10	18	0	0	7.6716
2004	10	19	0	0	2.1564
2004	10	20	0	0	5.526
2004	10	21	0	0	4.7772
2004	10	22	0	0	10.2348
2004	10	23	0	0	10.0548
2004	10	24	0	0	10.674
2004	10	25	0	0	7.0488
2004	10	26	0	0	1.2167999999999999
2004	10	27	0	0	1.4904
2004	10	28	0	0	4.2876
2004	10	29	0	0	5.2416
2004	10	30	0	0	7.0668
2004	10	31	0	0	1.962
2004	11	1	0	0	1.332
2004	11	2	0	0	1.5011999999999999
2004	11	3	0	0	5.0004
2004	11	4	0	0	4.3919999999999995
2004	11	5	0	0	1.1556
2004	11	6	0	0	2.556
2004	11	7	0	0	1.746
2004	11	8	0	0	4.3668
2004	11	9	0	0	2.2608
2004	11	10	0	0	5.1011999999999995
2004	11	11	0	0	2.0987999999999998
2004	11	12	0	0	2.6315999999999997
2004	11	13	0	0	3.456
2004	11	14	0	0	2.0303999999999998
2004	11	15	0	0	3.726
2004	11	16	0	0	7.2756
2004	11	17	0	0	3.1968
2004	11	18	0	0	3.4128
2004	11	19	0	0	2.7072
2004	11	20	0	0	2.5776
2004	11	21	0	0	5.8104
2004	11	22	0	0	3.7872
2004	11	23	0	0	1.5839999999999999
2004	11	24	0	0	2.826
2004	11	25	0	0	3.8232
2004	11	26	0	0	4.662
2004	11	27	0	0	2.844
2004	11	28	0	0	4.3632
2004	11	29	0	0	1.7928
2004	11	30	0	0	0.8748
2004	12	1	0	0	1.8504
2004	12	2	0	0	5.0291999999999994
2004	12	3	0	0	3.0312
2004	12	4	0	0	1.3499999999999999
2004	12	5	0	0	0.6768
2004	12	6	0	0	1.7892
2004	12	7	0	0	1.7928
2004	12	8	0	0	0.9935999999999999
2004	12	9	0	0	1.1628
2004	12	10	0	0	3.8808
2004	12	11	0	0	4.1004
2004	12	12	0	0	5.76
2004	12	13	0	0	5.5152
2004	12	14	0	0	5.3604
2004	12	15	0	0	4.6836
2004	12	16	0	0	4.752
2004	12	17	0	0	2.3291999999999997
2004	12	18	0	0	1.566
2004	12	19	0	0	1.1268
2004	12	20	0	0	1.0332
2004	12	21	0	0	1.2312
2004	12	22	0	0	3.3624
2004	12	23	0	0	2.9088
2004	12	24	0	0	3.0168
2004	12	25	0	0	4.4676
2004	12	26	0	0	0.44279999999999997
2004	12	27	0	0	0.7667999999999999
2004	12	28	0	0	1.746
2004	12	29	0	0	2.3256
2004	12	30	0	0	4.4028
2004	12	31	0	0	5.3604
2005	1	1	0	0	3.9160799999999996
2005	1	2	0	0	1.08972
2005	1	3	0	0	3.501
2005	1	4	0	0	5.441039999999999
2005	1	5	0	0	5.41044
2005	1	6	0	0	2.06568
2005	1	7	0	0	5.31
2005	1	8	0	0	5.960519999999999
2005	1	9	0	0	1.5984
2005	1	10	0	0	5.9166
2005	1	11	0	0	5.860080000000001
2005	1	12	0	0	6.3738
2005	1	13	0	0	3.10896
2005	1	14	0	0	6.437880000000001
2005	1	15	0	0	7.048080000000001
2005	1	16	0	0	7.1928
2005	1	17	0	0	6.88284
2005	1	18	0	0	1.73376
2005	1	19	0	0	3.35196
2005	1	20	0	0	1.4929199999999998
2005	1	21	0	0	0.85032
2005	1	22	0	0	4.26168
2005	1	23	0	0	2.5272
2005	1	24	0	0	3.8502
2005	1	25	0	0	2.6136
2005	1	26	0	0	1.7035199999999997
2005	1	27	0	0	3.3533999999999997
2005	1	28	0	0	4.761
2005	1	29	0	0	3.3724800000000004
2005	1	30	0	0	9.713519999999999
2005	1	31	0	0	4.137840000000001
2005	2	1	0	0	3.5348400000000004
2005	2	2	0	0	2.0926799999999997
2005	2	3	0	0	6.06384
2005	2	4	0	0	4.55688
2005	2	5	0	0	8.796959999999999
2005	2	6	0	0	7.657559999999999
2005	2	7	0	0	10.391039999999998
2005	2	8	0	0	9.31176
2005	2	9	0	0	9.402119999999998
2005	2	10	0	0	7.109999999999999
2005	2	11	0	0	3.0902399999999997
2005	2	12	0	0	2.9239200000000003
2005	2	13	0	0	2.5531200000000003
2005	2	14	0	0	4.47408
2005	2	15	0	0	3.7191599999999996
2005	2	16	0	0	3.456
2005	2	17	0	0	5.5026
2005	2	18	0	0	6.228
2005	2	19	0	0	6.1739999999999995
2005	2	20	0	0	4.95468
2005	2	21	0	0	2.01852
2005	2	22	0	0	4.48848
2005	2	23	0	0	6.57396
2005	2	24	0	0	11.47932
2005	2	25	0	0	6.517440000000001
2005	2	26	0	0	5.45184
2005	2	27	0	0	5.1066
2005	2	28	0	0	8.50356
2005	3	1	0	0	15.107039999999998
2005	3	2	0	0	15.475319999999998
2005	3	3	0	0	10.79568
2005	3	4	0	0	13.14612
2005	3	5	0	0	6.7964400000000005
2005	3	6	0	0	5.763959999999999
2005	3	7	0	0	10.70496
2005	3	8	0	0	7.463159999999999
2005	3	9	0	0	6.37452
2005	3	10	0	0	11.133359999999998
2005	3	11	0	0	15.855839999999999
2005	3	12	0	0	9.97812
2005	3	13	0	0	17.078760000000003
2005	3	14	0	0	16.39764
2005	3	15	0	0	15.94512
2005	3	16	0	0	16.94772
2005	3	17	0	0	15.52176
2005	3	18	0	0	17.168760000000002
2005	3	19	0	0	14.652719999999999
2005	3	20	0	0	4.89096
2005	3	21	0	0	12.79764
2005	3	22	0	0	10.75284
2005	3	23	0	0	14.578559999999998
2005	3	24	0	0	14.715720000000003
2005	3	25	0	0	11.318760000000001
2005	3	26	0	0	12.947759999999997
2005	3	27	0	0	3.76344
2005	3	28	0	0	12.52224
2005	3	29	0	0	12.075840000000001
2005	3	30	0	0	5.97096
2005	3	31	0	0	3.9747599999999994
2005	4	1	0	0	13.372560000000002
2005	4	2	0	0	20.23236
2005	4	3	0	0	20.6802
2005	4	4	0	0	19.637639999999998
2005	4	5	0	0	13.929839999999999
2005	4	6	0	0	19.026359999999997
2005	4	7	0	0	5.87844
2005	4	8	0	0	6.34212
2005	4	9	0	0	3.2691599999999994
2005	4	10	0	0	17.46396
2005	4	11	0	0	7.40844
2005	4	12	0	0	5.295599999999999
2005	4	13	0	0	8.07372
2005	4	14	0	0	17.05284
2005	4	15	0	0	15.51276
2005	4	16	0	0	13.596839999999998
2005	4	17	0	0	16.11612
2005	4	18	0	0	5.686920000000001
2005	4	19	0	0	7.7824800000000005
2005	4	20	0	0	7.611119999999999
2005	4	21	0	0	13.67856
2005	4	22	0	0	24.59196
2005	4	23	0	0	13.049999999999999
2005	4	24	0	0	10.46556
2005	4	25	0	0	9.91404
2005	4	26	0	0	18.957240000000002
2005	4	27	0	0	4.6436399999999995
2005	4	28	0	0	17.034840000000003
2005	4	29	0	0	21.165119999999998
2005	4	30	0	0	22.97628
2005	5	1	0	0	22.705199999999998
2005	5	2	0	0	22.29516
2005	5	3	0	0	7.547759999999999
2005	5	4	0	0	16.07328
2005	5	5	0	0	10.7622
2005	5	6	0	0	8.5176
2005	5	7	0	0	9.57888
2005	5	8	0	0	18.956519999999998
2005	5	9	0	0	13.53456
2005	5	10	0	0	10.896479999999999
2005	5	11	0	0	26.91432
2005	5	12	0	0	26.72856
2005	5	13	0	0	19.253159999999998
2005	5	14	0	0	12.16188
2005	5	15	0	0	15.289919999999999
2005	5	16	0	0	6.59592
2005	5	17	0	0	23.13576
2005	5	18	0	0	3.41892
2005	5	19	0	0	23.26788
2005	5	20	0	0	26.886960000000002
2005	5	21	0	0	13.568039999999998
2005	5	22	0	0	14.882760000000001
2005	5	23	0	0	6.0732
2005	5	24	0	0	22.71096
2005	5	25	0	0	27.999
2005	5	26	0	0	27.63756
2005	5	27	0	0	26.43336
2005	5	28	0	0	27.35676
2005	5	29	0	0	28.0332
2005	5	30	0	0	11.05956
2005	5	31	0	0	21.691439999999997
2005	6	1	0	0	23.0652
2005	6	2	0	0	27.553319999999996
2005	6	3	0	0	27.926280000000002
2005	6	4	0	0	7.40304
2005	6	5	0	0	15.309360000000002
2005	6	6	0	0	13.178519999999999
2005	6	7	0	0	11.8674
2005	6	8	0	0	25.70796
2005	6	9	0	0	26.13492
2005	6	10	0	0	28.53828
2005	6	11	0	0	25.992359999999998
2005	6	12	0	0	15.380639999999998
2005	6	13	0	0	18.06552
2005	6	14	0	0	7.75584
2005	6	15	0	0	16.01388
2005	6	16	0	0	19.98612
2005	6	17	0	0	21.49776
2005	6	18	0	0	22.665599999999998
2005	6	19	0	0	29.176199999999998
2005	6	20	0	0	29.33352
2005	6	21	0	0	26.71164
2005	6	22	0	0	22.4586
2005	6	23	0	0	25.49016
2005	6	24	0	0	26.92332
2005	6	25	0	0	24.03756
2005	6	26	0	0	24.67224
2005	6	27	0	0	23.66712
2005	6	28	0	0	24.586199999999998
2005	6	29	0	0	17.727839999999997
2005	6	30	0	0	15.266160000000001
2005	7	1	0	0	13.406039999999999
2005	7	2	0	0	15.2478
2005	7	3	0	0	27.352079999999997
2005	7	4	0	0	16.75368
2005	7	5	0	0	13.40496
2005	7	6	0	0	12.372840000000002
2005	7	7	0	0	10.0314
2005	7	8	0	0	18.03492
2005	7	9	0	0	22.10328
2005	7	10	0	0	9.76644
2005	7	11	0	0	9.87444
2005	7	12	0	0	22.529879999999995
2005	7	13	0	0	25.28856
2005	7	14	0	0	28.707479999999997
2005	7	15	0	0	25.3818
2005	7	16	0	0	13.320359999999997
2005	7	17	0	0	25.16976
2005	7	18	0	0	15.871319999999999
2005	7	19	0	0	17.8092
2005	7	20	0	0	25.422120000000003
2005	7	21	0	0	16.04808
2005	7	22	0	0	17.985599999999998
2005	7	23	0	0	21.784319999999997
2005	7	24	0	0	9.21816
2005	7	25	0	0	12.789
2005	7	26	0	0	15.87096
2005	7	27	0	0	24.189839999999997
2005	7	28	0	0	25.15896
2005	7	29	0	0	14.70492
2005	7	30	0	0	6.17796
2005	7	31	0	0	11.957040000000001
2005	8	1	0	0	17.4708
2005	8	2	0	0	3.21552
2005	8	3	0	0	6.07608
2005	8	4	0	0	17.1036
2005	8	5	0	0	25.660439999999998
2005	8	6	0	0	12.487319999999999
2005	8	7	0	0	8.712359999999999
2005	8	8	0	0	20.026439999999997
2005	8	9	0	0	25.389
2005	8	10	0	0	21.34584
2005	8	11	0	0	19.874159999999996
2005	8	12	0	0	24.922439999999998
2005	8	13	0	0	13.45788
2005	8	14	0	0	7.396199999999999
2005	8	15	0	0	9.48096
2005	8	16	0	0	10.32696
2005	8	17	0	0	21.927239999999998
2005	8	18	0	0	19.985039999999998
2005	8	19	0	0	17.143559999999997
2005	8	20	0	0	4.656960000000001
2005	8	21	0	0	2.1618
2005	8	22	0	0	1.45656
2005	8	23	0	0	7.461719999999999
2005	8	24	0	0	12.3246
2005	8	25	0	0	10.31796
2005	8	26	0	0	11.98908
2005	8	27	0	0	15.166080000000001
2005	8	28	0	0	14.0994
2005	8	29	0	0	21.723119999999998
2005	8	30	0	0	21.23352
2005	8	31	0	0	20.9412
2005	9	1	0	0	18.54576
2005	9	2	0	0	16.05672
2005	9	3	0	0	14.432759999999998
2005	9	4	0	0	9.69264
2005	9	5	0	0	18.80604
2005	9	6	0	0	19.91628
2005	9	7	0	0	19.56096
2005	9	8	0	0	19.40364
2005	9	9	0	0	13.144319999999999
2005	9	10	0	0	12.55464
2005	9	11	0	0	9.27792
2005	9	12	0	0	13.35456
2005	9	13	0	0	13.96908
2005	9	14	0	0	7.4901599999999995
2005	9	15	0	0	16.31628
2005	9	16	0	0	15.636959999999998
2005	9	17	0	0	3.6259200000000003
2005	9	18	0	0	1.9367999999999999
2005	9	19	0	0	2.80368
2005	9	20	0	0	7.773119999999999
2005	9	21	0	0	13.88448
2005	9	22	0	0	15.942599999999999
2005	9	23	0	0	16.577280000000002
2005	9	24	0	0	13.31748
2005	9	25	0	0	14.9202
2005	9	26	0	0	9.127080000000001
2005	9	27	0	0	5.0374799999999995
2005	9	28	0	0	9.04392
2005	9	29	0	0	6.60672
2005	9	30	0	0	9.9918
2005	10	1	0	0	3.9646799999999995
2005	10	2	0	0	2.1380399999999997
2005	10	3	0	0	2.39652
2005	10	4	0	0	6.87132
2005	10	5	0	0	5.99616
2005	10	6	0	0	6.351120000000001
2005	10	7	0	0	9.72792
2005	10	8	0	0	12.841920000000002
2005	10	9	0	0	13.5648
2005	10	10	0	0	12.995280000000001
2005	10	11	0	0	13.04604
2005	10	12	0	0	13.0374
2005	10	13	0	0	12.562919999999998
2005	10	14	0	0	12.707640000000001
2005	10	15	0	0	8.4348
2005	10	16	0	0	4.88556
2005	10	17	0	0	3.08628
2005	10	18	0	0	3.3336
2005	10	19	0	0	5.544
2005	10	20	0	0	8.57016
2005	10	21	0	0	9.5292
2005	10	22	0	0	6.071759999999999
2005	10	23	0	0	2.9480399999999993
2005	10	24	0	0	10.15632
2005	10	25	0	0	6.51096
2005	10	26	0	0	9.916559999999999
2005	10	27	0	0	10.44216
2005	10	28	0	0	10.305359999999999
2005	10	29	0	0	9.77544
2005	10	30	0	0	9.76932
2005	10	31	0	0	8.81928
2005	11	1	0	0	2.718
2005	11	2	0	0	5.37228
2005	11	3	0	0	8.345880000000001
2005	11	4	0	0	3.9726
2005	11	5	0	0	2.29176
2005	11	6	0	0	2.23272
2005	11	7	0	0	7.288919999999999
2005	11	8	0	0	8.24184
2005	11	9	0	0	8.02944
2005	11	10	0	0	3.8962799999999995
2005	11	11	0	0	2.3994
2005	11	12	0	0	7.85808
2005	11	13	0	0	7.6086
2005	11	14	0	0	1.0562399999999998
2005	11	15	0	0	7.1485199999999995
2005	11	16	0	0	2.1574799999999996
2005	11	17	0	0	6.00732
2005	11	18	0	0	3.38904
2005	11	19	0	0	6.318720000000001
2005	11	20	0	0	6.78024
2005	11	21	0	0	1.4274
2005	11	22	0	0	2.2575600000000002
2005	11	23	0	0	3.4664399999999995
2005	11	24	0	0	3.41712
2005	11	25	0	0	2.3796
2005	11	26	0	0	4.9172400000000005
2005	11	27	0	0	7.8282
2005	11	28	0	0	3.0585599999999995
2005	11	29	0	0	2.871
2005	11	30	0	0	2.9948400000000004
2005	12	1	0	0	3.83472
2005	12	2	0	0	4.8654
2005	12	3	0	0	2.10096
2005	12	4	0	0	3.94632
2005	12	5	0	0	1.7892
2005	12	6	0	0	4.213439999999999
2005	12	7	0	0	2.0124
2005	12	8	0	0	1.2020399999999998
2005	12	9	0	0	0.4536
2005	12	10	0	0	2.2896
2005	12	11	0	0	2.29176
2005	12	12	0	0	3.11652
2005	12	13	0	0	3.64032
2005	12	14	0	0	1.12788
2005	12	15	0	0	5.3496
2005	12	16	0	0	0.9972
2005	12	17	0	0	1.36692
2005	12	18	0	0	3.0286799999999996
2005	12	19	0	0	2.5048799999999996
2005	12	20	0	0	4.34232
2005	12	21	0	0	1.8334800000000002
2005	12	22	0	0	2.3317200000000002
2005	12	23	0	0	1.7928
2005	12	24	0	0	2.50812
2005	12	25	0	0	1.86156
2005	12	26	0	0	1.5609600000000001
2005	12	27	0	0	1.67868
2005	12	28	0	0	1.8975600000000001
2005	12	29	0	0	2.99772
2005	12	30	0	0	5.986439999999999
2005	12	31	0	0	4.31136
2006	1	1	0	0	2.9973600000000005
2006	1	2	0	0	1.05156
2006	1	3	0	0	1.9846800000000002
2006	1	4	0	0	1.4576399999999998
2006	1	5	0	0	3.4164
2006	1	6	0	0	2.7197999999999998
2006	1	7	0	0	5.3514
2006	1	8	0	0	4.6227599999999995
2006	1	9	0	0	5.3539200000000005
2006	1	10	0	0	7.599959999999999
2006	1	11	0	0	7.8426
2006	1	12	0	0	5.09688
2006	1	13	0	0	7.666919999999999
2006	1	14	0	0	7.911719999999999
2006	1	15	0	0	8.36604
2006	1	16	0	0	8.12088
2006	1	17	0	0	2.4282
2006	1	18	0	0	0.7862399999999999
2006	1	19	0	0	4.26384
2006	1	20	0	0	7.7439599999999995
2006	1	21	0	0	5.12532
2006	1	22	0	0	4.29516
2006	1	23	0	0	1.7992799999999998
2006	1	24	0	0	4.94172
2006	1	25	0	0	4.89924
2006	1	26	0	0	3.2561999999999998
2006	1	27	0	0	4.839840000000001
2006	1	28	0	0	5.037839999999999
2006	1	29	0	0	6.597719999999999
2006	1	30	0	0	7.72524
2006	1	31	0	0	7.96824
2006	2	1	0	0	8.17488
2006	2	2	0	0	9.39708
2006	2	3	0	0	5.60052
2006	2	4	0	0	1.8230399999999998
2006	2	5	0	0	1.8928799999999997
2006	2	6	0	0	5.336639999999999
2006	2	7	0	0	2.56968
2006	2	8	0	0	2.7612
2006	2	9	0	0	4.1814
2006	2	10	0	0	4.28184
2006	2	11	0	0	6.012
2006	2	12	0	0	6.6654
2006	2	13	0	0	11.00088
2006	2	14	0	0	9.04392
2006	2	15	0	0	2.5772399999999998
2006	2	16	0	0	2.8526399999999996
2006	2	17	0	0	4.43988
2006	2	18	0	0	3.30624
2006	2	19	0	0	6.5948400000000005
2006	2	20	0	0	4.89204
2006	2	21	0	0	10.31868
2006	2	22	0	0	1.3453199999999998
2006	2	23	0	0	1.4666400000000002
2006	2	24	0	0	1.1898
2006	2	25	0	0	1.98396
2006	2	26	0	0	2.3472
2006	2	27	0	0	9.34164
2006	2	28	0	0	6.77304
2006	3	1	0	0	5.862959999999999
2006	3	2	0	0	6.646679999999999
2006	3	3	0	0	5.4323999999999995
2006	3	4	0	0	1.25388
2006	3	5	0	0	4.46004
2006	3	6	0	0	7.317
2006	3	7	0	0	10.23732
2006	3	8	0	0	4.89312
2006	3	9	0	0	8.721
2006	3	10	0	0	9.3726
2006	3	11	0	0	6.943319999999999
2006	3	12	0	0	9.731520000000002
2006	3	13	0	0	11.795399999999999
2006	3	14	0	0	15.851519999999999
2006	3	15	0	0	13.938120000000001
2006	3	16	0	0	4.894559999999999
2006	3	17	0	0	11.799
2006	3	18	0	0	9.17388
2006	3	19	0	0	16.101
2006	3	20	0	0	17.334
2006	3	21	0	0	11.401919999999999
2006	3	22	0	0	10.63548
2006	3	23	0	0	6.84288
2006	3	24	0	0	6.1506
2006	3	25	0	0	8.6868
2006	3	26	0	0	14.138640000000002
2006	3	27	0	0	14.849639999999999
2006	3	28	0	0	3.8055600000000003
2006	3	29	0	0	9.51084
2006	3	30	0	0	5.932799999999999
2006	3	31	0	0	15.742799999999999
2006	4	1	0	0	14.03964
2006	4	2	0	0	14.51736
2006	4	3	0	0	13.145039999999998
2006	4	4	0	0	17.61768
2006	4	5	0	0	1.7009999999999998
2006	4	6	0	0	14.03028
2006	4	7	0	0	20.98008
2006	4	8	0	0	21.5874
2006	4	9	0	0	3.6252
2006	4	10	0	0	3.3278399999999997
2006	4	11	0	0	9.27072
2006	4	12	0	0	10.47492
2006	4	13	0	0	9.53712
2006	4	14	0	0	15.947639999999998
2006	4	15	0	0	8.51148
2006	4	16	0	0	9.7614
2006	4	17	0	0	16.73172
2006	4	18	0	0	10.54728
2006	4	19	0	0	18.27756
2006	4	20	0	0	16.86816
2006	4	21	0	0	21.80772
2006	4	22	0	0	21.26736
2006	4	23	0	0	14.9382
2006	4	24	0	0	23.125680000000003
2006	4	25	0	0	13.14648
2006	4	26	0	0	9.324359999999999
2006	4	27	0	0	5.723279999999999
2006	4	28	0	0	2.1416399999999998
2006	4	29	0	0	2.7910799999999996
2006	4	30	0	0	20.4426
2006	5	1	0	0	21.087719999999997
2006	5	2	0	0	20.48472
2006	5	3	0	0	24.287039999999998
2006	5	4	0	0	24.5808
2006	5	5	0	0	10.17324
2006	5	6	0	0	17.22276
2006	5	7	0	0	22.645439999999997
2006	5	8	0	0	16.155
2006	5	9	0	0	6.7557599999999995
2006	5	10	0	0	12.24684
2006	5	11	0	0	24.29064
2006	5	12	0	0	21.80448
2006	5	13	0	0	19.67076
2006	5	14	0	0	19.11564
2006	5	15	0	0	20.51748
2006	5	16	0	0	12.692519999999998
2006	5	17	0	0	19.09584
2006	5	18	0	0	5.49252
2006	5	19	0	0	22.78044
2006	5	20	0	0	10.90584
2006	5	21	0	0	17.68968
2006	5	22	0	0	24.276239999999998
2006	5	23	0	0	7.40016
2006	5	24	0	0	15.281639999999998
2006	5	25	0	0	15.534360000000001
2006	5	26	0	0	20.765159999999998
2006	5	27	0	0	12.033
2006	5	28	0	0	6.251759999999999
2006	5	29	0	0	5.33484
2006	5	30	0	0	13.61988
2006	5	31	0	0	12.285359999999999
2006	6	1	0	0	7.1604
2006	6	2	0	0	10.88316
2006	6	3	0	0	21.958199999999998
2006	6	4	0	0	13.46976
2006	6	5	0	0	13.42728
2006	6	6	0	0	15.444719999999998
2006	6	7	0	0	29.37276
2006	6	8	0	0	28.286279999999998
2006	6	9	0	0	28.779480000000003
2006	6	10	0	0	27.55656
2006	6	11	0	0	29.44044
2006	6	12	0	0	28.32732
2006	6	13	0	0	24.38568
2006	6	14	0	0	26.18856
2006	6	15	0	0	26.2224
2006	6	16	0	0	18.104760000000002
2006	6	17	0	0	24.144119999999997
2006	6	18	0	0	26.403480000000002
2006	6	19	0	0	21.66048
2006	6	20	0	0	22.660919999999994
2006	6	21	0	0	18.21348
2006	6	22	0	0	10.59984
2006	6	23	0	0	16.44984
2006	6	24	0	0	26.477999999999998
2006	6	25	0	0	23.778
2006	6	26	0	0	20.3976
2006	6	27	0	0	23.830199999999998
2006	6	28	0	0	17.741880000000002
2006	6	29	0	0	11.05524
2006	6	30	0	0	28.9314
2006	7	1	0	0	28.31652
2006	7	2	0	0	28.459799999999998
2006	7	3	0	0	25.56288
2006	7	4	0	0	27.022679999999998
2006	7	5	0	0	23.31756
2006	7	6	0	0	19.103039999999996
2006	7	7	0	0	7.2216
2006	7	8	0	0	14.135399999999999
2006	7	9	0	0	25.057079999999996
2006	7	10	0	0	25.860239999999997
2006	7	11	0	0	27.334799999999998
2006	7	12	0	0	19.73052
2006	7	13	0	0	24.363
2006	7	14	0	0	23.324039999999997
2006	7	15	0	0	16.48512
2006	7	16	0	0	27.842760000000002
2006	7	17	0	0	27.49608
2006	7	18	0	0	27.461880000000004
2006	7	19	0	0	27.30096
2006	7	20	0	0	25.214399999999998
2006	7	21	0	0	25.712280000000003
2006	7	22	0	0	21.39372
2006	7	23	0	0	21.76632
2006	7	24	0	0	26.597880000000004
2006	7	25	0	0	26.12484
2006	7	26	0	0	20.290319999999998
2006	7	27	0	0	23.9148
2006	7	28	0	0	19.93896
2006	7	29	0	0	14.40648
2006	7	30	0	0	22.1364
2006	7	31	0	0	14.578919999999998
2006	8	1	0	0	9.166680000000001
2006	8	2	0	0	14.11488
2006	8	3	0	0	6.909839999999999
2006	8	4	0	0	11.64204
2006	8	5	0	0	8.22852
2006	8	6	0	0	8.44704
2006	8	7	0	0	15.095159999999998
2006	8	8	0	0	20.14848
2006	8	9	0	0	16.4988
2006	8	10	0	0	9.632159999999999
2006	8	11	0	0	4.36032
2006	8	12	0	0	15.71112
2006	8	13	0	0	6.338879999999999
2006	8	14	0	0	7.854480000000001
2006	8	15	0	0	21.96828
2006	8	16	0	0	12.715919999999999
2006	8	17	0	0	22.12956
2006	8	18	0	0	20.823839999999997
2006	8	19	0	0	22.1166
2006	8	20	0	0	9.01656
2006	8	21	0	0	15.823439999999998
2006	8	22	0	0	11.55816
2006	8	23	0	0	20.04336
2006	8	24	0	0	8.4492
2006	8	25	0	0	20.37024
2006	8	26	0	0	16.44048
2006	8	27	0	0	4.97448
2006	8	28	0	0	6.8526
2006	8	29	0	0	8.08236
2006	8	30	0	0	11.25468
2006	8	31	0	0	16.65756
2006	9	1	0	0	21.36276
2006	9	2	0	0	13.118760000000002
2006	9	3	0	0	12.103560000000002
2006	9	4	0	0	15.53076
2006	9	5	0	0	20.23848
2006	9	6	0	0	12.391919999999999
2006	9	7	0	0	18.88308
2006	9	8	0	0	14.0868
2006	9	9	0	0	13.42116
2006	9	10	0	0	14.45688
2006	9	11	0	0	15.07356
2006	9	12	0	0	18.49032
2006	9	13	0	0	18.1926
2006	9	14	0	0	12.08088
2006	9	15	0	0	8.59896
2006	9	16	0	0	13.20876
2006	9	17	0	0	4.5788400000000005
2006	9	18	0	0	3.34872
2006	9	19	0	0	10.66536
2006	9	20	0	0	16.1064
2006	9	21	0	0	17.2242
2006	9	22	0	0	16.790399999999998
2006	9	23	0	0	14.4432
2006	9	24	0	0	14.87412
2006	9	25	0	0	2.50956
2006	9	26	0	0	3.94812
2006	9	27	0	0	7.366680000000001
2006	9	28	0	0	6.72012
2006	9	29	0	0	14.737680000000001
2006	9	30	0	0	11.847959999999999
2006	10	1	0	0	3.7591200000000002
2006	10	2	0	0	10.799999999999999
2006	10	3	0	0	6.721559999999999
2006	10	4	0	0	8.21196
2006	10	5	0	0	10.3734
2006	10	6	0	0	11.4444
2006	10	7	0	0	4.806360000000001
2006	10	8	0	0	14.125319999999999
2006	10	9	0	0	13.71564
2006	10	10	0	0	13.00968
2006	10	11	0	0	12.24288
2006	10	12	0	0	12.22524
2006	10	13	0	0	4.6342799999999995
2006	10	14	0	0	1.5145199999999996
2006	10	15	0	0	3.38688
2006	10	16	0	0	2.09808
2006	10	17	0	0	11.9304
2006	10	18	0	0	9.51732
2006	10	19	0	0	9.114840000000001
2006	10	20	0	0	10.07676
2006	10	21	0	0	6.9656400000000005
2006	10	22	0	0	10.35324
2006	10	23	0	0	4.02408
2006	10	24	0	0	8.33508
2006	10	25	0	0	7.92216
2006	10	26	0	0	10.39392
2006	10	27	0	0	8.03628
2006	10	28	0	0	6.97932
2006	10	29	0	0	1.6812
2006	10	30	0	0	8.89632
2006	10	31	0	0	6.631920000000001
2006	11	1	0	0	1.47852
2006	11	2	0	0	9.844919999999998
2006	11	3	0	0	3.85092
2006	11	4	0	0	8.52156
2006	11	5	0	0	6.560279999999999
2006	11	6	0	0	8.370719999999999
2006	11	7	0	0	8.9424
2006	11	8	0	0	7.380719999999999
2006	11	9	0	0	1.8576
2006	11	10	0	0	5.99364
2006	11	11	0	0	3.0945600000000004
2006	11	12	0	0	2.66616
2006	11	13	0	0	4.3815599999999995
2006	11	14	0	0	3.04704
2006	11	15	0	0	7.3918800000000005
2006	11	16	0	0	7.101
2006	11	17	0	0	3.7674
2006	11	18	0	0	2.67156
2006	11	19	0	0	5.2192799999999995
2006	11	20	0	0	5.62932
2006	11	21	0	0	1.65996
2006	11	22	0	0	4.635
2006	11	23	0	0	3.7180799999999996
2006	11	24	0	0	4.6551599999999995
2006	11	25	0	0	4.4586
2006	11	26	0	0	6.087960000000001
2006	11	27	0	0	6.1426799999999995
2006	11	28	0	0	4.899959999999999
2006	11	29	0	0	0.83412
2006	11	30	0	0	1.2312
2006	12	1	0	0	2.55024
2006	12	2	0	0	5.80464
2006	12	3	0	0	4.1432400000000005
2006	12	4	0	0	2.9476799999999996
2006	12	5	0	0	3.2418
2006	12	6	0	0	0.63144
2006	12	7	0	0	5.8716
2006	12	8	0	0	3.064319999999999
2006	12	9	0	0	0.62424
2006	12	10	0	0	3.84048
2006	12	11	0	0	5.030639999999999
2006	12	12	0	0	2.66904
2006	12	13	0	0	4.90212
2006	12	14	0	0	5.76972
2006	12	15	0	0	5.33916
2006	12	16	0	0	4.99644
2006	12	17	0	0	0.7300800000000001
2006	12	18	0	0	1.68408
2006	12	19	0	0	0.60264
2006	12	20	0	0	2.33676
2006	12	21	0	0	4.4874
2006	12	22	0	0	2.40336
2006	12	23	0	0	1.91016
2006	12	24	0	0	1.38708
2006	12	25	0	0	1.64232
2006	12	26	0	0	0.97416
2006	12	27	0	0	5.56596
2006	12	28	0	0	5.16852
2006	12	29	0	0	5.225039999999999
2006	12	30	0	0	4.384440000000001
2006	12	31	0	0	5.01336
2007	1	1	0	0	0.43631999999999993
2007	1	2	0	0	1.88424
2007	1	3	0	0	2.2028399999999997
2007	1	4	0	0	2.097
2007	1	5	0	0	2.7194399999999996
2007	1	6	0	0	3.6417599999999997
2007	1	7	0	0	1.7362800000000003
2007	1	8	0	0	2.0048399999999997
2007	1	9	0	0	2.3695199999999996
2007	1	10	0	0	5.13216
2007	1	11	0	0	2.2525199999999996
2007	1	12	0	0	1.2348
2007	1	13	0	0	6.047279999999999
2007	1	14	0	0	3.7828799999999996
2007	1	15	0	0	4.29876
2007	1	16	0	0	5.54868
2007	1	17	0	0	3.8538
2007	1	18	0	0	1.24596
2007	1	19	0	0	1.7938799999999997
2007	1	20	0	0	4.7268
2007	1	21	0	0	2.87712
2007	1	22	0	0	3.5442
2007	1	23	0	0	0.66168
2007	1	24	0	0	1.9555200000000001
2007	1	25	0	0	1.7784
2007	1	26	0	0	3.7026
2007	1	27	0	0	3.4282799999999995
2007	1	28	0	0	7.96788
2007	1	29	0	0	6.98472
2007	1	30	0	0	8.72388
2007	1	31	0	0	8.39196
2007	2	1	0	0	4.00824
2007	2	2	0	0	5.9976
2007	2	3	0	0	1.4511599999999996
2007	2	4	0	0	9.549
2007	2	5	0	0	8.16372
2007	2	6	0	0	2.1888
2007	2	7	0	0	4.46364
2007	2	8	0	0	2.7845999999999997
2007	2	9	0	0	9.621
2007	2	10	0	0	4.55256
2007	2	11	0	0	2.8026
2007	2	12	0	0	2.0844
2007	2	13	0	0	3.2774399999999995
2007	2	14	0	0	3.71412
2007	2	15	0	0	8.13492
2007	2	16	0	0	11.784960000000002
2007	2	17	0	0	7.948799999999999
2007	2	18	0	0	11.91312
2007	2	19	0	0	9.183959999999999
2007	2	20	0	0	11.078639999999998
2007	2	21	0	0	11.820599999999999
2007	2	22	0	0	9.8802
2007	2	23	0	0	8.22708
2007	2	24	0	0	5.23152
2007	2	25	0	0	1.7020799999999998
2007	2	26	0	0	2.69244
2007	2	27	0	0	6.61176
2007	2	28	0	0	3.59532
2007	3	1	0	0	1.87992
2007	3	2	0	0	4.85604
2007	3	3	0	0	3.94164
2007	3	4	0	0	14.04
2007	3	5	0	0	3.11688
2007	3	6	0	0	12.285720000000003
2007	3	7	0	0	5.87664
2007	3	8	0	0	4.33008
2007	3	9	0	0	10.61604
2007	3	10	0	0	9.632159999999999
2007	3	11	0	0	16.09596
2007	3	12	0	0	16.4898
2007	3	13	0	0	15.674039999999998
2007	3	14	0	0	15.33312
2007	3	15	0	0	14.697359999999998
2007	3	16	0	0	13.3668
2007	3	17	0	0	10.50444
2007	3	18	0	0	13.95864
2007	3	19	0	0	6.570359999999999
2007	3	20	0	0	5.5836
2007	3	21	0	0	11.61504
2007	3	22	0	0	9.66348
2007	3	23	0	0	6.8896799999999985
2007	3	24	0	0	9.31176
2007	3	25	0	0	8.41212
2007	3	26	0	0	18.617040000000003
2007	3	27	0	0	16.47684
2007	3	28	0	0	15.0876
2007	3	29	0	0	14.547239999999999
2007	3	30	0	0	16.910639999999997
2007	3	31	0	0	11.805480000000001
2007	4	1	0	0	17.776439999999997
2007	4	2	0	0	19.27728
2007	4	3	0	0	8.412840000000001
2007	4	4	0	0	2.40732
2007	4	5	0	0	11.862359999999997
2007	4	6	0	0	21.10896
2007	4	7	0	0	19.52784
2007	4	8	0	0	11.7594
2007	4	9	0	0	19.186919999999997
2007	4	10	0	0	21.41352
2007	4	11	0	0	21.6432
2007	4	12	0	0	20.7972
2007	4	13	0	0	21.49596
2007	4	14	0	0	22.527
2007	4	15	0	0	22.652639999999998
2007	4	16	0	0	22.8024
2007	4	17	0	0	22.7916
2007	4	18	0	0	7.2320400000000005
2007	4	19	0	0	22.80636
2007	4	20	0	0	23.232960000000002
2007	4	21	0	0	23.18688
2007	4	22	0	0	23.422319999999996
2007	4	23	0	0	22.83012
2007	4	24	0	0	20.775959999999998
2007	4	25	0	0	24.196320000000004
2007	4	26	0	0	23.74848
2007	4	27	0	0	18.136439999999997
2007	4	28	0	0	20.5578
2007	4	29	0	0	23.480999999999998
2007	4	30	0	0	18.69588
2007	5	1	0	0	24.676199999999998
2007	5	2	0	0	18.06408
2007	5	3	0	0	17.3916
2007	5	4	0	0	10.47672
2007	5	5	0	0	3.34008
2007	5	6	0	0	10.23588
2007	5	7	0	0	12.429359999999997
2007	5	8	0	0	11.207160000000002
2007	5	9	0	0	16.25616
2007	5	10	0	0	23.61888
2007	5	11	0	0	17.78796
2007	5	12	0	0	22.418280000000003
2007	5	13	0	0	24.442559999999997
2007	5	14	0	0	13.02372
2007	5	15	0	0	12.05388
2007	5	16	0	0	21.57444
2007	5	17	0	0	6.7932
2007	5	18	0	0	20.090519999999998
2007	5	19	0	0	27.654479999999996
2007	5	20	0	0	26.450639999999996
2007	5	21	0	0	26.17272
2007	5	22	0	0	18.4122
2007	5	23	0	0	25.989120000000003
2007	5	24	0	0	26.26416
2007	5	25	0	0	19.44468
2007	5	26	0	0	15.817680000000001
2007	5	27	0	0	21.34008
2007	5	28	0	0	6.294239999999999
2007	5	29	0	0	3.93372
2007	5	30	0	0	26.128439999999998
2007	5	31	0	0	21.006
2007	6	1	0	0	6.66036
2007	6	2	0	0	5.08428
2007	6	3	0	0	13.773959999999997
2007	6	4	0	0	18.801360000000003
2007	6	5	0	0	22.56084
2007	6	6	0	0	10.852559999999999
2007	6	7	0	0	17.915760000000002
2007	6	8	0	0	21.96
2007	6	9	0	0	19.65672
2007	6	10	0	0	23.330880000000004
2007	6	11	0	0	14.9886
2007	6	12	0	0	22.0986
2007	6	13	0	0	15.004439999999999
2007	6	14	0	0	26.649
2007	6	15	0	0	8.190719999999999
2007	6	16	0	0	23.12208
2007	6	17	0	0	27.3222
2007	6	18	0	0	24.157799999999998
2007	6	19	0	0	28.29276
2007	6	20	0	0	25.129080000000002
2007	6	21	0	0	14.716440000000002
2007	6	22	0	0	11.9736
2007	6	23	0	0	20.90592
2007	6	24	0	0	26.1612
2007	6	25	0	0	12.29544
2007	6	26	0	0	13.77288
2007	6	27	0	0	12.76596
2007	6	28	0	0	17.217
2007	6	29	0	0	25.0758
2007	6	30	0	0	21.1608
2007	7	1	0	0	21.35952
2007	7	2	0	0	7.13376
2007	7	3	0	0	12.94812
2007	7	4	0	0	18.58212
2007	7	5	0	0	11.17188
2007	7	6	0	0	10.96776
2007	7	7	0	0	20.828519999999997
2007	7	8	0	0	13.26132
2007	7	9	0	0	5.3064
2007	7	10	0	0	15.842519999999999
2007	7	11	0	0	14.100120000000002
2007	7	12	0	0	19.25496
2007	7	13	0	0	27.752399999999998
2007	7	14	0	0	27.3096
2007	7	15	0	0	27.24228
2007	7	16	0	0	27.27756
2007	7	17	0	0	23.986439999999998
2007	7	18	0	0	22.293
2007	7	19	0	0	23.46372
2007	7	20	0	0	22.455
2007	7	21	0	0	6.0552
2007	7	22	0	0	20.2338
2007	7	23	0	0	20.96856
2007	7	24	0	0	14.299920000000002
2007	7	25	0	0	22.837679999999995
2007	7	26	0	0	26.78256
2007	7	27	0	0	20.50308
2007	7	28	0	0	21.620160000000002
2007	7	29	0	0	16.829639999999998
2007	7	30	0	0	15.318
2007	7	31	0	0	26.678519999999995
2007	8	1	0	0	26.021520000000002
2007	8	2	0	0	6.90804
2007	8	3	0	0	12.43512
2007	8	4	0	0	25.592760000000002
2007	8	5	0	0	25.632720000000003
2007	8	6	0	0	24.73236
2007	8	7	0	0	4.81104
2007	8	8	0	0	4.47552
2007	8	9	0	0	7.53624
2007	8	10	0	0	13.4766
2007	8	11	0	0	7.71588
2007	8	12	0	0	18.677880000000002
2007	8	13	0	0	18.0216
2007	8	14	0	0	16.6878
2007	8	15	0	0	21.7332
2007	8	16	0	0	4.440239999999999
2007	8	17	0	0	12.391559999999998
2007	8	18	0	0	14.89356
2007	8	19	0	0	13.220640000000001
2007	8	20	0	0	6.06816
2007	8	21	0	0	7.659
2007	8	22	0	0	13.854239999999999
2007	8	23	0	0	20.195999999999998
2007	8	24	0	0	20.87748
2007	8	25	0	0	21.825
2007	8	26	0	0	18.60408
2007	8	27	0	0	12.21768
2007	8	28	0	0	11.098799999999999
2007	8	29	0	0	4.4816400000000005
2007	8	30	0	0	4.47012
2007	8	31	0	0	18.5004
2007	9	1	0	0	12.8934
2007	9	2	0	0	16.1766
2007	9	3	0	0	11.1096
2007	9	4	0	0	9.03276
2007	9	5	0	0	11.078639999999998
2007	9	6	0	0	14.29308
2007	9	7	0	0	13.830840000000002
2007	9	8	0	0	13.3128
2007	9	9	0	0	11.742839999999998
2007	9	10	0	0	15.664319999999998
2007	9	11	0	0	10.86624
2007	9	12	0	0	17.10288
2007	9	13	0	0	14.928839999999997
2007	9	14	0	0	16.5672
2007	9	15	0	0	11.6388
2007	9	16	0	0	17.699039999999997
2007	9	17	0	0	14.681879999999998
2007	9	18	0	0	4.14144
2007	9	19	0	0	12.534479999999999
2007	9	20	0	0	16.15536
2007	9	21	0	0	16.864919999999998
2007	9	22	0	0	16.063560000000003
2007	9	23	0	0	16.2414
2007	9	24	0	0	15.7122
2007	9	25	0	0	2.9318399999999993
2007	9	26	0	0	3.9466799999999997
2007	9	27	0	0	6.5088
2007	9	28	0	0	5.50044
2007	9	29	0	0	15.181560000000001
2007	9	30	0	0	7.052039999999998
2007	10	1	0	0	13.806359999999998
2007	10	2	0	0	11.568240000000001
2007	10	3	0	0	13.5252
2007	10	4	0	0	6.39504
2007	10	5	0	0	12.0186
2007	10	6	0	0	2.69172
2007	10	7	0	0	8.88336
2007	10	8	0	0	11.5128
2007	10	9	0	0	10.356119999999999
2007	10	10	0	0	11.59812
2007	10	11	0	0	3.36312
2007	10	12	0	0	8.840520000000001
2007	10	13	0	0	7.312320000000001
2007	10	14	0	0	9.92376
2007	10	15	0	0	12.40632
2007	10	16	0	0	11.3454
2007	10	17	0	0	11.386439999999999
2007	10	18	0	0	3.7688400000000004
2007	10	19	0	0	5.23332
2007	10	20	0	0	5.805359999999999
2007	10	21	0	0	2.7018
2007	10	22	0	0	1.23948
2007	10	23	0	0	1.24488
2007	10	24	0	0	2.24604
2007	10	25	0	0	2.43432
2007	10	26	0	0	2.05884
2007	10	27	0	0	2.5488
2007	10	28	0	0	6.8742
2007	10	29	0	0	8.680319999999998
2007	10	30	0	0	1.87812
2007	10	31	0	0	1.7722799999999999
2007	11	1	0	0	4.3236
2007	11	2	0	0	6.980759999999999
2007	11	3	0	0	4.10508
2007	11	4	0	0	1.6772399999999998
2007	11	5	0	0	5.9835600000000015
2007	11	6	0	0	2.80512
2007	11	7	0	0	2.0131200000000002
2007	11	8	0	0	5.0544
2007	11	9	0	0	3.5744399999999996
2007	11	10	0	0	1.71648
2007	11	11	0	0	1.15416
2007	11	12	0	0	4.833
2007	11	13	0	0	5.892120000000001
2007	11	14	0	0	1.55592
2007	11	15	0	0	0.82296
2007	11	16	0	0	1.45836
2007	11	17	0	0	3.2410799999999997
2007	11	18	0	0	3.71484
2007	11	19	0	0	4.04784
2007	11	20	0	0	3.9639600000000006
2007	11	21	0	0	3.1176
2007	11	22	0	0	2.59992
2007	11	23	0	0	3.9996
2007	11	24	0	0	0.38844
2007	11	25	0	0	1.9634399999999999
2007	11	26	0	0	2.214
2007	11	27	0	0	6.85476
2007	11	28	0	0	3.9204
2007	11	29	0	0	6.23196
2007	11	30	0	0	1.5048
2007	12	1	0	0	2.3688
2007	12	2	0	0	2.0808
2007	12	3	0	0	0.9363599999999999
2007	12	4	0	0	1.46016
2007	12	5	0	0	5.5872
2007	12	6	0	0	2.09232
2007	12	7	0	0	2.54664
2007	12	8	0	0	2.59524
2007	12	9	0	0	1.8719999999999999
2007	12	10	0	0	1.4198399999999998
2007	12	11	0	0	1.24308
2007	12	12	0	0	0.7243200000000002
2007	12	13	0	0	1.4353200000000002
2007	12	14	0	0	1.28628
2007	12	15	0	0	2.5444799999999996
2007	12	16	0	0	2.6920800000000003
2007	12	17	0	0	2.33316
2007	12	18	0	0	1.4536799999999999
2007	12	19	0	0	5.6339999999999995
2007	12	20	0	0	5.6646
2007	12	21	0	0	7.187759999999999
2007	12	22	0	0	6.82164
2007	12	23	0	0	5.47812
2007	12	24	0	0	6.95268
2007	12	25	0	0	6.9012
2007	12	26	0	0	2.3778
2007	12	27	0	0	2.3544
2007	12	28	0	0	3.8196
2007	12	29	0	0	6.33996
2007	12	30	0	0	4.38552
2007	12	31	0	0	2.48688
