YYYY	MM	DD	hh	mm	PREC
2016	6	1	0	0	0.0
2016	6	1	0	10	0.0
2016	6	1	0	20	0.0
2016	6	1	0	30	0.0
2016	6	1	0	40	0.0
2016	6	1	0	50	0.0
2016	6	1	1	0	0.0
2016	6	1	1	10	0.0
2016	6	1	1	20	0.0
2016	6	1	1	30	0.0
2016	6	1	1	40	0.0
2016	6	1	1	50	0.0
2016	6	1	2	0	0.0
2016	6	1	2	10	0.04906762200016601
2016	6	1	2	20	0.12987918599992554
2016	6	1	2	30	0.030041443999834883
2016	6	1	2	40	0.0
2016	6	1	2	50	0.0
2016	6	1	3	0	0.0
2016	6	1	3	10	0.0
2016	6	1	3	20	0.22031432299991138
2016	6	1	3	30	0.07489392000024964
2016	6	1	3	40	0.05517599999984668
2016	6	1	3	50	0.024894370999845705
2016	6	1	4	0	0.020019999999931315
2016	6	1	4	10	0.030280629000117187
2016	6	1	4	20	0.03491581499974927
2016	6	1	4	30	0.0
2016	6	1	4	40	0.05477894300020125
2016	6	1	4	50	0.06496007400028248
2016	6	1	5	0	0.0801816529997268
2016	6	1	5	10	0.0
2016	6	1	5	20	0.0
2016	6	1	5	30	0.0
2016	6	1	5	40	0.0
2016	6	1	5	50	0.0
2016	6	1	6	0	0.0
2016	6	1	6	10	0.0
2016	6	1	6	20	0.0
2016	6	1	6	30	0.0
2016	6	1	6	40	0.0
2016	6	1	6	50	0.0
2016	6	1	7	0	0.0
2016	6	1	7	10	0.0
2016	6	1	7	20	0.0
2016	6	1	7	30	0.0
2016	6	1	7	40	0.0
2016	6	1	7	50	0.0
2016	6	1	8	0	0.0
2016	6	1	8	10	0.0400428150001062
2016	6	1	8	20	0.08497244399995907
2016	6	1	8	30	0.0
2016	6	1	8	40	0.008462395333481254
2016	6	1	8	50	0.0
2016	6	1	9	0	0.0
2016	6	1	9	10	0.0
2016	6	1	9	20	0.0
2016	6	1	9	30	0.0
2016	6	1	9	40	0.0
2016	6	1	9	50	0.0
2016	6	1	10	0	0.029788815000301838
2016	6	1	10	10	0.0
2016	6	1	10	20	0.0
2016	6	1	10	30	0.054660156999943865
2016	6	1	10	40	0.0
2016	6	1	10	50	0.0
2016	6	1	11	0	0.0
2016	6	1	11	10	0.0
2016	6	1	11	20	0.0
2016	6	1	11	30	0.0460008055997605
2016	6	1	11	40	0.013193430800129136
2016	6	1	11	50	0.020227882400376984
2016	6	1	12	0	0.0
2016	6	1	12	10	0.0
2016	6	1	12	20	0.0
2016	6	1	12	30	0.0
2016	6	1	12	40	0.0
2016	6	1	12	50	0.0
2016	6	1	13	0	0.0
2016	6	1	13	10	0.0
2016	6	1	13	20	0.0
2016	6	1	13	30	0.0
2016	6	1	13	40	0.0
2016	6	1	13	50	0.09342339533304767
2016	6	1	14	0	0.08984300000020085
2016	6	1	14	10	0.0
2016	6	1	14	20	0.16415429639982904
2016	6	1	14	30	0.0
2016	6	1	14	40	0.0
2016	6	1	14	50	0.0
2016	6	1	15	0	0.0
2016	6	1	15	10	0.0
2016	6	1	15	20	0.0
2016	6	1	15	30	0.0
2016	6	1	15	40	0.018229333333238174
2016	6	1	15	50	0.0
2016	6	1	16	0	0.0
2016	6	1	16	10	0.0
2016	6	1	16	20	0.0
2016	6	1	16	30	0.030076764866862504
2016	6	1	16	40	0.0
2016	6	1	16	50	0.0898353710003903
2016	6	1	17	0	0.10498862899976302
2016	6	1	17	10	0.0
2016	6	1	17	20	0.07494337100024495
2016	6	1	17	30	0.030040443999951094
2016	6	1	17	40	0.1550213709997479
2016	6	1	17	50	0.07496344400033195
2016	6	1	18	0	0.22028647899969656
2016	6	1	18	10	0.11964425900032438
2016	6	1	18	20	0.22998862899976302
2016	6	1	18	30	0.07030437100002018
2016	6	1	18	40	0.0
2016	6	1	18	50	0.0
2016	6	1	19	0	0.0
2016	6	1	19	10	0.0
2016	6	1	19	20	0.030029000000013184
2016	6	1	19	30	0.0
2016	6	1	19	40	0.004299590999835345
2016	6	1	19	50	0.004656281333609513
2016	6	1	20	0	0.0
2016	6	1	20	10	0.0
2016	6	1	20	20	0.0
2016	6	1	20	30	0.034878939666668884
2016	6	1	20	40	0.0
2016	6	1	20	50	0.0
2016	6	1	21	0	0.03490437099981136
2016	6	1	21	10	0.033470221333573136
2016	6	1	21	20	0.0
2016	6	1	21	30	0.0
2016	6	1	21	40	0.014960665000216977
2016	6	1	21	50	0.0
2016	6	1	22	0	0.0
2016	6	1	22	10	0.0
2016	6	1	22	20	0.0
2016	6	1	22	30	0.010006184999838297
2016	6	1	22	40	0.0
2016	6	1	22	50	0.0
2016	6	1	23	0	0.030029000000013184
2016	6	1	23	10	0.09980426899983286
2016	6	1	23	20	0.06455571500009682
2016	6	1	23	30	0.39991344400050366
2016	6	1	23	40	0.690178370999547
2016	6	1	23	50	0.6350099999999657
2016	6	2	0	0	1.2797926290004398
2016	6	2	0	10	0.8051683709995814
2016	6	2	0	20	0.38500900000008187
2016	6	2	0	30	0.10474462900037906
2016	6	2	0	40	0.0
2016	6	2	0	50	0.0
2016	6	2	1	0	0.0
2016	6	2	1	10	0.0
2016	6	2	1	20	0.0
2016	6	2	1	30	0.0
2016	6	2	1	40	0.0
2016	6	2	1	50	0.0
2016	6	2	2	0	0.0
2016	6	2	2	10	0.0
2016	6	2	2	20	0.0
2016	6	2	2	30	0.0
2016	6	2	2	40	0.0
2016	6	2	2	50	0.0
2016	6	2	3	0	0.0
2016	6	2	3	10	0.0
2016	6	2	3	20	0.0
2016	6	2	3	30	0.00830354299978353
2016	6	2	3	40	0.020023481333737436
2016	6	2	3	50	0.0
2016	6	2	4	0	0.0
2016	6	2	4	10	0.02094912580014352
2016	6	2	4	20	0.0039538741998512705
2016	6	2	4	30	0.0
2016	6	2	4	40	0.0
2016	6	2	4	50	0.0
2016	6	2	5	0	0.015144628999678389
2016	6	2	5	10	0.0
2016	6	2	5	20	0.0
2016	6	2	5	30	0.0
2016	6	2	5	40	0.0
2016	6	2	5	50	0.0
2016	6	2	6	0	0.0
2016	6	2	6	10	0.0
2016	6	2	6	20	0.0
2016	6	2	6	30	0.07491666800024177
2016	6	2	6	40	0.06967594499928964
2016	6	2	6	50	0.04964478300053088
2016	6	2	7	0	0.07494718499992814
2016	6	2	7	10	0.0
2016	6	2	7	20	0.01001281500020923
2016	6	2	7	30	0.044918184999914956
2016	6	2	7	40	0.030281629999535653
2016	6	2	7	50	0.0
2016	6	2	8	0	0.0
2016	6	2	8	10	0.0
2016	6	2	8	20	0.011718666333763395
2016	6	2	8	30	0.0
2016	6	2	8	40	0.0
2016	6	2	8	50	0.0
2016	6	2	9	0	0.0
2016	6	2	9	10	0.04687499966667019
2016	6	2	9	20	0.0
2016	6	2	9	30	0.0
2016	6	2	9	40	0.09990830339984313
2016	6	2	9	50	0.09004414060018462
2016	6	2	10	0	0.05980737099980615
2016	6	2	10	10	0.0
2016	6	2	10	20	0.0
2016	6	2	10	30	0.0
2016	6	2	10	40	0.0
2016	6	2	10	50	0.0
2016	6	2	11	0	0.0
2016	6	2	11	10	0.0
2016	6	2	11	20	0.0
2016	6	2	11	30	0.1999519999999393
2016	6	2	11	40	0.0
2016	6	2	11	50	0.0
2016	6	2	12	0	0.0
2016	6	2	12	10	0.14990233333355718
2016	6	2	12	20	0.0
2016	6	2	12	30	0.0
2016	6	2	12	40	0.09008799999992334
2016	6	2	12	50	0.0
2016	6	2	13	0	0.013119625600211293
2016	6	2	13	10	0.0
2016	6	2	13	20	0.044039976399744774
2016	6	2	13	30	0.0
2016	6	2	13	40	0.45994955600008325
2016	6	2	13	50	0.0
2016	6	2	14	0	0.0
2016	6	2	14	10	0.0
2016	6	2	14	20	0.0
2016	6	2	14	30	0.34495540766647537
2016	6	2	14	40	0.3649560013336668
2016	6	2	14	50	0.0
2016	6	2	15	0	0.0
2016	6	2	15	10	0.3590745985993635
2016	6	2	15	20	0.0
2016	6	2	15	30	0.04404472539999915
2016	6	2	15	40	0.0
2016	6	2	15	50	0.0
2016	6	2	16	0	0.0
2016	6	2	16	10	0.11840037099955225
2016	6	2	16	20	0.125
2016	6	2	16	30	0.0
2016	6	2	16	40	0.04189994040052625
2016	6	2	16	50	0.0
2016	6	2	17	0	0.0
2016	6	2	17	10	0.0
2016	6	2	17	20	0.0
2016	6	2	17	30	0.003247704333261936
2016	6	2	17	40	0.0
2016	6	2	17	50	0.0
2016	6	2	18	0	0.0
2016	6	2	18	10	0.0
2016	6	2	18	20	0.0
2016	6	2	18	30	0.0
2016	6	2	18	40	0.0
2016	6	2	18	50	0.04979737100029524
2016	6	2	19	0	0.06518499999992855
2016	6	2	19	10	0.0
2016	6	2	19	20	0.0891343259995665
2016	6	2	19	30	0.0
2016	6	2	19	40	0.0
2016	6	2	19	50	0.0
2016	6	2	20	0	0.0
2016	6	2	20	10	0.0
2016	6	2	20	20	0.0
2016	6	2	20	30	0.0
2016	6	2	20	40	0.0
2016	6	2	20	50	0.0
2016	6	2	21	0	0.0
2016	6	2	21	10	0.010005184999954508
2016	6	2	21	20	0.0
2016	6	2	21	30	0.0
2016	6	2	21	40	0.0
2016	6	2	21	50	0.018484871666714753
2016	6	2	22	0	0.0
2016	6	2	22	10	0.0
2016	6	2	22	20	0.0
2016	6	2	22	30	0.0
2016	6	2	22	40	0.0
2016	6	2	22	50	0.015144628999678389
2016	6	2	23	0	0.0
2016	6	2	23	10	9.38666289584944e-07
2016	6	2	23	20	0.0
2016	6	2	23	30	0.0
2016	6	2	23	40	0.0
2016	6	2	23	50	0.0
2016	6	3	0	0	0.0
2016	6	3	0	10	0.0
2016	6	3	0	20	0.0
2016	6	3	0	30	0.0
2016	6	3	0	40	0.0
2016	6	3	0	50	0.0
2016	6	3	1	0	0.016679518666478543
2016	6	3	1	10	0.013346666333291068
2016	6	3	1	20	0.04003899999997884
2016	6	3	1	30	0.065177371000118
2016	6	3	1	40	0.0
2016	6	3	1	50	0.0
2016	6	3	2	0	0.0
2016	6	3	2	10	0.030029000000013184
2016	6	3	2	20	0.04002006700011407
2016	6	3	2	30	0.0
2016	6	3	2	40	0.0
2016	6	3	2	50	0.0
2016	6	3	3	0	0.0
2016	6	3	3	10	0.0
2016	6	3	3	20	0.0
2016	6	3	3	30	0.011548037666671007
2016	6	3	3	40	0.010265443999742274
2016	6	3	3	50	0.0
2016	6	3	4	0	0.0
2016	6	3	4	10	0.0
2016	6	3	4	20	0.0
2016	6	3	4	30	0.0
2016	6	3	4	40	0.0
2016	6	3	4	50	0.03473270899985437
2016	6	3	5	0	0.11499381400017228
2016	6	3	5	10	0.17504137100013395
2016	6	3	5	20	0.1350176289997762
2016	6	3	5	30	0.06005518599977222
2016	6	3	5	40	0.125
2016	6	3	5	50	0.23974218500052302
2016	6	3	6	0	0.27539762899959896
2016	6	3	6	10	0.07469937100040625
2016	6	3	6	20	0.12500762899981055
2016	6	3	6	30	0.2099533710002106
2016	6	3	6	40	0.44532444399965243
2016	6	3	6	50	0.5400313709997135
2016	6	3	7	0	0.3496090000003278
2016	6	3	7	10	0.33012377600016407
2016	6	3	7	20	0.38021092300004966
2016	6	3	7	30	0.3549848149996251
2016	6	3	7	40	0.6100993710001603
2016	6	3	7	50	0.7348668140002701
2016	6	3	8	0	0.7548868149997361
2016	6	3	8	10	0.7150765559999854
2016	6	3	8	20	0.13990444399996704
2016	6	3	8	30	0.33007037100014713
2016	6	3	8	40	0.16016362899972592
2016	6	3	8	50	0.1198691850004252
2016	6	3	9	0	0.2248540000000503
2016	6	3	9	10	0.23022781499958
2016	6	3	9	20	0.2697645560001547
2016	6	3	9	30	0.0
2016	6	3	9	40	0.0
2016	6	3	9	50	0.030930465866731538
2016	6	3	10	0	0.033944698800041806
2016	6	3	10	10	0.024902000000111002
2016	6	3	10	20	0.0
2016	6	3	10	30	0.03003281400015112
2016	6	3	10	40	0.0
2016	6	3	10	50	0.0
2016	6	3	11	0	0.0
2016	6	3	11	10	0.11704216259977329
2016	6	3	11	20	0.0
2016	6	3	11	30	0.0
2016	6	3	11	40	0.0
2016	6	3	11	50	0.0
2016	6	3	12	0	0.21485444400013876
2016	6	3	12	10	0.0
2016	6	3	12	20	0.10409230099958222
2016	6	3	12	30	0.03709801220065856
2016	6	3	12	40	0.20418077379963506
2016	6	3	12	50	0.0
2016	6	3	13	0	0.03677858066657791
2016	6	3	13	10	0.0
2016	6	3	13	20	0.0
2016	6	3	13	30	0.0
2016	6	3	13	40	0.0
2016	6	3	13	50	0.16992200000004232
2016	6	3	14	0	0.0
2016	6	3	14	10	0.0
2016	6	3	14	20	0.0
2016	6	3	14	30	0.0
2016	6	3	14	40	0.13398482820002755
2016	6	3	14	50	0.0
2016	6	3	15	0	0.0
2016	6	3	15	10	0.0
2016	6	3	15	20	0.005037703666403104
2016	6	3	15	30	0.11506403733346815
2016	6	3	15	40	0.0
2016	6	3	15	50	0.11308523680008875
2016	6	3	16	0	0.0
2016	6	3	16	10	0.0
2016	6	3	16	20	0.0
2016	6	3	16	30	0.0
2016	6	3	16	40	0.0
2016	6	3	16	50	0.008463666666557401
2016	6	3	17	0	0.06648766666694428
2016	6	3	17	10	0.0
2016	6	3	17	20	0.0
2016	6	3	17	30	0.0
2016	6	3	17	40	0.17503655599966805
2016	6	3	17	50	0.25000381400013794
2016	6	3	18	0	0.0900918150000507
2016	6	3	18	10	0.025143184999706136
2016	6	3	18	20	0.049801185999967856
2016	6	3	18	30	0.21484681400033878
2016	6	3	18	40	0.0302816299999904
2016	6	3	18	50	0.04584385899988774
2016	6	3	19	0	0.040656449333255296
2016	6	3	19	10	0.0
2016	6	3	19	20	0.0
2016	6	3	19	30	0.02164479000020947
2016	6	3	19	40	0.028156394999768963
2016	6	3	19	50	0.03506063299982998
2016	6	3	20	0	0.0
2016	6	3	20	10	0.016682390800269786
2016	6	3	20	20	0.0
2016	6	3	20	30	0.0
2016	6	3	20	40	0.0
2016	6	3	20	50	0.022999326199624193
2016	6	3	21	0	0.0
2016	6	3	21	10	0.03492344400001457
2016	6	3	21	20	0.16503518500030623
2016	6	3	21	30	0.0
2016	6	3	21	40	0.0
2016	6	3	21	50	0.0
2016	6	3	22	0	0.0
2016	6	3	22	10	0.0
2016	6	3	22	20	0.05004518499981714
2016	6	3	22	30	0.0
2016	6	3	22	40	0.0
2016	6	3	22	50	0.0
2016	6	3	23	0	0.0
2016	6	3	23	10	0.0
2016	6	3	23	20	0.0
2016	6	3	23	30	0.0
2016	6	3	23	40	0.0
2016	6	3	23	50	0.0
2016	6	4	0	0	0.020031444000323972
2016	6	4	0	10	0.0
2016	6	4	0	20	0.0
2016	6	4	0	30	0.0
2016	6	4	0	40	0.0
2016	6	4	0	50	0.0
2016	6	4	1	0	0.0
2016	6	4	1	10	0.0
2016	6	4	1	20	0.0
2016	6	4	1	30	0.00179287633363856
2016	6	4	1	40	0.0
2016	6	4	1	50	0.0
2016	6	4	2	0	0.010253999999804364
2016	6	4	2	10	0.0
2016	6	4	2	20	0.0
2016	6	4	2	30	0.0
2016	6	4	2	40	0.00998711199963509
2016	6	4	2	50	0.0
2016	6	4	3	0	0.0
2016	6	4	3	10	0.010253999999804364
2016	6	4	3	20	0.0
2016	6	4	3	30	0.0
2016	6	4	3	40	0.0
2016	6	4	3	50	0.0
2016	6	4	4	0	0.0
2016	6	4	4	10	0.0
2016	6	4	4	20	0.0
2016	6	4	4	30	0.0
2016	6	4	4	40	0.0
2016	6	4	4	50	0.0
2016	6	4	5	0	0.0
2016	6	4	5	10	0.0
2016	6	4	5	20	0.0
2016	6	4	5	30	0.0
2016	6	4	5	40	0.0
2016	6	4	5	50	0.0
2016	6	4	6	0	0.0
2016	6	4	6	10	0.0
2016	6	4	6	20	0.010009999999965657
2016	6	4	6	30	0.0
2016	6	4	6	40	0.0
2016	6	4	6	50	0.0
2016	6	4	7	0	0.0
2016	6	4	7	10	0.0
2016	6	4	7	20	0.06966222466735417
2016	6	4	7	30	0.0
2016	6	4	7	40	0.014749199332982244
2016	6	4	7	50	0.0
2016	6	4	8	0	0.0
2016	6	4	8	10	0.0
2016	6	4	8	20	0.059899815000335366
2016	6	4	8	30	0.0
2016	6	4	8	40	0.46483537000040087
2016	6	4	8	50	0.2802854439996736
2016	6	4	9	0	0.0
2016	6	4	9	10	0.0
2016	6	4	9	20	0.0
2016	6	4	9	30	0.0
2016	6	4	9	40	0.09902034800006732
2016	6	4	9	50	0.06764377533318111
2016	6	4	10	0	0.0
2016	6	4	10	10	0.0
2016	6	4	10	20	0.33300952599984157
2016	6	4	10	30	0.8649861850003617
2016	6	4	10	40	0.4652178400001503
2016	6	4	10	50	0.3951410709996708
2016	6	4	11	0	0.0
2016	6	4	11	10	0.0
2016	6	4	11	20	0.0
2016	6	4	11	30	0.0
2016	6	4	11	40	0.0
2016	6	4	11	50	0.050052814000082435
2016	6	4	12	0	0.0
2016	6	4	12	10	0.0
2016	6	4	12	20	0.0
2016	6	4	12	30	0.0
2016	6	4	12	40	0.0
2016	6	4	12	50	0.0
2016	6	4	13	0	0.05013033333352723
2016	6	4	13	10	0.1700846666662983
2016	6	4	13	20	0.10497718500027986
2016	6	4	13	30	0.0
2016	6	4	13	40	0.2649767829998382
2016	6	4	13	50	0.5099975559996892
2016	6	4	14	0	1.4597322590002477
2016	6	4	14	10	0.22509418500021638
2016	6	4	14	20	0.0
2016	6	4	14	30	0.0
2016	6	4	14	40	0.0
2016	6	4	14	50	0.0
2016	6	4	15	0	0.0
2016	6	4	15	10	0.0
2016	6	4	15	20	0.0
2016	6	4	15	30	0.06331366666654503
2016	6	4	15	40	0.07657451833347295
2016	6	4	15	50	0.06494199999997363
2016	6	4	16	0	0.0
2016	6	4	16	10	0.022074014799727593
2016	6	4	16	20	0.0
2016	6	4	16	30	0.0
2016	6	4	16	40	0.025062216999685916
2016	6	4	16	50	0.0
2016	6	4	17	0	0.0
2016	6	4	17	10	0.0
2016	6	4	17	20	0.005040913666562119
2016	6	4	17	30	0.0019840197332996468
2016	6	4	17	40	0.022993622600097297
2016	6	4	17	50	0.0
2016	6	4	18	0	0.0
2016	6	4	18	10	0.0
2016	6	4	18	20	0.007991854333340598
2016	6	4	18	30	0.0
2016	6	4	18	40	0.0
2016	6	4	18	50	0.0
2016	6	4	19	0	0.0
2016	6	4	19	10	0.0
2016	6	4	19	20	0.0
2016	6	4	19	30	0.039413389999936044
2016	6	4	19	40	0.029678047000288643
2016	6	4	19	50	0.010025259000030928
2016	6	4	20	0	0.0
2016	6	4	20	10	0.0
2016	6	4	20	20	0.020008555999538657
2016	6	4	20	30	0.01001281500020923
2016	6	4	20	40	0.0
2016	6	4	20	50	0.0
2016	6	4	21	0	0.0
2016	6	4	21	10	0.0
2016	6	4	21	20	0.0
2016	6	4	21	30	0.0
2016	6	4	21	40	0.0
2016	6	4	21	50	0.0
2016	6	4	22	0	0.0
2016	6	4	22	10	0.0
2016	6	4	22	20	0.0
2016	6	4	22	30	0.0
2016	6	4	22	40	0.0
2016	6	4	22	50	0.0
2016	6	4	23	0	0.0
2016	6	4	23	10	0.0
2016	6	4	23	20	0.0
2016	6	4	23	30	0.0
2016	6	4	23	40	0.0
2016	6	4	23	50	0.0
2016	6	5	0	0	0.0
2016	6	5	0	10	0.0
2016	6	5	0	20	0.0
2016	6	5	0	30	0.0
2016	6	5	0	40	0.020030444000440184
2016	6	5	0	50	0.06517837099954704
2016	6	5	1	0	0.03491200000007666
2016	6	5	1	10	0.0
2016	6	5	1	20	0.0
2016	6	5	1	30	0.0
2016	6	5	1	40	0.0
2016	6	5	1	50	0.0
2016	6	5	2	0	0.0
2016	6	5	2	10	0.0
2016	6	5	2	20	0.0
2016	6	5	2	30	0.0
2016	6	5	2	40	0.0
2016	6	5	2	50	0.0
2016	6	5	3	0	0.0
2016	6	5	3	10	0.0
2016	6	5	3	20	0.0
2016	6	5	3	30	0.0
2016	6	5	3	40	0.0
2016	6	5	3	50	0.0
2016	6	5	4	0	0.0
2016	6	5	4	10	0.0
2016	6	5	4	20	0.013347938000151771
2016	6	5	4	30	0.0
2016	6	5	4	40	0.003334123333388561
2016	6	5	4	50	0.0
2016	6	5	5	0	0.0
2016	6	5	5	10	0.0
2016	6	5	5	20	0.0
2016	6	5	5	30	0.0
2016	6	5	5	40	0.0
2016	6	5	5	50	0.0
2016	6	5	6	0	0.0
2016	6	5	6	10	0.0
2016	6	5	6	20	0.0
2016	6	5	6	30	0.0
2016	6	5	6	40	0.0
2016	6	5	6	50	0.0
2016	6	5	7	0	0.11499762900029964
2016	6	5	7	10	0.039791185000012774
2016	6	5	7	20	0.0
2016	6	5	7	30	0.0
2016	6	5	7	40	0.0
2016	6	5	7	50	0.0
2016	6	5	8	0	0.0
2016	6	5	8	10	0.0
2016	6	5	8	20	0.0
2016	6	5	8	30	0.0
2016	6	5	8	40	0.0
2016	6	5	8	50	0.0
2016	6	5	9	0	0.0
2016	6	5	9	10	0.02490299999999479
2016	6	5	9	20	0.0
2016	6	5	9	30	0.0
2016	6	5	9	40	0.0
2016	6	5	9	50	0.0
2016	6	5	10	0	0.0
2016	6	5	10	10	0.0
2016	6	5	10	20	0.0
2016	6	5	10	30	0.4099196300003314
2016	6	5	10	40	0.6198653699998431
2016	6	5	10	50	0.7802768149999793
2016	6	5	11	0	0.3300779999999577
2016	6	5	11	10	0.0
2016	6	5	11	20	0.0
2016	6	5	11	30	0.09521118499969816
2016	6	5	11	40	0.0
2016	6	5	11	50	0.0
2016	6	5	12	0	0.0
2016	6	5	12	10	0.0
2016	6	5	12	20	0.0
2016	6	5	12	30	0.0
2016	6	5	12	40	1.4047850000001745
2016	6	5	12	50	4.735344369999893
2016	6	5	13	0	2.9548492590001842
2016	6	5	13	10	0.24486918499997046
2016	6	5	13	20	0.4902263710000625
2016	6	5	13	30	0.05981881499974406
2016	6	5	13	40	0.0
2016	6	5	13	50	0.1501459999999497
2016	6	5	14	0	0.22998862900021777
2016	6	5	14	10	0.10496855600013077
2016	6	5	14	20	0.0
2016	6	5	14	30	0.0
2016	6	5	14	40	0.0
2016	6	5	14	50	0.0
2016	6	5	15	0	0.0
2016	6	5	15	10	0.0
2016	6	5	15	20	0.0
2016	6	5	15	30	0.0
2016	6	5	15	40	0.013362412266815227
2016	6	5	15	50	0.0
2016	6	5	16	0	0.03833381466665742
2016	6	5	16	10	0.010009666666519479
2016	6	5	16	20	0.11002472800009855
2016	6	5	16	30	0.049801186000422604
2016	6	5	16	40	0.0
2016	6	5	16	50	0.0
2016	6	5	17	0	0.0
2016	6	5	17	10	0.0
2016	6	5	17	20	0.0
2016	6	5	17	30	0.0
2016	6	5	17	40	0.005032540466800128
2016	6	5	17	50	0.0
2016	6	5	18	0	0.0
2016	6	5	18	10	0.16015599999991537
2016	6	5	18	20	0.016539615000056074
2016	6	5	18	30	0.0049017129999811004
2016	6	5	18	40	0.0
2016	6	5	18	50	0.049836883999887505
2016	6	5	19	0	0.04643262000035975
2016	6	5	19	10	0.0
2016	6	5	19	20	7.827999979781453e-05
2016	6	5	19	30	0.030984457000158727
2016	6	5	19	40	0.0
2016	6	5	19	50	0.0
2016	6	5	20	0	0.0
2016	6	5	20	10	0.0
2016	6	5	20	20	0.0
2016	6	5	20	30	0.0
2016	6	5	20	40	0.0
2016	6	5	20	50	0.0
2016	6	5	21	0	0.0
2016	6	5	21	10	0.0
2016	6	5	21	20	0.0
2016	6	5	21	30	0.0
2016	6	5	21	40	0.0
2016	6	5	21	50	0.0
2016	6	5	22	0	0.0
2016	6	5	22	10	0.0
2016	6	5	22	20	0.0
2016	6	5	22	30	0.0
2016	6	5	22	40	0.0
2016	6	5	22	50	0.0
2016	6	5	23	0	0.0
2016	6	5	23	10	0.0
2016	6	5	23	20	0.0
2016	6	5	23	30	0.0
2016	6	5	23	40	0.0
2016	6	5	23	50	0.0
2016	6	6	0	0	0.0
2016	6	6	0	10	0.0
2016	6	6	0	20	0.0
2016	6	6	0	30	0.01817427533387672
2016	6	6	0	40	0.04635473666621692
2016	6	6	0	50	0.03878015000009327
2016	6	6	1	0	0.0
2016	6	6	1	10	0.0
2016	6	6	1	20	0.0
2016	6	6	1	30	0.0
2016	6	6	1	40	0.0
2016	6	6	1	50	0.0
2016	6	6	2	0	0.0
2016	6	6	2	10	0.0
2016	6	6	2	20	0.0
2016	6	6	2	30	0.0
2016	6	6	2	40	0.0
2016	6	6	2	50	0.01604885300002934
2016	6	6	3	0	0.0
2016	6	6	3	10	0.0
2016	6	6	3	20	0.0
2016	6	6	3	30	0.0
2016	6	6	3	40	0.0
2016	6	6	3	50	0.0
2016	6	6	4	0	0.0
2016	6	6	4	10	0.0
2016	6	6	4	20	0.0
2016	6	6	4	30	0.0
2016	6	6	4	40	0.0
2016	6	6	4	50	0.0
2016	6	6	5	0	0.0
2016	6	6	5	10	0.0
2016	6	6	5	20	0.0
2016	6	6	5	30	0.0
2016	6	6	5	40	0.0
2016	6	6	5	50	0.04514706700001625
2016	6	6	6	0	0.0
2016	6	6	6	10	0.0
2016	6	6	6	20	0.0
2016	6	6	6	30	0.0
2016	6	6	6	40	0.0
2016	6	6	6	50	0.03027018600005249
2016	6	6	7	0	0.0
2016	6	6	7	10	0.0
2016	6	6	7	20	0.0
2016	6	6	7	30	0.0852088139999978
2016	6	6	7	40	0.0
2016	6	6	7	50	0.0
2016	6	6	8	0	0.0
2016	6	6	8	10	0.08472067399998195
2016	6	6	8	20	0.0
2016	6	6	8	30	0.0
2016	6	6	8	40	0.0
2016	6	6	8	50	0.1769492038001772
2016	6	6	9	0	0.019660074199691735
2016	6	6	9	10	0.00551840266734871
2016	6	6	9	20	0.0
2016	6	6	9	30	0.0
2016	6	6	9	40	0.0
2016	6	6	9	50	0.0
2016	6	6	10	0	0.0
2016	6	6	10	10	0.0
2016	6	6	10	20	0.01851538866685587
2016	6	6	10	30	0.18654019699988567
2016	6	6	10	40	0.0
2016	6	6	10	50	0.0
2016	6	6	11	0	0.09960518500020044
2016	6	6	11	10	0.0
2016	6	6	11	20	0.0
2016	6	6	11	30	0.08544165199964482
2016	6	6	11	40	0.024905814000248938
2016	6	6	11	50	0.0
2016	6	6	12	0	0.0
2016	6	6	12	10	0.0
2016	6	6	12	20	0.0
2016	6	6	12	30	0.0
2016	6	6	12	40	0.05714438399991195
2016	6	6	12	50	0.0
2016	6	6	13	0	0.0
2016	6	6	13	10	0.0
2016	6	6	13	20	0.0
2016	6	6	13	30	0.0
2016	6	6	13	40	0.0
2016	6	6	13	50	0.08064142079956582
2016	6	6	14	0	0.0
2016	6	6	14	10	0.0
2016	6	6	14	20	0.0
2016	6	6	14	30	0.1407700160002605
2016	6	6	14	40	0.01173404519977339
2016	6	6	14	50	0.0
2016	6	6	15	0	0.026643075666925142
2016	6	6	15	10	0.0
2016	6	6	15	20	0.0
2016	6	6	15	30	0.0
2016	6	6	15	40	0.0
2016	6	6	15	50	0.0
2016	6	6	16	0	0.0
2016	6	6	16	10	0.0
2016	6	6	16	20	0.0
2016	6	6	16	30	0.0
2016	6	6	16	40	0.0
2016	6	6	16	50	0.029929676999927324
2016	6	6	17	0	0.0
2016	6	6	17	10	0.0
2016	6	6	17	20	0.0
2016	6	6	17	30	0.032290074200318486
2016	6	6	17	40	0.08598838280022392
2016	6	6	17	50	0.0
2016	6	6	18	0	0.0
2016	6	6	18	10	0.0
2016	6	6	18	20	0.10347379833319792
2016	6	6	18	30	0.09100352800032852
2016	6	6	18	40	0.15002788499987219
2016	6	6	18	50	0.0
2016	6	6	19	0	0.03516362999971534
2016	6	6	19	10	0.02928131899989239
2016	6	6	19	20	0.032688032000351086
2016	6	6	19	30	0.0
2016	6	6	19	40	0.0016033543997764355
2016	6	6	19	50	0.0
2016	6	6	20	0	0.0
2016	6	6	20	10	0.0
2016	6	6	20	20	0.0
2016	6	6	20	30	0.0
2016	6	6	20	40	0.0
2016	6	6	20	50	0.0
2016	6	6	21	0	0.0
2016	6	6	21	10	0.0
2016	6	6	21	20	0.0
2016	6	6	21	30	0.0
2016	6	6	21	40	0.0
2016	6	6	21	50	0.0
2016	6	6	22	0	0.0
2016	6	6	22	10	0.0
2016	6	6	22	20	0.0
2016	6	6	22	30	0.0
2016	6	6	22	40	0.0
2016	6	6	22	50	0.0
2016	6	6	23	0	0.0
2016	6	6	23	10	0.0
2016	6	6	23	20	0.0
2016	6	6	23	30	0.0
2016	6	6	23	40	0.0
2016	6	6	23	50	0.0
2016	6	7	0	0	0.010498282000298786
2016	6	7	0	10	0.0
2016	6	7	0	20	0.0
2016	6	7	0	30	0.0
2016	6	7	0	40	0.0
2016	6	7	0	50	0.0
2016	6	7	1	0	0.0
2016	6	7	1	10	0.0
2016	6	7	1	20	0.0
2016	6	7	1	30	0.0
2016	6	7	1	40	0.0
2016	6	7	1	50	0.0
2016	6	7	2	0	0.0
2016	6	7	2	10	0.0
2016	6	7	2	20	0.0151855910003178
2016	6	7	2	30	0.0
2016	6	7	2	40	0.0
2016	6	7	2	50	0.0
2016	6	7	3	0	0.0
2016	6	7	3	10	0.0
2016	6	7	3	20	0.0
2016	6	7	3	30	0.0
2016	6	7	3	40	0.0
2016	6	7	3	50	0.0
2016	6	7	4	0	0.0
2016	6	7	4	10	0.0
2016	6	7	4	20	0.0
2016	6	7	4	30	0.0
2016	6	7	4	40	0.0
2016	6	7	4	50	0.0
2016	6	7	5	0	0.0
2016	6	7	5	10	0.0
2016	6	7	5	20	0.0
2016	6	7	5	30	0.0
2016	6	7	5	40	0.0
2016	6	7	5	50	0.014884371000334795
2016	6	7	6	0	0.0
2016	6	7	6	10	0.0
2016	6	7	6	20	0.0
2016	6	7	6	30	0.0
2016	6	7	6	40	0.0
2016	6	7	6	50	0.0
2016	6	7	7	0	0.0
2016	6	7	7	10	0.0
2016	6	7	7	20	0.0
2016	6	7	7	30	0.0
2016	6	7	7	40	0.0
2016	6	7	7	50	0.00490452300027755
2016	6	7	8	0	0.09159604599972226
2016	6	7	8	10	0.06902291300002616
2016	6	7	8	20	0.0
2016	6	7	8	30	0.0
2016	6	7	8	40	0.16992200000004232
2016	6	7	8	50	0.0
2016	6	7	9	0	0.0
2016	6	7	9	10	0.0
2016	6	7	9	20	0.20530688100006955
2016	6	7	9	30	0.0
2016	6	7	9	40	0.0
2016	6	7	9	50	0.0
2016	6	7	10	0	0.0
2016	6	7	10	10	0.0
2016	6	7	10	20	0.0
2016	6	7	10	30	0.0
2016	6	7	10	40	0.0
2016	6	7	10	50	0.04997652099973493
2016	6	7	11	0	0.0
2016	6	7	11	10	0.0
2016	6	7	11	20	0.0
2016	6	7	11	30	0.0
2016	6	7	11	40	0.0
2016	6	7	11	50	0.14509910900005707
2016	6	7	12	0	0.0
2016	6	7	12	10	0.0010795968005368195
2016	6	7	12	20	0.2691408562000106
2016	6	7	12	30	0.0
2016	6	7	12	40	0.09614525200004209
2016	6	7	12	50	0.0
2016	6	7	13	0	0.0
2016	6	7	13	10	0.0
2016	6	7	13	20	0.15994529340014196
2016	6	7	13	30	0.09985857159972511
2016	6	7	13	40	0.0
2016	6	7	13	50	0.00022900486646904028
2016	6	7	14	0	0.062841599800322
2016	6	7	14	10	0.0
2016	6	7	14	20	0.0
2016	6	7	14	30	0.0
2016	6	7	14	40	0.012444777999917278
2016	6	7	14	50	0.01344141400022636
2016	6	7	15	0	0.0
2016	6	7	15	10	0.0
2016	6	7	15	20	0.0
2016	6	7	15	30	0.0
2016	6	7	15	40	0.0298687819999941
2016	6	7	15	50	0.0
2016	6	7	16	0	0.0
2016	6	7	16	10	0.0
2016	6	7	16	20	0.0
2016	6	7	16	30	0.0
2016	6	7	16	40	0.03491200000007666
2016	6	7	16	50	0.0
2016	6	7	17	0	0.0
2016	6	7	17	10	0.031938015999458
2016	6	7	17	20	0.028700818000288564
2016	6	7	17	30	0.0
2016	6	7	17	40	0.0
2016	6	7	17	50	0.0
2016	6	7	18	0	0.0
2016	6	7	18	10	0.07983400000011898
2016	6	7	18	20	0.0
2016	6	7	18	30	0.0
2016	6	7	18	40	0.0
2016	6	7	18	50	0.0
2016	6	7	19	0	0.026019296400136227
2016	6	7	19	10	0.0
2016	6	7	19	20	0.03026536999959717
2016	6	7	19	30	0.0
2016	6	7	19	40	0.010250184999677003
2016	6	7	19	50	0.0
2016	6	7	20	0	0.008887000200047623
2016	6	7	20	10	0.0008789998000793275
2016	6	7	20	20	0.0
2016	6	7	20	30	0.0
2016	6	7	20	40	0.0
2016	6	7	20	50	0.0
2016	6	7	21	0	0.0
2016	6	7	21	10	0.0
2016	6	7	21	20	0.0
2016	6	7	21	30	0.0
2016	6	7	21	40	0.0
2016	6	7	21	50	0.0
2016	6	7	22	0	0.0
2016	6	7	22	10	0.0
2016	6	7	22	20	0.0
2016	6	7	22	30	0.0
2016	6	7	22	40	0.0
2016	6	7	22	50	0.0
2016	6	7	23	0	0.018556032000105915
2016	6	7	23	10	0.01709587899995313
2016	6	7	23	20	0.0
2016	6	7	23	30	0.0
2016	6	7	23	40	0.021001140600219514
2016	6	7	23	50	0.004152488399995491
2016	6	8	0	0	0.0
2016	6	8	0	10	0.0
2016	6	8	0	20	0.0
2016	6	8	0	30	0.0
2016	6	8	0	40	0.0
2016	6	8	0	50	0.0
2016	6	8	1	0	0.0
2016	6	8	1	10	0.0
2016	6	8	1	20	0.0
2016	6	8	1	30	0.0
2016	6	8	1	40	0.0
2016	6	8	1	50	0.0
2016	6	8	2	0	0.0
2016	6	8	2	10	0.0
2016	6	8	2	20	0.0
2016	6	8	2	30	0.0
2016	6	8	2	40	0.0
2016	6	8	2	50	0.0
2016	6	8	3	0	0.0
2016	6	8	3	10	0.0
2016	6	8	3	20	0.0
2016	6	8	3	30	0.0
2016	6	8	3	40	0.0
2016	6	8	3	50	0.0
2016	6	8	4	0	0.0
2016	6	8	4	10	0.0
2016	6	8	4	20	0.0
2016	6	8	4	30	0.0
2016	6	8	4	40	0.0
2016	6	8	4	50	0.0
2016	6	8	5	0	0.0
2016	6	8	5	10	0.0
2016	6	8	5	20	0.0
2016	6	8	5	30	0.0
2016	6	8	5	40	0.0
2016	6	8	5	50	0.0
2016	6	8	6	0	0.0
2016	6	8	6	10	0.0
2016	6	8	6	20	0.0
2016	6	8	6	30	0.008005111199963721
2016	6	8	6	40	0.0
2016	6	8	6	50	0.025147925799956283
2016	6	8	7	0	0.0
2016	6	8	7	10	0.0
2016	6	8	7	20	0.0
2016	6	8	7	30	0.0
2016	6	8	7	40	0.04516218599974309
2016	6	8	7	50	1.79980781400036
2016	6	8	8	0	2.990231185999619
2016	6	8	8	10	1.0148958140002833
2016	6	8	8	20	2.93505899999991
2016	6	8	8	30	4.635006185999828
2016	6	8	8	40	2.1098706290003975
2016	6	8	8	50	0.9102399229996081
2016	6	8	9	0	0.816296217999934
2016	6	8	9	10	0.4652053960003286
2016	6	8	9	20	0.09008037100011279
2016	6	8	9	30	0.0
2016	6	8	9	40	0.0
2016	6	8	9	50	0.6049876300003234
2016	6	8	10	0	1.1049695560000146
2016	6	8	10	10	0.10474362900004053
2016	6	8	10	20	2.022598734999974
2016	6	8	10	30	4.169486515999779
2016	6	8	10	40	0.26364173200045116
2016	6	8	10	50	0.0
2016	6	8	11	0	0.0
2016	6	8	11	10	0.8810079600002609
2016	6	8	11	20	0.058773354000095424
2016	6	8	11	30	0.23169199066614965
2016	6	8	11	40	0.0
2016	6	8	11	50	0.0
2016	6	8	12	0	0.0
2016	6	8	12	10	0.0
2016	6	8	12	20	0.0
2016	6	8	12	30	0.0
2016	6	8	12	40	0.0
2016	6	8	12	50	0.0
2016	6	8	13	0	0.04515178866677161
2016	6	8	13	10	0.042022642666779575
2016	6	8	13	20	0.038893496666332794
2016	6	8	13	30	0.0
2016	6	8	13	40	0.0
2016	6	8	13	50	0.10513659000025655
2016	6	8	14	0	0.22569285899999159
2016	6	8	14	10	0.26492351700017025
2016	6	8	14	20	0.3300589269997545
2016	6	8	14	30	0.0
2016	6	8	14	40	0.0
2016	6	8	14	50	0.0
2016	6	8	15	0	0.0
2016	6	8	15	10	0.0
2016	6	8	15	20	0.0
2016	6	8	15	30	0.0
2016	6	8	15	40	0.0
2016	6	8	15	50	0.0
2016	6	8	16	0	0.0
2016	6	8	16	10	0.0
2016	6	8	16	20	0.20505892599976505
2016	6	8	16	30	0.18992955600015193
2016	6	8	16	40	0.10421810799971354
2016	6	8	16	50	0.10505610600012005
2016	6	8	17	0	0.0
2016	6	8	17	10	0.0
2016	6	8	17	20	0.0
2016	6	8	17	30	0.0
2016	6	8	17	40	0.0
2016	6	8	17	50	0.0
2016	6	8	18	0	0.0
2016	6	8	18	10	0.0
2016	6	8	18	20	0.0
2016	6	8	18	30	0.0
2016	6	8	18	40	0.0
2016	6	8	18	50	0.0
2016	6	8	19	0	0.0
2016	6	8	19	10	0.0
2016	6	8	19	20	0.0
2016	6	8	19	30	0.0
2016	6	8	19	40	0.0
2016	6	8	19	50	0.0
2016	6	8	20	0	0.0
2016	6	8	20	10	0.0
2016	6	8	20	20	0.0
2016	6	8	20	30	0.0
2016	6	8	20	40	0.0
2016	6	8	20	50	0.0
2016	6	8	21	0	0.0
2016	6	8	21	10	0.0
2016	6	8	21	20	0.0
2016	6	8	21	30	0.0
2016	6	8	21	40	0.0
2016	6	8	21	50	0.0
2016	6	8	22	0	0.0
2016	6	8	22	10	0.0
2016	6	8	22	20	0.0
2016	6	8	22	30	0.0
2016	6	8	22	40	0.0
2016	6	8	22	50	0.0
2016	6	8	23	0	0.0
2016	6	8	23	10	0.0
2016	6	8	23	20	0.0
2016	6	8	23	30	0.0
2016	6	8	23	40	0.0
2016	6	8	23	50	0.0
2016	6	9	0	0	0.0
2016	6	9	0	10	0.0
2016	6	9	0	20	1.4347539650002545
2016	6	9	0	30	1.3349762589996317
2016	6	9	0	40	0.79229734799992
2016	6	9	0	50	0.5876075870005479
2016	6	9	1	0	0.3785934449997512
2016	6	9	1	10	0.026596818999678362
2016	6	9	1	20	0.0
2016	6	9	1	30	0.0
2016	6	9	1	40	0.0
2016	6	9	1	50	0.0
2016	6	9	2	0	0.0
2016	6	9	2	10	0.0
2016	6	9	2	20	0.0
2016	6	9	2	30	0.0
2016	6	9	2	40	0.0
2016	6	9	2	50	0.0
2016	6	9	3	0	0.0
2016	6	9	3	10	0.0
2016	6	9	3	20	0.0
2016	6	9	3	30	0.0
2016	6	9	3	40	0.0
2016	6	9	3	50	0.020583528999850387
2016	6	9	4	0	0.33705131299984714
2016	6	9	4	10	0.7959291270003632
2016	6	9	4	20	0.4343113199997788
2016	6	9	4	30	0.0
2016	6	9	4	40	0.0
2016	6	9	4	50	0.0
2016	6	9	5	0	0.0
2016	6	9	5	10	0.1963877439998214
2016	6	9	5	20	0.1347965180002575
2016	6	9	5	30	0.22020755799985636
2016	6	9	5	40	0.0
2016	6	9	5	50	0.03406096319986318
2016	6	9	6	0	0.0
2016	6	9	6	10	0.0
2016	6	9	6	20	0.0
2016	6	9	6	30	0.0
2016	6	9	6	40	0.0
2016	6	9	6	50	0.0
2016	6	9	7	0	0.0
2016	6	9	7	10	0.0
2016	6	9	7	20	0.0
2016	6	9	7	30	0.0
2016	6	9	7	40	0.0
2016	6	9	7	50	0.0
2016	6	9	8	0	0.0
2016	6	9	8	10	0.02982010759978948
2016	6	9	8	20	0.011866794400248182
2016	6	9	8	30	0.0
2016	6	9	8	40	0.04840109799988568
2016	6	9	8	50	0.0
2016	6	9	9	0	0.0
2016	6	9	9	10	0.0
2016	6	9	9	20	0.0
2016	6	9	9	30	0.0
2016	6	9	9	40	0.0
2016	6	9	9	50	0.0
2016	6	9	10	0	0.05004037100025016
2016	6	9	10	10	0.0
2016	6	9	10	20	0.0
2016	6	9	10	30	0.0
2016	6	9	10	40	0.0
2016	6	9	10	50	0.0
2016	6	9	11	0	0.0
2016	6	9	11	10	0.0
2016	6	9	11	20	0.0
2016	6	9	11	30	0.0
2016	6	9	11	40	0.0
2016	6	9	11	50	0.0
2016	6	9	12	0	0.0
2016	6	9	12	10	0.0
2016	6	9	12	20	0.0
2016	6	9	12	30	0.0
2016	6	9	12	40	0.0
2016	6	9	12	50	0.0
2016	6	9	13	0	0.0
2016	6	9	13	10	0.0
2016	6	9	13	20	0.0
2016	6	9	13	30	0.0
2016	6	9	13	40	0.0
2016	6	9	13	50	0.0
2016	6	9	14	0	0.0698011120002775
2016	6	9	14	10	0.0
2016	6	9	14	20	0.0
2016	6	9	14	30	0.0
2016	6	9	14	40	0.0
2016	6	9	14	50	0.0
2016	6	9	15	0	0.0
2016	6	9	15	10	0.0
2016	6	9	15	20	0.0
2016	6	9	15	30	0.05407736699999077
2016	6	9	15	40	0.0
2016	6	9	15	50	0.0
2016	6	9	16	0	0.0
2016	6	9	16	10	0.0
2016	6	9	16	20	0.22865992700008064
2016	6	9	16	30	0.0
2016	6	9	16	40	0.0
2016	6	9	16	50	0.0
2016	6	9	17	0	0.0
2016	6	9	17	10	0.0
2016	6	9	17	20	0.0
2016	6	9	17	30	0.034377802000108204
2016	6	9	17	40	0.0
2016	6	9	17	50	0.09497862899979737
2016	6	9	18	0	0.014892000000145345
2016	6	9	18	10	0.02008098833312033
2016	6	9	18	20	0.0
2016	6	9	18	30	0.0
2016	6	9	18	40	0.0
2016	6	9	18	50	0.0
2016	6	9	19	0	0.0
2016	6	9	19	10	0.0
2016	6	9	19	20	0.0
2016	6	9	19	30	0.0
2016	6	9	19	40	0.0
2016	6	9	19	50	0.0
2016	6	9	20	0	0.0
2016	6	9	20	10	0.0
2016	6	9	20	20	0.0
2016	6	9	20	30	0.0121464180001567
2016	6	9	20	40	0.0
2016	6	9	20	50	0.0
2016	6	9	21	0	0.0
2016	6	9	21	10	0.0
2016	6	9	21	20	0.0
2016	6	9	21	30	0.0
2016	6	9	21	40	0.0
2016	6	9	21	50	0.0
2016	6	9	22	0	0.0
2016	6	9	22	10	0.0
2016	6	9	22	20	0.0
2016	6	9	22	30	0.0
2016	6	9	22	40	0.0
2016	6	9	22	50	0.0
2016	6	9	23	0	0.0
2016	6	9	23	10	0.0
2016	6	9	23	20	0.0
2016	6	9	23	30	0.0
2016	6	9	23	40	0.0
2016	6	9	23	50	0.0
2016	6	10	0	0	0.0
2016	6	10	0	10	0.0
2016	6	10	0	20	0.0
2016	6	10	0	30	0.0
2016	6	10	0	40	0.0
2016	6	10	0	50	0.0
2016	6	10	1	0	0.0
2016	6	10	1	10	0.0
2016	6	10	1	20	0.0
2016	6	10	1	30	0.0
2016	6	10	1	40	0.0
2016	6	10	1	50	0.0
2016	6	10	2	0	0.0
2016	6	10	2	10	0.0
2016	6	10	2	20	0.0
2016	6	10	2	30	0.0
2016	6	10	2	40	0.0
2016	6	10	2	50	0.0
2016	6	10	3	0	0.0
2016	6	10	3	10	0.0
2016	6	10	3	20	0.0
2016	6	10	3	30	0.0
2016	6	10	3	40	0.0
2016	6	10	3	50	0.0
2016	6	10	4	0	0.0
2016	6	10	4	10	0.0
2016	6	10	4	20	0.0
2016	6	10	4	30	0.0
2016	6	10	4	40	0.0
2016	6	10	4	50	0.0
2016	6	10	5	0	0.0
2016	6	10	5	10	0.0
2016	6	10	5	20	0.0
2016	6	10	5	30	0.0
2016	6	10	5	40	0.0
2016	6	10	5	50	0.0
2016	6	10	6	0	0.009908826400078397
2016	6	10	6	10	0.0
2016	6	10	6	20	0.0
2016	6	10	6	30	0.0
2016	6	10	6	40	0.0
2016	6	10	6	50	0.0
2016	6	10	7	0	0.0
2016	6	10	7	10	0.0
2016	6	10	7	20	0.0
2016	6	10	7	30	0.0
2016	6	10	7	40	0.0
2016	6	10	7	50	0.0
2016	6	10	8	0	0.0
2016	6	10	8	10	0.0
2016	6	10	8	20	0.0
2016	6	10	8	30	0.0
2016	6	10	8	40	0.0
2016	6	10	8	50	0.0
2016	6	10	9	0	0.0
2016	6	10	9	10	0.0
2016	6	10	9	20	0.0
2016	6	10	9	30	0.0
2016	6	10	9	40	0.0
2016	6	10	9	50	0.0
2016	6	10	10	0	0.0
2016	6	10	10	10	0.0
2016	6	10	10	20	0.0
2016	6	10	10	30	0.0
2016	6	10	10	40	0.0
2016	6	10	10	50	0.0
2016	6	10	11	0	0.0
2016	6	10	11	10	0.0
2016	6	10	11	20	0.0
2016	6	10	11	30	0.0
2016	6	10	11	40	0.0
2016	6	10	11	50	0.0
2016	6	10	12	0	0.0
2016	6	10	12	10	0.0
2016	6	10	12	20	0.0
2016	6	10	12	30	0.0
2016	6	10	12	40	0.0
2016	6	10	12	50	0.0
2016	6	10	13	0	0.0
2016	6	10	13	10	0.0
2016	6	10	13	20	0.0
2016	6	10	13	30	0.0
2016	6	10	13	40	0.0
2016	6	10	13	50	0.0
2016	6	10	14	0	0.0
2016	6	10	14	10	0.0
2016	6	10	14	20	0.0
2016	6	10	14	30	0.0
2016	6	10	14	40	0.0
2016	6	10	14	50	0.0
2016	6	10	15	0	0.0
2016	6	10	15	10	0.0
2016	6	10	15	20	0.0
2016	6	10	15	30	0.0
2016	6	10	15	40	0.0
2016	6	10	15	50	0.0
2016	6	10	16	0	0.0
2016	6	10	16	10	0.0
2016	6	10	16	20	0.0
2016	6	10	16	30	0.0
2016	6	10	16	40	0.0
2016	6	10	16	50	0.0
2016	6	10	17	0	0.03916152559941111
2016	6	10	17	10	0.0
2016	6	10	17	20	0.0
2016	6	10	17	30	0.0
2016	6	10	17	40	0.0
2016	6	10	17	50	0.0
2016	6	10	18	0	0.0
2016	6	10	18	10	0.0
2016	6	10	18	20	0.0
2016	6	10	18	30	0.0
2016	6	10	18	40	0.0
2016	6	10	18	50	0.03822320400013268
2016	6	10	19	0	0.014876741000080074
2016	6	10	19	10	0.010253999999804364
2016	6	10	19	20	0.0
2016	6	10	19	30	0.0
2016	6	10	19	40	0.0
2016	6	10	19	50	0.0
2016	6	10	20	0	0.0
2016	6	10	20	10	0.0
2016	6	10	20	20	0.0
2016	6	10	20	30	0.0
2016	6	10	20	40	0.0
2016	6	10	20	50	0.0
2016	6	10	21	0	0.0
2016	6	10	21	10	0.0
2016	6	10	21	20	0.0
2016	6	10	21	30	0.0
2016	6	10	21	40	0.0
2016	6	10	21	50	0.0
2016	6	10	22	0	0.0
2016	6	10	22	10	0.0
2016	6	10	22	20	0.0
2016	6	10	22	30	0.0
2016	6	10	22	40	0.0
2016	6	10	22	50	0.0
2016	6	10	23	0	0.0
2016	6	10	23	10	0.0
2016	6	10	23	20	0.0
2016	6	10	23	30	0.0
2016	6	10	23	40	0.0
2016	6	10	23	50	0.0
2016	6	11	0	0	0.0
2016	6	11	0	10	0.0
2016	6	11	0	20	0.0
2016	6	11	0	30	0.0
2016	6	11	0	40	0.0
2016	6	11	0	50	0.0
2016	6	11	1	0	0.0
2016	6	11	1	10	0.01341189699996903
2016	6	11	1	20	0.0
2016	6	11	1	30	0.0
2016	6	11	1	40	0.0
2016	6	11	1	50	0.0
2016	6	11	2	0	0.0
2016	6	11	2	10	0.010062786333492113
2016	6	11	2	20	0.0
2016	6	11	2	30	0.04482257866675354
2016	6	11	2	40	0.07520362899958855
2016	6	11	2	50	0.03490437100026611
2016	6	11	3	0	0.0
2016	6	11	3	10	0.0
2016	6	11	3	20	0.0
2016	6	11	3	30	0.0
2016	6	11	3	40	0.009956622199752019
2016	6	11	3	50	0.0
2016	6	11	4	0	0.008298123333133844
2016	6	11	4	10	0.0
2016	6	11	4	20	0.0
2016	6	11	4	30	0.0
2016	6	11	4	40	0.010253999999804364
2016	6	11	4	50	0.0
2016	6	11	5	0	0.0
2016	6	11	5	10	0.021489419666522735
2016	6	11	5	20	0.0
2016	6	11	5	30	0.6890254720001394
2016	6	11	5	40	2.2441405780000423
2016	6	11	5	50	1.440178370999547
2016	6	11	6	0	0.1750489999999445
2016	6	11	6	10	0.0
2016	6	11	6	20	0.06005442259993288
2016	6	11	6	30	0.0
2016	6	11	6	40	0.00806445759963026
2016	6	11	6	50	0.0
2016	6	11	7	0	0.025108993999765516
2016	6	11	7	10	0.0
2016	6	11	7	20	0.0
2016	6	11	7	30	0.0
2016	6	11	7	40	0.0
2016	6	11	7	50	0.0
2016	6	11	8	0	0.0
2016	6	11	8	10	0.0
2016	6	11	8	20	0.0
2016	6	11	8	30	0.0
2016	6	11	8	40	0.0
2016	6	11	8	50	0.0
2016	6	11	9	0	0.05516836999959196
2016	6	11	9	10	0.0
2016	6	11	9	20	0.0
2016	6	11	9	30	0.0
2016	6	11	9	40	0.0
2016	6	11	9	50	0.020066673133442237
2016	6	11	10	0	0.0249768241997117
2016	6	11	10	10	0.010246370999993815
2016	6	11	10	20	0.16993725800011816
2016	6	11	10	30	1.0
2016	6	11	10	40	1.7250903709996237
2016	6	11	10	50	0.41503899999997884
2016	6	11	11	0	0.08473211800037461
2016	6	11	11	10	0.5240093610000258
2016	6	11	11	20	0.13983959400002277
2016	6	11	11	30	0.0
2016	6	11	11	40	0.0
2016	6	11	11	50	0.010009999999965657
2016	6	11	12	0	0.0
2016	6	11	12	10	0.0
2016	6	11	12	20	0.0
2016	6	11	12	30	0.0
2016	6	11	12	40	0.0
2016	6	11	12	50	0.15510529299990594
2016	6	11	13	0	0.0
2016	6	11	13	10	0.0
2016	6	11	13	20	0.0
2016	6	11	13	30	0.005715034333206859
2016	6	11	13	40	0.006225077466751827
2016	6	11	13	50	0.0
2016	6	11	14	0	0.0
2016	6	11	14	10	0.0
2016	6	11	14	20	0.0
2016	6	11	14	30	0.0
2016	6	11	14	40	0.2348553710003216
2016	6	11	14	50	0.0
2016	6	11	15	0	0.0
2016	6	11	15	10	0.08496862899983171
2016	6	11	15	20	0.0
2016	6	11	15	30	0.0
2016	6	11	15	40	0.23571721099960996
2016	6	11	15	50	0.194908924000174
2016	6	11	16	0	0.0
2016	6	11	16	10	0.0
2016	6	11	16	20	0.0
2016	6	11	16	30	0.0
2016	6	11	16	40	0.08007799999995768
2016	6	11	16	50	0.0
2016	6	11	17	0	0.0
2016	6	11	17	10	0.039357440666663024
2016	6	11	17	20	0.0
2016	6	11	17	30	0.0
2016	6	11	17	40	0.0
2016	6	11	17	50	0.0
2016	6	11	18	0	0.0
2016	6	11	18	10	0.0
2016	6	11	18	20	0.0
2016	6	11	18	30	0.19839991366643517
2016	6	11	18	40	0.0
2016	6	11	18	50	0.0
2016	6	11	19	0	0.039918712000144296
2016	6	11	19	10	0.008380644999760989
2016	6	11	19	20	0.011813049000011233
2016	6	11	19	30	0.0
2016	6	11	19	40	0.050056629000209796
2016	6	11	19	50	0.0
2016	6	11	20	0	0.0
2016	6	11	20	10	0.029785000000174477
2016	6	11	20	20	0.0
2016	6	11	20	30	0.024100913999973272
2016	6	11	20	40	0.0
2016	6	11	20	50	0.01790140539969798
2016	6	11	21	0	0.0
2016	6	11	21	10	0.0
2016	6	11	21	20	0.0
2016	6	11	21	30	0.0
2016	6	11	21	40	0.0
2016	6	11	21	50	0.0
2016	6	11	22	0	0.0
2016	6	11	22	10	0.0
2016	6	11	22	20	0.0
2016	6	11	22	30	0.0
2016	6	11	22	40	0.0
2016	6	11	22	50	0.0
2016	6	11	23	0	0.006988703199567681
2016	6	11	23	10	0.0
2016	6	11	23	20	0.000306723666653852
2016	6	11	23	30	0.0
2016	6	11	23	40	0.0
2016	6	11	23	50	0.0
2016	6	12	0	0	0.0
2016	6	12	0	10	0.0
2016	6	12	0	20	0.0
2016	6	12	0	30	0.015073667199885676
2016	6	12	0	40	0.010064703799798735
2016	6	12	0	50	0.0
2016	6	12	1	0	0.0
2016	6	12	1	10	0.04003899999997884
2016	6	12	1	20	0.2299733700001525
2016	6	12	1	30	0.05493862999992416
2016	6	12	1	40	0.0
2016	6	12	1	50	0.0
2016	6	12	2	0	0.0
2016	6	12	2	10	0.0
2016	6	12	2	20	0.0
2016	6	12	2	30	0.0
2016	6	12	2	40	0.0
2016	6	12	2	50	0.010253999999804364
2016	6	12	3	0	0.0
2016	6	12	3	10	0.0
2016	6	12	3	20	0.0
2016	6	12	3	30	0.0
2016	6	12	3	40	0.010017629000230954
2016	6	12	3	50	0.0
2016	6	12	4	0	0.0
2016	6	12	4	10	0.0
2016	6	12	4	20	0.0
2016	6	12	4	30	0.0
2016	6	12	4	40	0.0
2016	6	12	4	50	0.0
2016	6	12	5	0	0.0
2016	6	12	5	10	0.0
2016	6	12	5	20	0.0269084996662059
2016	6	12	5	30	0.028365823333842854
2016	6	12	5	40	0.0
2016	6	12	5	50	0.0
2016	6	12	6	0	0.0
2016	6	12	6	10	0.0
2016	6	12	6	20	0.0
2016	6	12	6	30	0.0
2016	6	12	6	40	0.0
2016	6	12	6	50	0.0
2016	6	12	7	0	0.0
2016	6	12	7	10	0.0
2016	6	12	7	20	0.0
2016	6	12	7	30	0.0
2016	6	12	7	40	0.0
2016	6	12	7	50	0.04800390359969242
2016	6	12	8	0	0.0
2016	6	12	8	10	0.0
2016	6	12	8	20	0.0
2016	6	12	8	30	0.0
2016	6	12	8	40	0.06330858033379627
2016	6	12	8	50	0.0
2016	6	12	9	0	0.0
2016	6	12	9	10	0.0
2016	6	12	9	20	0.10687737060015934
2016	6	12	9	30	0.0
2016	6	12	9	40	0.030034752666324493
2016	6	12	9	50	0.0
2016	6	12	10	0	0.40526536999959717
2016	6	12	10	10	0.19996625900012077
2016	6	12	10	20	0.32005374099981054
2016	6	12	10	30	0.2849196300003314
2016	6	12	10	40	0.20483400000011898
2016	6	12	10	50	0.15998052399982043
2016	6	12	11	0	0.0
2016	6	12	11	10	0.0
2016	6	12	11	20	0.0
2016	6	12	11	30	0.0
2016	6	12	11	40	0.0
2016	6	12	11	50	0.0
2016	6	12	12	0	0.08495774799985156
2016	6	12	12	10	0.0
2016	6	12	12	20	0.0
2016	6	12	12	30	0.0
2016	6	12	12	40	0.0
2016	6	12	12	50	0.0
2016	6	12	13	0	0.0
2016	6	12	13	10	0.0
2016	6	12	13	20	0.4147873710003296
2016	6	12	13	30	0.07520262899970476
2016	6	12	13	40	0.0
2016	6	12	13	50	0.0
2016	6	12	14	0	0.0
2016	6	12	14	10	0.0
2016	6	12	14	20	0.010009999999965657
2016	6	12	14	30	0.045165999999881024
2016	6	12	14	40	0.0
2016	6	12	14	50	0.0
2016	6	12	15	0	0.0
2016	6	12	15	10	0.0
2016	6	12	15	20	0.37987536999980875
2016	6	12	15	30	0.6152492589999383
2016	6	12	15	40	0.5248877409999295
2016	6	12	15	50	0.0
2016	6	12	16	0	0.0
2016	6	12	16	10	0.0
2016	6	12	16	20	0.0
2016	6	12	16	30	0.0
2016	6	12	16	40	0.0
2016	6	12	16	50	0.0
2016	6	12	17	0	0.06183925466621076
2016	6	12	17	10	0.0
2016	6	12	17	20	0.0
2016	6	12	17	30	0.0
2016	6	12	17	40	0.16178366666690636
2016	6	12	17	50	0.0
2016	6	12	18	0	0.18481500000007145
2016	6	12	18	10	0.0
2016	6	12	18	20	0.7751383700001497
2016	6	12	18	30	3.8798982590001287
2016	6	12	18	40	0.8901141119995373
2016	6	12	18	50	0.0
2016	6	12	19	0	0.0
2016	6	12	19	10	0.0
2016	6	12	19	20	0.0
2016	6	12	19	30	0.0
2016	6	12	19	40	0.0
2016	6	12	19	50	0.0
2016	6	12	20	0	0.0
2016	6	12	20	10	0.04321554299986019
2016	6	12	20	20	0.0
2016	6	12	20	30	0.0
2016	6	12	20	40	0.0
2016	6	12	20	50	0.0
2016	6	12	21	0	0.0
2016	6	12	21	10	0.0
2016	6	12	21	20	0.0
2016	6	12	21	30	0.0
2016	6	12	21	40	0.0
2016	6	12	21	50	0.0
2016	6	12	22	0	0.0
2016	6	12	22	10	0.0
2016	6	12	22	20	0.0
2016	6	12	22	30	0.0
2016	6	12	22	40	0.0
2016	6	12	22	50	0.0
2016	6	12	23	0	0.0
2016	6	12	23	10	0.0
2016	6	12	23	20	0.0
2016	6	12	23	30	0.0
2016	6	12	23	40	0.0
2016	6	12	23	50	0.0
2016	6	13	0	0	0.0
2016	6	13	0	10	0.0
2016	6	13	0	20	0.0
2016	6	13	0	30	0.0
2016	6	13	0	40	0.0
2016	6	13	0	50	0.0
2016	6	13	1	0	0.0
2016	6	13	1	10	0.02506321700002445
2016	6	13	1	20	0.04558575800001563
2016	6	13	1	30	0.0
2016	6	13	1	40	0.0035193443331991148
2016	6	13	1	50	0.0016229136663241661
2016	6	13	2	0	0.0
2016	6	13	2	10	0.07007563000024675
2016	6	13	2	20	0.33984400000008463
2016	6	13	2	30	0.2302239999999074
2016	6	13	2	40	0.030029999999896972
2016	6	13	2	50	0.0
2016	6	13	3	0	0.0
2016	6	13	3	10	0.0
2016	6	13	3	20	0.0
2016	6	13	3	30	0.0
2016	6	13	3	40	0.0
2016	6	13	3	50	0.014892000000145345
2016	6	13	4	0	0.035156999999799154
2016	6	13	4	10	0.030029000000013184
2016	6	13	4	20	0.0
2016	6	13	4	30	0.0
2016	6	13	4	40	0.024902000000111002
2016	6	13	4	50	0.0
2016	6	13	5	0	0.4900062589999834
2016	6	13	5	10	0.4350274820003506
2016	6	13	5	20	0.20012647599969569
2016	6	13	5	30	0.04494488900036231
2016	6	13	5	40	0.20508562899976823
2016	6	13	5	50	0.405029999999897
2016	6	13	6	0	0.30493862899993474
2016	6	13	6	10	0.0
2016	6	13	6	20	0.0
2016	6	13	6	30	0.01513699999986784
2016	6	13	6	40	0.3701169999999365
2016	6	13	6	50	0.914779742000519
2016	6	13	7	0	0.574958628999866
2016	6	13	7	10	0.04492200000004232
2016	6	13	7	20	0.7752231529998426
2016	6	13	7	30	0.719405566000205
2016	6	13	7	40	0.010009999999965657
2016	6	13	7	50	0.17830433300014192
2016	6	13	8	0	0.0
2016	6	13	8	10	0.0
2016	6	13	8	20	0.0
2016	6	13	8	30	0.0
2016	6	13	8	40	0.0
2016	6	13	8	50	0.0
2016	6	13	9	0	0.0
2016	6	13	9	10	0.0
2016	6	13	9	20	0.48510036999959993
2016	6	13	9	30	0.5151361410003119
2016	6	13	9	40	0.4258653450001475
2016	6	13	9	50	0.3650672939998003
2016	6	13	10	0	0.0
2016	6	13	10	10	0.008298123666463653
2016	6	13	10	20	0.048345086666813586
2016	6	13	10	30	0.0
2016	6	13	10	40	0.0
2016	6	13	10	50	0.03027399999973568
2016	6	13	11	0	0.0
2016	6	13	11	10	0.007360989799508388
2016	6	13	11	20	0.08760330620043533
2016	6	13	11	30	0.0
2016	6	13	11	40	0.06095063900011155
2016	6	13	11	50	0.43994199999997363
2016	6	13	12	0	0.3847573710004326
2016	6	13	12	10	1.0302816289995462
2016	6	13	12	20	0.25976500000024316
2016	6	13	12	30	0.5051346300001569
2016	6	13	12	40	0.6398777409999639
2016	6	13	12	50	0.2700342590001128
2016	6	13	13	0	0.5282368569996834
2016	6	13	13	10	0.26789884099980554
2016	6	13	13	20	0.054931000000124186
2016	6	13	13	30	0.0
2016	6	13	13	40	0.0
2016	6	13	13	50	0.0
2016	6	13	14	0	0.0
2016	6	13	14	10	0.0
2016	6	13	14	20	0.0
2016	6	13	14	30	0.0
2016	6	13	14	40	0.2951812119999886
2016	6	13	14	50	0.18840076900005442
2016	6	13	15	0	0.0
2016	6	13	15	10	0.01108267999961754
2016	6	13	15	20	0.014477054600320116
2016	6	13	15	30	0.02624202779998086
2016	6	13	15	40	0.02388155493326849
2016	6	13	15	50	0.054481802999816864
2016	6	13	16	0	0.0
2016	6	13	16	10	0.0
2016	6	13	16	20	0.07358615099974486
2016	6	13	16	30	0.0
2016	6	13	16	40	0.0
2016	6	13	16	50	0.0
2016	6	13	17	0	0.0
2016	6	13	17	10	0.034919629999876634
2016	6	13	17	20	0.0
2016	6	13	17	30	0.0
2016	6	13	17	40	0.039504988999851776
2016	6	13	17	50	0.0
2016	6	13	18	0	0.0
2016	6	13	18	10	0.0
2016	6	13	18	20	0.0
2016	6	13	18	30	0.0
2016	6	13	18	40	0.0
2016	6	13	18	50	0.0
2016	6	13	19	0	0.12912006099986684
2016	6	13	19	10	0.7558824970001297
2016	6	13	19	20	0.6401207409999188
2016	6	13	19	30	0.21410376199992243
2016	6	13	19	40	0.0
2016	6	13	19	50	0.0
2016	6	13	20	0	0.0
2016	6	13	20	10	0.021441775399580365
2016	6	13	20	20	0.0
2016	6	13	20	30	0.14198742260032304
2016	6	13	20	40	0.13478125900019222
2016	6	13	20	50	0.044891481999911775
2016	6	13	21	0	0.2099533710002106
2016	6	13	21	10	0.24026451699955942
2016	6	13	21	20	0.4347615940000651
2016	6	13	21	30	0.4602431470002557
2016	6	13	21	40	0.24486537099983252
2016	6	13	21	50	0.08006274099989241
2016	6	13	22	0	0.0
2016	6	13	22	10	0.0
2016	6	13	22	20	0.0
2016	6	13	22	30	0.0
2016	6	13	22	40	0.0
2016	6	13	22	50	0.4096599949998563
2016	6	13	23	0	0.3065944429999945
2016	6	13	23	10	0.0898514420000538
2016	6	13	23	20	0.0
2016	6	13	23	30	0.0
2016	6	13	23	40	0.0
2016	6	13	23	50	0.0
2016	6	14	0	0	0.0
2016	6	14	0	10	0.0
2016	6	14	0	20	0.0
2016	6	14	0	30	0.0
2016	6	14	0	40	0.0
2016	6	14	0	50	0.0
2016	6	14	1	0	0.0
2016	6	14	1	10	0.0
2016	6	14	1	20	0.0
2016	6	14	1	30	0.0
2016	6	14	1	40	0.0
2016	6	14	1	50	0.0
2016	6	14	2	0	0.0
2016	6	14	2	10	0.0
2016	6	14	2	20	0.0
2016	6	14	2	30	0.0
2016	6	14	2	40	0.0
2016	6	14	2	50	0.0
2016	6	14	3	0	0.0
2016	6	14	3	10	0.0
2016	6	14	3	20	0.0
2016	6	14	3	30	0.0
2016	6	14	3	40	0.0
2016	6	14	3	50	0.0
2016	6	14	4	0	0.0
2016	6	14	4	10	0.0
2016	6	14	4	20	0.0
2016	6	14	4	30	0.0
2016	6	14	4	40	0.0
2016	6	14	4	50	0.0
2016	6	14	5	0	0.0
2016	6	14	5	10	0.0
2016	6	14	5	20	0.0
2016	6	14	5	30	0.0
2016	6	14	5	40	0.0
2016	6	14	5	50	0.1402058529997703
2016	6	14	6	0	0.19216878299994278
2016	6	14	6	10	0.0
2016	6	14	6	20	0.05091272260006008
2016	6	14	6	30	0.07047175739990053
2016	6	14	6	40	0.0
2016	6	14	6	50	0.0
2016	6	14	7	0	0.0
2016	6	14	7	10	0.0
2016	6	14	7	20	0.0
2016	6	14	7	30	0.0
2016	6	14	7	40	0.0
2016	6	14	7	50	0.0
2016	6	14	8	0	0.0
2016	6	14	8	10	0.0
2016	6	14	8	20	0.0
2016	6	14	8	30	0.0
2016	6	14	8	40	0.0
2016	6	14	8	50	0.0
2016	6	14	9	0	0.0
2016	6	14	9	10	0.05765555299967673
2016	6	14	9	20	0.0
2016	6	14	9	30	0.0
2016	6	14	9	40	0.08409058233337419
2016	6	14	9	50	0.20953342066695768
2016	6	14	10	0	0.0
2016	6	14	10	10	0.0016638582665109425
2016	6	14	10	20	0.0
2016	6	14	10	30	0.2751992660000724
2016	6	14	10	40	3.4648211109997646
2016	6	14	10	50	1.1077275820002797
2016	6	14	11	0	0.0
2016	6	14	11	10	0.0
2016	6	14	11	20	0.0
2016	6	14	11	30	0.0
2016	6	14	11	40	0.0
2016	6	14	11	50	0.020400469999913184
2016	6	14	12	0	0.7627718409999034
2016	6	14	12	10	0.0637383849998514
2016	6	14	12	20	0.0
2016	6	14	12	30	0.0
2016	6	14	12	40	0.0
2016	6	14	12	50	0.0
2016	6	14	13	0	0.0
2016	6	14	13	10	0.0
2016	6	14	13	20	0.0
2016	6	14	13	30	0.0
2016	6	14	13	40	0.0
2016	6	14	13	50	0.1525199759998941
2016	6	14	14	0	0.0
2016	6	14	14	10	0.0
2016	6	14	14	20	0.1176681050001207
2016	6	14	14	30	0.0
2016	6	14	14	40	0.0
2016	6	14	14	50	0.0
2016	6	14	15	0	0.048980884999764385
2016	6	14	15	10	0.0
2016	6	14	15	20	0.0
2016	6	14	15	30	0.05074327500005893
2016	6	14	15	40	0.0
2016	6	14	15	50	0.0
2016	6	14	16	0	0.06153847800032963
2016	6	14	16	10	0.0
2016	6	14	16	20	0.0
2016	6	14	16	30	0.0
2016	6	14	16	40	0.0
2016	6	14	16	50	0.012714585133380751
2016	6	14	17	0	0.0
2016	6	14	17	10	0.0
2016	6	14	17	20	0.0
2016	6	14	17	30	0.0
2016	6	14	17	40	0.07277678433320034
2016	6	14	17	50	0.0
2016	6	14	18	0	0.0
2016	6	14	18	10	0.0
2016	6	14	18	20	0.0
2016	6	14	18	30	0.0
2016	6	14	18	40	0.0
2016	6	14	18	50	0.0
2016	6	14	19	0	0.0
2016	6	14	19	10	0.0
2016	6	14	19	20	0.0
2016	6	14	19	30	0.0
2016	6	14	19	40	0.0
2016	6	14	19	50	0.0
2016	6	14	20	0	0.0
2016	6	14	20	10	0.0
2016	6	14	20	20	0.0
2016	6	14	20	30	0.0
2016	6	14	20	40	0.0
2016	6	14	20	50	0.0
2016	6	14	21	0	0.0
2016	6	14	21	10	0.0
2016	6	14	21	20	0.0
2016	6	14	21	30	0.0
2016	6	14	21	40	0.0
2016	6	14	21	50	0.0
2016	6	14	22	0	0.0
2016	6	14	22	10	0.0
2016	6	14	22	20	0.0
2016	6	14	22	30	0.0
2016	6	14	22	40	0.0
2016	6	14	22	50	0.0
2016	6	14	23	0	0.0
2016	6	14	23	10	0.0
2016	6	14	23	20	0.0
2016	6	14	23	30	0.0
2016	6	14	23	40	0.0
2016	6	14	23	50	0.0
2016	6	15	0	0	0.0
2016	6	15	0	10	0.0
2016	6	15	0	20	0.0
2016	6	15	0	30	0.0
2016	6	15	0	40	0.0
2016	6	15	0	50	0.0
2016	6	15	1	0	0.0
2016	6	15	1	10	0.0
2016	6	15	1	20	0.0
2016	6	15	1	30	0.0
2016	6	15	1	40	0.0
2016	6	15	1	50	0.0
2016	6	15	2	0	0.0
2016	6	15	2	10	0.0
2016	6	15	2	20	0.0
2016	6	15	2	30	0.0
2016	6	15	2	40	0.0
2016	6	15	2	50	0.0
2016	6	15	3	0	0.0
2016	6	15	3	10	0.0
2016	6	15	3	20	0.0
2016	6	15	3	30	0.0
2016	6	15	3	40	0.0
2016	6	15	3	50	0.0
2016	6	15	4	0	0.0
2016	6	15	4	10	0.0
2016	6	15	4	20	0.0
2016	6	15	4	30	0.0
2016	6	15	4	40	0.0
2016	6	15	4	50	0.0
2016	6	15	5	0	0.0
2016	6	15	5	10	0.0
2016	6	15	5	20	0.0
2016	6	15	5	30	0.0
2016	6	15	5	40	0.0
2016	6	15	5	50	0.0
2016	6	15	6	0	0.0
2016	6	15	6	10	0.0
2016	6	15	6	20	0.0
2016	6	15	6	30	0.0
2016	6	15	6	40	0.0
2016	6	15	6	50	0.0
2016	6	15	7	0	0.0
2016	6	15	7	10	0.0
2016	6	15	7	20	0.0
2016	6	15	7	30	0.0
2016	6	15	7	40	0.0
2016	6	15	7	50	0.0
2016	6	15	8	0	0.0
2016	6	15	8	10	0.14500374099998226
2016	6	15	8	20	0.09689379500014184
2016	6	15	8	30	0.0189966610000738
2016	6	15	8	40	0.0
2016	6	15	8	50	0.0045825146671631956
2016	6	15	9	0	0.0
2016	6	15	9	10	0.0
2016	6	15	9	20	0.0
2016	6	15	9	30	0.0
2016	6	15	9	40	0.06435390166643629
2016	6	15	9	50	0.008373855733225355
2016	6	15	10	0	0.07550335860059931
2016	6	15	10	10	0.0
2016	6	15	10	20	0.0
2016	6	15	10	30	0.0
2016	6	15	10	40	0.0
2016	6	15	10	50	0.0
2016	6	15	11	0	0.0
2016	6	15	11	10	0.04984300600017377
2016	6	15	11	20	0.0
2016	6	15	11	30	0.05486319499959791
2016	6	15	11	40	0.0
2016	6	15	11	50	0.0
2016	6	15	12	0	0.0
2016	6	15	12	10	0.0
2016	6	15	12	20	0.7339932490003775
2016	6	15	12	30	0.2835014209995279
2016	6	15	12	40	0.0
2016	6	15	12	50	0.0
2016	6	15	13	0	0.0761793330002547
2016	6	15	13	10	0.0
2016	6	15	13	20	0.0
2016	6	15	13	30	0.0
2016	6	15	13	40	0.0
2016	6	15	13	50	0.0
2016	6	15	14	0	0.5749662590001208
2016	6	15	14	10	0.5053636519996871
2016	6	15	14	20	0.43531839900015257
2016	6	15	14	30	0.0
2016	6	15	14	40	0.0
2016	6	15	14	50	0.0
2016	6	15	15	0	0.12978367699997762
2016	6	15	15	10	0.11988063000035254
2016	6	15	15	20	0.0
2016	6	15	15	30	0.13877275819959323
2016	6	15	15	40	0.0
2016	6	15	15	50	0.0
2016	6	15	16	0	0.0
2016	6	15	16	10	0.0
2016	6	15	16	20	0.0
2016	6	15	16	30	0.13825737066690635
2016	6	15	16	40	0.039802535666694894
2016	6	15	16	50	0.004860017999817501
2016	6	15	17	0	0.010549429666752985
2016	6	15	17	10	0.09089333000019906
2016	6	15	17	20	0.0
2016	6	15	17	30	0.2402263710000625
2016	6	15	17	40	0.31005136999965544
2016	6	15	17	50	0.0
2016	6	15	18	0	0.0
2016	6	15	18	10	0.007838149999770394
2016	6	15	18	20	0.026268010333296843
2016	6	15	18	30	0.0
2016	6	15	18	40	0.0
2016	6	15	18	50	0.019684447000145155
2016	6	15	19	0	0.0
2016	6	15	19	10	0.0
2016	6	15	19	20	0.0
2016	6	15	19	30	0.0
2016	6	15	19	40	0.019957965000230615
2016	6	15	19	50	0.0
2016	6	15	20	0	0.0
2016	6	15	20	10	0.0
2016	6	15	20	20	0.0
2016	6	15	20	30	0.0
2016	6	15	20	40	0.0
2016	6	15	20	50	0.0
2016	6	15	21	0	0.0
2016	6	15	21	10	0.0
2016	6	15	21	20	0.0
2016	6	15	21	30	0.0
2016	6	15	21	40	0.0
2016	6	15	21	50	0.0
2016	6	15	22	0	0.0
2016	6	15	22	10	0.0
2016	6	15	22	20	0.0
2016	6	15	22	30	0.0
2016	6	15	22	40	0.0
2016	6	15	22	50	0.0
2016	6	15	23	0	0.0
2016	6	15	23	10	0.0
2016	6	15	23	20	0.01586942199992336
2016	6	15	23	30	0.04004662900024414
2016	6	15	23	40	0.0
2016	6	15	23	50	0.0
2016	6	16	0	0	0.0
2016	6	16	0	10	0.0
2016	6	16	0	20	0.0
2016	6	16	0	30	0.0
2016	6	16	0	40	0.0
2016	6	16	0	50	0.002959164866751962
2016	6	16	1	0	0.0
2016	6	16	1	10	0.0
2016	6	16	1	20	0.0
2016	6	16	1	30	0.0
2016	6	16	1	40	0.0
2016	6	16	1	50	0.0
2016	6	16	2	0	0.0
2016	6	16	2	10	0.0
2016	6	16	2	20	0.0
2016	6	16	2	30	0.0
2016	6	16	2	40	0.0
2016	6	16	2	50	0.0
2016	6	16	3	0	0.0
2016	6	16	3	10	0.0
2016	6	16	3	20	0.003633267400346085
2016	6	16	3	30	0.0
2016	6	16	3	40	0.06359159700014061
2016	6	16	3	50	0.03936012399981337
2016	6	16	4	0	0.0
2016	6	16	4	10	0.0
2016	6	16	4	20	0.0
2016	6	16	4	30	0.18016074100023616
2016	6	16	4	40	0.18030484099972455
2016	6	16	4	50	0.0551151050003682
2016	6	16	5	0	0.050292999999783206
2016	6	16	5	10	0.11963663000005909
2016	6	16	5	20	0.16015599999991537
2016	6	16	5	30	0.08982874100001936
2016	6	16	5	40	0.07369200899984207
2016	6	16	5	50	0.25950646000001143
2016	6	16	6	0	0.0998530000001665
2016	6	16	6	10	0.020019999999931315
2016	6	16	6	20	0.0
2016	6	16	6	30	0.027933977600241633
2016	6	16	6	40	0.0
2016	6	16	6	50	0.0
2016	6	16	7	0	0.0
2016	6	16	7	10	0.0
2016	6	16	7	20	0.10986300000013216
2016	6	16	7	30	0.008382333333429415
2016	6	16	7	40	0.0
2016	6	16	7	50	0.0
2016	6	16	8	0	0.0
2016	6	16	8	10	0.07032825899977979
2016	6	16	8	20	0.17478874100015673
2016	6	16	8	30	0.08008662999964145
2016	6	16	8	40	0.0
2016	6	16	8	50	0.0
2016	6	16	9	0	0.0
2016	6	16	9	10	0.0
2016	6	16	9	20	0.0
2016	6	16	9	30	0.0
2016	6	16	9	40	0.0
2016	6	16	9	50	0.0
2016	6	16	10	0	0.0
2016	6	16	10	10	0.0
2016	6	16	10	20	0.029098594000060984
2016	6	16	10	30	0.12404608600036227
2016	6	16	10	40	0.0
2016	6	16	10	50	0.05517599999984668
2016	6	16	11	0	0.08982874200000879
2016	6	16	11	10	0.3051912579999225
2016	6	16	11	20	0.11987300000009782
2016	6	16	11	30	0.07005274199991618
2016	6	16	11	40	0.035278070000003936
2016	6	16	11	50	0.035255323000001226
2016	6	16	12	0	0.0
2016	6	16	12	10	0.0
2016	6	16	12	20	0.06982400000015332
2016	6	16	12	30	0.008379456666716578
2016	6	16	12	40	0.0
2016	6	16	12	50	0.0
2016	6	16	13	0	0.0848723236663318
2016	6	16	13	10	0.02982300599978771
2016	6	16	13	20	0.0
2016	6	16	13	30	0.0
2016	6	16	13	40	0.0
2016	6	16	13	50	0.0
2016	6	16	14	0	0.0
2016	6	16	14	10	0.0
2016	6	16	14	20	0.0
2016	6	16	14	30	0.0
2016	6	16	14	40	0.0
2016	6	16	14	50	0.0
2016	6	16	15	0	0.0
2016	6	16	15	10	0.0
2016	6	16	15	20	0.0716095799998584
2016	6	16	15	30	0.10343179000028613
2016	6	16	15	40	0.029487313000117865
2016	6	16	15	50	0.0
2016	6	16	16	0	0.019317096000122547
2016	6	16	16	10	0.0
2016	6	16	16	20	0.1799396300002627
2016	6	16	16	30	0.31005036999977165
2016	6	16	16	40	0.11474600000019564
2016	6	16	16	50	0.11524263000001156
2016	6	16	17	0	0.14990962899992155
2016	6	16	17	10	0.03015107100009118
2016	6	16	17	20	0.0
2016	6	16	17	30	0.034919629000341956
2016	6	16	17	40	0.224846370999785
2016	6	16	17	50	0.2251046290002705
2016	6	16	18	0	0.040023741999902995
2016	6	16	18	10	0.0
2016	6	16	18	20	0.010017628999776207
2016	6	16	18	30	0.03440083100031188
2016	6	16	18	40	0.11506715299947246
2016	6	16	18	50	0.2548753700002635
2016	6	16	19	0	0.20996762999993734
2016	6	16	19	10	0.10985637000021597
2016	6	16	19	20	0.035155999999915366
2016	6	16	19	30	0.0
2016	6	16	19	40	1.4047850000001745
2016	6	16	19	50	5.590461699999651
2016	6	16	20	0	1.9609375630002432
2016	6	16	20	10	0.33003236400008973
2016	6	16	20	20	0.5051193709996369
2016	6	16	20	30	0.41991437000024234
2016	6	16	20	40	0.28004425900007845
2016	6	16	20	50	0.4001393709995682
2016	6	16	21	0	1.7548830000000635
2016	6	16	21	10	2.263877103000141
2016	6	16	21	20	1.914139403000263
2016	6	16	21	30	1.8429107349998048
2016	6	16	21	40	1.8233712000001105
2016	6	16	21	50	1.9822318279998399
2016	6	16	22	0	0.7095563600000787
2016	6	16	22	10	0.26598334800019074
2016	6	16	22	20	0.3577960119996533
2016	6	16	22	30	0.18621057000018482
2016	6	16	22	40	0.0
2016	6	16	22	50	0.0
2016	6	16	23	0	0.0
2016	6	16	23	10	0.15002407000019957
2016	6	16	23	20	0.1349945070001013
2016	6	16	23	30	0.19503061899968088
2016	6	16	23	40	0.1901020300001619
2016	6	16	23	50	0.0
2016	6	17	0	0	0.0
2016	6	17	0	10	0.0
2016	6	17	0	20	0.0
2016	6	17	0	30	0.0
2016	6	17	0	40	0.0
2016	6	17	0	50	0.0
2016	6	17	1	0	0.0
2016	6	17	1	10	0.0
2016	6	17	1	20	0.0
2016	6	17	1	30	0.0
2016	6	17	1	40	0.0
2016	6	17	1	50	0.0
2016	6	17	2	0	0.0
2016	6	17	2	10	0.0
2016	6	17	2	20	0.0
2016	6	17	2	30	0.0
2016	6	17	2	40	0.0
2016	6	17	2	50	0.0
2016	6	17	3	0	0.0
2016	6	17	3	10	0.0
2016	6	17	3	20	0.0
2016	6	17	3	30	0.0
2016	6	17	3	40	0.0
2016	6	17	3	50	0.0
2016	6	17	4	0	0.0
2016	6	17	4	10	0.0
2016	6	17	4	20	0.0
2016	6	17	4	30	0.0
2016	6	17	4	40	0.0
2016	6	17	4	50	0.0
2016	6	17	5	0	0.0
2016	6	17	5	10	0.0
2016	6	17	5	20	0.0
2016	6	17	5	30	0.0
2016	6	17	5	40	0.0
2016	6	17	5	50	0.0
2016	6	17	6	0	0.0
2016	6	17	6	10	0.0
2016	6	17	6	20	0.0
2016	6	17	6	30	0.0
2016	6	17	6	40	0.0
2016	6	17	6	50	0.0
2016	6	17	7	0	0.0
2016	6	17	7	10	0.0
2016	6	17	7	20	0.0
2016	6	17	7	30	0.0
2016	6	17	7	40	0.0
2016	6	17	7	50	0.0
2016	6	17	8	0	0.0
2016	6	17	8	10	0.0
2016	6	17	8	20	0.0
2016	6	17	8	30	0.0
2016	6	17	8	40	0.0
2016	6	17	8	50	0.0
2016	6	17	9	0	0.0
2016	6	17	9	10	0.0
2016	6	17	9	20	0.0
2016	6	17	9	30	0.0
2016	6	17	9	40	0.0
2016	6	17	9	50	0.0
2016	6	17	10	0	0.0
2016	6	17	10	10	0.0
2016	6	17	10	20	0.0
2016	6	17	10	30	0.0
2016	6	17	10	40	0.0
2016	6	17	10	50	0.0
2016	6	17	11	0	0.04270203300029607
2016	6	17	11	10	0.0
2016	6	17	11	20	0.0
2016	6	17	11	30	0.0
2016	6	17	11	40	0.181717371999639
2016	6	17	11	50	0.0
2016	6	17	12	0	0.0
2016	6	17	12	10	0.050926627600347274
2016	6	17	12	20	0.0
2016	6	17	12	30	0.0
2016	6	17	12	40	0.0
2016	6	17	12	50	0.3693236839999372
2016	6	17	13	0	0.0
2016	6	17	13	10	0.0
2016	6	17	13	20	0.0
2016	6	17	13	30	0.029370485666731838
2016	6	17	13	40	0.0
2016	6	17	13	50	0.0
2016	6	17	14	0	0.0
2016	6	17	14	10	0.26533555200012415
2016	6	17	14	20	0.0
2016	6	17	14	30	0.0
2016	6	17	14	40	0.28140987400001904
2016	6	17	14	50	0.0
2016	6	17	15	0	0.0
2016	6	17	15	10	0.0
2016	6	17	15	20	0.0
2016	6	17	15	30	0.0
2016	6	17	15	40	0.13832029700006387
2016	6	17	15	50	0.0
2016	6	17	16	0	0.0
2016	6	17	16	10	0.0
2016	6	17	16	20	0.0
2016	6	17	16	30	0.09400656466686996
2016	6	17	16	40	0.1957937449997189
2016	6	17	16	50	0.0
2016	6	17	17	0	0.0
2016	6	17	17	10	0.0
2016	6	17	17	20	0.11105801019994033
2016	6	17	17	30	0.0
2016	6	17	17	40	0.0874434518000271
2016	6	17	17	50	0.07443215500052247
2016	6	17	18	0	0.02225821399997585
2016	6	17	18	10	0.0
2016	6	17	18	20	0.0
2016	6	17	18	30	0.0
2016	6	17	18	40	0.032000130000142235
2016	6	17	18	50	0.03502392900008999
2016	6	17	19	0	0.0
2016	6	17	19	10	0.0
2016	6	17	19	20	0.0
2016	6	17	19	30	0.0
2016	6	17	19	40	0.0
2016	6	17	19	50	0.0
2016	6	17	20	0	0.0
2016	6	17	20	10	0.0
2016	6	17	20	20	0.0
2016	6	17	20	30	0.0
2016	6	17	20	40	0.0
2016	6	17	20	50	0.0
2016	6	17	21	0	0.0
2016	6	17	21	10	0.0
2016	6	17	21	20	0.0
2016	6	17	21	30	0.0
2016	6	17	21	40	0.0
2016	6	17	21	50	0.9951017409998713
2016	6	17	22	0	1.744888259000163
2016	6	17	22	10	0.36523399999987305
2016	6	17	22	20	0.0
2016	6	17	22	30	0.013421424399894022
2016	6	17	22	40	0.0
2016	6	17	22	50	0.0
2016	6	17	23	0	0.0
2016	6	17	23	10	0.0
2016	6	17	23	20	0.0
2016	6	17	23	30	0.0
2016	6	17	23	40	0.015343133999976999
2016	6	17	23	50	0.0
2016	6	18	0	0	0.0
2016	6	18	0	10	0.0
2016	6	18	0	20	0.0
2016	6	18	0	30	0.0
2016	6	18	0	40	0.0
2016	6	18	0	50	0.0
2016	6	18	1	0	0.0
2016	6	18	1	10	0.0
2016	6	18	1	20	0.0
2016	6	18	1	30	0.0
2016	6	18	1	40	0.0
2016	6	18	1	50	0.0
2016	6	18	2	0	0.0
2016	6	18	2	10	0.0
2016	6	18	2	20	0.0
2016	6	18	2	30	0.0
2016	6	18	2	40	0.0
2016	6	18	2	50	0.0
2016	6	18	3	0	0.0
2016	6	18	3	10	0.0
2016	6	18	3	20	0.0
2016	6	18	3	30	0.0
2016	6	18	3	40	0.0
2016	6	18	3	50	0.0
2016	6	18	4	0	0.0
2016	6	18	4	10	0.0
2016	6	18	4	20	0.0
2016	6	18	4	30	0.0
2016	6	18	4	40	0.0
2016	6	18	4	50	0.0
2016	6	18	5	0	0.0
2016	6	18	5	10	0.0
2016	6	18	5	20	0.0
2016	6	18	5	30	0.0
2016	6	18	5	40	0.0
2016	6	18	5	50	0.0
2016	6	18	6	0	0.0
2016	6	18	6	10	0.0
2016	6	18	6	20	0.0
2016	6	18	6	30	0.0
2016	6	18	6	40	0.0
2016	6	18	6	50	0.0
2016	6	18	7	0	0.0
2016	6	18	7	10	0.0
2016	6	18	7	20	0.0
2016	6	18	7	30	0.0
2016	6	18	7	40	0.0
2016	6	18	7	50	0.0
2016	6	18	8	0	0.0
2016	6	18	8	10	0.0
2016	6	18	8	20	0.0
2016	6	18	8	30	0.020034257999668625
2016	6	18	8	40	0.0
2016	6	18	8	50	0.0
2016	6	18	9	0	0.0
2016	6	18	9	10	0.0
2016	6	18	9	20	0.0
2016	6	18	9	30	0.0
2016	6	18	9	40	0.0
2016	6	18	9	50	0.0
2016	6	18	10	0	0.0
2016	6	18	10	10	0.34009563000017806
2016	6	18	10	20	0.0
2016	6	18	10	30	0.0
2016	6	18	10	40	0.0
2016	6	18	10	50	0.0
2016	6	18	11	0	0.0
2016	6	18	11	10	0.02964781666696581
2016	6	18	11	20	0.07119274633305395
2016	6	18	11	30	0.0
2016	6	18	11	40	0.0
2016	6	18	11	50	0.0
2016	6	18	12	0	0.17972335366675907
2016	6	18	12	10	0.2174939113333494
2016	6	18	12	20	0.0
2016	6	18	12	30	0.0
2016	6	18	12	40	0.0
2016	6	18	12	50	0.0
2016	6	18	13	0	0.0
2016	6	18	13	10	0.0
2016	6	18	13	20	0.37340572733319277
2016	6	18	13	30	0.0
2016	6	18	13	40	0.019404660999953194
2016	6	18	13	50	0.0
2016	6	18	14	0	0.06822709033303909
2016	6	18	14	10	0.021441292666622758
2016	6	18	14	20	0.0
2016	6	18	14	30	0.0
2016	6	18	14	40	0.0
2016	6	18	14	50	0.075195999999778
2016	6	18	15	0	0.1850199939999584
2016	6	18	15	10	0.2205966100000296
2016	6	18	15	20	0.0
2016	6	18	15	30	0.0
2016	6	18	15	40	0.0
2016	6	18	15	50	0.0
2016	6	18	16	0	0.0
2016	6	18	16	10	0.00034346700022069854
2016	6	18	16	20	0.0
2016	6	18	16	30	0.0400447526667449
2016	6	18	16	40	0.0
2016	6	18	16	50	0.0
2016	6	18	17	0	0.0
2016	6	18	17	10	0.0
2016	6	18	17	20	0.0
2016	6	18	17	30	0.0
2016	6	18	17	40	0.04796531500005585
2016	6	18	17	50	0.11497560099996917
2016	6	18	18	0	0.09474125900032959
2016	6	18	18	10	0.02512411199950293
2016	6	18	18	20	0.0
2016	6	18	18	30	0.015242952000335208
2016	6	18	18	40	0.0
2016	6	18	18	50	0.0
2016	6	18	19	0	0.0
2016	6	18	19	10	0.0
2016	6	18	19	20	0.0026728623333838186
2016	6	18	19	30	0.03367340133354446
2016	6	18	19	40	0.0
2016	6	18	19	50	0.0
2016	6	18	20	0	0.014900628999839682
2016	6	18	20	10	0.09008037100011279
2016	6	18	20	20	0.1347726290000537
2016	6	18	20	30	0.0
2016	6	18	20	40	0.0
2016	6	18	20	50	0.0
2016	6	18	21	0	0.0
2016	6	18	21	10	0.025146999999833497
2016	6	18	21	20	0.0
2016	6	18	21	30	0.0
2016	6	18	21	40	0.0
2016	6	18	21	50	0.0
2016	6	18	22	0	0.0
2016	6	18	22	10	0.0
2016	6	18	22	20	0.014893000000029133
2016	6	18	22	30	0.0
2016	6	18	22	40	0.0
2016	6	18	22	50	0.0
2016	6	18	23	0	0.0
2016	6	18	23	10	0.0
2016	6	18	23	20	0.0
2016	6	18	23	30	0.020012371000120766
2016	6	18	23	40	0.0
2016	6	18	23	50	0.0
2016	6	19	0	0	0.0
2016	6	19	0	10	0.0
2016	6	19	0	20	0.0
2016	6	19	0	30	0.0
2016	6	19	0	40	0.0
2016	6	19	0	50	0.00524921100031861
2016	6	19	1	0	0.020705644999907236
2016	6	19	1	10	0.0
2016	6	19	1	20	0.0
2016	6	19	1	30	0.0
2016	6	19	1	40	0.0
2016	6	19	1	50	0.0
2016	6	19	2	0	0.0
2016	6	19	2	10	0.0
2016	6	19	2	20	0.0
2016	6	19	2	30	0.0
2016	6	19	2	40	0.0
2016	6	19	2	50	0.0
2016	6	19	3	0	0.0
2016	6	19	3	10	0.0
2016	6	19	3	20	0.0
2016	6	19	3	30	0.1450113699997928
2016	6	19	3	40	0.0
2016	6	19	3	50	0.0
2016	6	19	4	0	0.0
2016	6	19	4	10	0.1150062589999834
2016	6	19	4	20	0.33872147900001437
2016	6	19	4	30	0.0
2016	6	19	4	40	0.0
2016	6	19	4	50	0.0
2016	6	19	5	0	0.0
2016	6	19	5	10	0.0
2016	6	19	5	20	0.0
2016	6	19	5	30	0.0
2016	6	19	5	40	0.0
2016	6	19	5	50	0.0
2016	6	19	6	0	0.0
2016	6	19	6	10	0.0
2016	6	19	6	20	0.06493336999983512
2016	6	19	6	30	0.2998126300003605
2016	6	19	6	40	0.6000970000000052
2016	6	19	6	50	1.009025807999933
2016	6	19	7	0	0.0
2016	6	19	7	10	0.13449120099994616
2016	6	19	7	20	0.0
2016	6	19	7	30	0.0
2016	6	19	7	40	0.05493675300022005
2016	6	19	7	50	0.0
2016	6	19	8	0	0.0
2016	6	19	8	10	0.0
2016	6	19	8	20	0.0
2016	6	19	8	30	0.0
2016	6	19	8	40	0.0
2016	6	19	8	50	0.0
2016	6	19	9	0	0.0
2016	6	19	9	10	0.0
2016	6	19	9	20	0.0
2016	6	19	9	30	0.0
2016	6	19	9	40	0.0
2016	6	19	9	50	0.0
2016	6	19	10	0	0.0
2016	6	19	10	10	0.0
2016	6	19	10	20	0.0358748674002527
2016	6	19	10	30	0.00903950359997907
2016	6	19	10	40	0.19480874100008805
2016	6	19	10	50	0.0
2016	6	19	11	0	0.0
2016	6	19	11	10	0.0
2016	6	19	11	20	0.0
2016	6	19	11	30	0.016688086333488172
2016	6	19	11	40	0.293296876666318
2016	6	19	11	50	0.13988437000034537
2016	6	19	12	0	0.16015699999979915
2016	6	19	12	10	0.45486437699992166
2016	6	19	12	20	0.6790613900002427
2016	6	19	12	30	0.21019737100004932
2016	6	19	12	40	0.0451583699996263
2016	6	19	12	50	0.0
2016	6	19	13	0	0.0
2016	6	19	13	10	0.0
2016	6	19	13	20	0.0
2016	6	19	13	30	0.0
2016	6	19	13	40	0.0
2016	6	19	13	50	0.07531706999998278
2016	6	19	14	0	0.05493962999980795
2016	6	19	14	10	0.30003374099987923
2016	6	19	14	20	0.08985825900026612
2016	6	19	14	30	0.0
2016	6	19	14	40	0.0
2016	6	19	14	50	0.0
2016	6	19	15	0	0.0
2016	6	19	15	10	0.0
2016	6	19	15	20	0.0
2016	6	19	15	30	0.020035258999996586
2016	6	19	15	40	0.0
2016	6	19	15	50	0.0
2016	6	19	16	0	0.11986537000029784
2016	6	19	16	10	0.16503899999997884
2016	6	19	16	20	0.5451812589999463
2016	6	19	16	30	0.2798918120001872
2016	6	19	16	40	0.6055684630000542
2016	6	19	16	50	0.370208552999884
2016	6	19	17	0	0.0
2016	6	19	17	10	0.0
2016	6	19	17	20	0.0
2016	6	19	17	30	0.04467036999994889
2016	6	19	17	40	0.025146999999833497
2016	6	19	17	50	0.0
2016	6	19	18	0	0.0
2016	6	19	18	10	0.0
2016	6	19	18	20	0.020012371000120766
2016	6	19	18	30	0.0
2016	6	19	18	40	0.0
2016	6	19	18	50	0.0
2016	6	19	19	0	0.0
2016	6	19	19	10	0.0
2016	6	19	19	20	0.0
2016	6	19	19	30	0.0
2016	6	19	19	40	0.005424345999927027
2016	6	19	19	50	0.0
2016	6	19	20	0	0.0
2016	6	19	20	10	0.0
2016	6	19	20	20	0.0
2016	6	19	20	30	0.0
2016	6	19	20	40	0.0
2016	6	19	20	50	0.0
2016	6	19	21	0	0.0
2016	6	19	21	10	0.0
2016	6	19	21	20	0.0
2016	6	19	21	30	0.0
2016	6	19	21	40	0.0
2016	6	19	21	50	0.0
2016	6	19	22	0	0.04005425800005469
2016	6	19	22	10	0.024902000000111002
2016	6	19	22	20	0.0
2016	6	19	22	30	0.015121741999791993
2016	6	19	22	40	0.0
2016	6	19	22	50	0.0
2016	6	19	23	0	0.0
2016	6	19	23	10	0.0
2016	6	19	23	20	0.0
2016	6	19	23	30	0.0
2016	6	19	23	40	0.0
2016	6	19	23	50	0.004866741000569164
2016	6	20	0	0	0.0
2016	6	20	0	10	0.0
2016	6	20	0	20	0.0
2016	6	20	0	30	0.0
2016	6	20	0	40	0.0
2016	6	20	0	50	0.0
2016	6	20	1	0	0.0
2016	6	20	1	10	0.0
2016	6	20	1	20	0.0
2016	6	20	1	30	0.0
2016	6	20	1	40	0.0
2016	6	20	1	50	0.0
2016	6	20	2	0	0.0
2016	6	20	2	10	0.0
2016	6	20	2	20	0.0
2016	6	20	2	30	0.0
2016	6	20	2	40	0.0
2016	6	20	2	50	0.0
2016	6	20	3	0	0.0
2016	6	20	3	10	0.0
2016	6	20	3	20	0.0
2016	6	20	3	30	0.02515463000008822
2016	6	20	3	40	0.0
2016	6	20	3	50	0.0
2016	6	20	4	0	0.0
2016	6	20	4	10	0.0
2016	6	20	4	20	0.0
2016	6	20	4	30	0.0
2016	6	20	4	40	0.0
2016	6	20	4	50	0.0
2016	6	20	5	0	0.0
2016	6	20	5	10	0.0
2016	6	20	5	20	0.0
2016	6	20	5	30	0.0
2016	6	20	5	40	0.0
2016	6	20	5	50	0.0
2016	6	20	6	0	0.0
2016	6	20	6	10	0.0
2016	6	20	6	20	0.0
2016	6	20	6	30	0.0
2016	6	20	6	40	0.0631433706671487
2016	6	20	6	50	0.0
2016	6	20	7	0	0.0
2016	6	20	7	10	0.0
2016	6	20	7	20	0.08932520100006514
2016	6	20	7	30	0.0
2016	6	20	7	40	0.0
2016	6	20	7	50	0.0
2016	6	20	8	0	0.0
2016	6	20	8	10	0.0
2016	6	20	8	20	0.0
2016	6	20	8	30	0.0
2016	6	20	8	40	0.0
2016	6	20	8	50	0.0
2016	6	20	9	0	0.0
2016	6	20	9	10	0.0
2016	6	20	9	20	0.21523295799988773
2016	6	20	9	30	0.0
2016	6	20	9	40	0.0
2016	6	20	9	50	0.0
2016	6	20	10	0	0.0
2016	6	20	10	10	0.0
2016	6	20	10	20	0.0
2016	6	20	10	30	0.0
2016	6	20	10	40	0.0
2016	6	20	10	50	0.0
2016	6	20	11	0	0.0
2016	6	20	11	10	0.0
2016	6	20	11	20	0.030045258999962243
2016	6	20	11	30	0.0
2016	6	20	11	40	0.0
2016	6	20	11	50	0.0
2016	6	20	12	0	0.0
2016	6	20	12	10	0.006675876333247288
2016	6	20	12	20	0.1483614196667986
2016	6	20	12	30	0.0
2016	6	20	12	40	0.0
2016	6	20	12	50	0.0
2016	6	20	13	0	0.03496249739964696
2016	6	20	13	10	0.0
2016	6	20	13	20	0.0
2016	6	20	13	30	0.0
2016	6	20	13	40	0.0
2016	6	20	13	50	0.06306636360022821
2016	6	20	14	0	0.0
2016	6	20	14	10	0.0
2016	6	20	14	20	0.0
2016	6	20	14	30	0.11970515300026818
2016	6	20	14	40	0.0
2016	6	20	14	50	0.0
2016	6	20	15	0	0.0
2016	6	20	15	10	0.0
2016	6	20	15	20	0.03516462900006445
2016	6	20	15	30	0.0
2016	6	20	15	40	0.01501416273367795
2016	6	20	15	50	0.0010513681995689694
2016	6	20	16	0	0.03241179840006225
2016	6	20	16	10	0.02188384499959284
2016	6	20	16	20	0.0
2016	6	20	16	30	0.0
2016	6	20	16	40	0.024879112000235182
2016	6	20	16	50	0.0
2016	6	20	17	0	0.011718999666754826
2016	6	20	17	10	0.053230629333029356
2016	6	20	17	20	0.0
2016	6	20	17	30	0.08009325900002295
2016	6	20	17	40	0.100097999999889
2016	6	20	17	50	0.0
2016	6	20	18	0	0.0
2016	6	20	18	10	0.0
2016	6	20	18	20	0.0
2016	6	20	18	30	0.0
2016	6	20	18	40	0.0
2016	6	20	18	50	0.0
2016	6	20	19	0	0.0
2016	6	20	19	10	0.0
2016	6	20	19	20	0.0
2016	6	20	19	30	0.015129370000067865
2016	6	20	19	40	0.0
2016	6	20	19	50	0.0
2016	6	20	20	0	0.0
2016	6	20	20	10	0.0
2016	6	20	20	20	0.0
2016	6	20	20	30	0.0
2016	6	20	20	40	0.0
2016	6	20	20	50	0.0
2016	6	20	21	0	0.0
2016	6	20	21	10	0.0
2016	6	20	21	20	0.06005036999977165
2016	6	20	21	30	0.05005663000019922
2016	6	20	21	40	0.039703305999864824
2016	6	20	21	50	0.0
2016	6	20	22	0	0.03506444799995734
2016	6	20	22	10	0.10987825799975326
2016	6	20	22	20	0.1449971120000555
2016	6	20	22	30	0.0
2016	6	20	22	40	0.0
2016	6	20	22	50	0.0
2016	6	20	23	0	0.0
2016	6	20	23	10	0.0
2016	6	20	23	20	0.06005137100009961
2016	6	20	23	30	0.17505662899975505
2016	6	20	23	40	0.22998000000006869
2016	6	20	23	50	0.1997070000002168
2016	6	21	0	0	0.02523855299978095
2016	6	21	0	10	0.1604079100002309
2016	6	21	0	20	0.22028366499989716
2016	6	21	0	30	0.14990962899992155
2016	6	21	0	40	0.5302653710000413
2016	6	21	0	50	0.30981500000007145
2016	6	21	1	0	0.149902000000111
2016	6	21	1	10	0.25513462899971273
2016	6	21	1	20	0.06005137100009961
2016	6	21	1	30	0.07982636999986426
2016	6	21	1	40	0.12501525900006527
2016	6	21	1	50	0.020011371000236977
2016	6	21	2	0	0.10522499999979118
2016	6	21	2	10	0.0
2016	6	21	2	20	0.0
2016	6	21	2	30	0.011248234332924767
2016	6	21	2	40	0.018132407667053485
2016	6	21	2	50	0.0
2016	6	21	3	0	0.0
2016	6	21	3	10	0.0
2016	6	21	3	20	0.006499827667084901
2016	6	21	3	30	0.0
2016	6	21	3	40	0.0
2016	6	21	3	50	0.0
2016	6	21	4	0	0.0681995433328666
2016	6	21	4	10	0.09521499999982552
2016	6	21	4	20	0.014892000000145345
2016	6	21	4	30	0.1302414410001802
2016	6	21	4	40	0.06003625199991802
2016	6	21	4	50	0.08006274099989241
2016	6	21	5	0	0.05005663000019922
2016	6	21	5	10	0.08496100000002116
2016	6	21	5	20	0.08008562899976823
2016	6	21	5	30	0.10985537100032161
2016	6	21	5	40	0.05516836999959196
2016	6	21	5	50	0.01977500000020882
2016	6	21	6	0	0.040061889000298834
2016	6	21	6	10	0.0
2016	6	21	6	20	0.0
2016	6	21	6	30	0.0
2016	6	21	6	40	0.0
2016	6	21	6	50	0.0
2016	6	21	7	0	0.0
2016	6	21	7	10	0.0
2016	6	21	7	20	0.0
2016	6	21	7	30	0.0
2016	6	21	7	40	0.0
2016	6	21	7	50	0.0
2016	6	21	8	0	0.0
2016	6	21	8	10	0.0
2016	6	21	8	20	0.0
2016	6	21	8	30	0.0
2016	6	21	8	40	0.0
2016	6	21	8	50	0.0
2016	6	21	9	0	0.0
2016	6	21	9	10	0.0
2016	6	21	9	20	0.0
2016	6	21	9	30	0.0
2016	6	21	9	40	0.0
2016	6	21	9	50	0.0
2016	6	21	10	0	0.0
2016	6	21	10	10	0.05491674199993213
2016	6	21	10	20	0.0
2016	6	21	10	30	0.0
2016	6	21	10	40	0.0
2016	6	21	10	50	0.0
2016	6	21	11	0	0.014966851000281167
2016	6	21	11	10	0.0
2016	6	21	11	20	0.0
2016	6	21	11	30	0.0
2016	6	21	11	40	0.0
2016	6	21	11	50	0.0
2016	6	21	12	0	0.13883193260016924
2016	6	21	12	10	0.0
2016	6	21	12	20	0.0
2016	6	21	12	30	0.08983636999982991
2016	6	21	12	40	0.0
2016	6	21	12	50	0.0
2016	6	21	13	0	0.0
2016	6	21	13	10	0.0
2016	6	21	13	20	0.0
2016	6	21	13	30	0.0
2016	6	21	13	40	0.0
2016	6	21	13	50	0.0
2016	6	21	14	0	0.015052304800519778
2016	6	21	14	10	0.010131842199371022
2016	6	21	14	20	0.034919629000341956
2016	6	21	14	30	0.0
2016	6	21	14	40	0.0
2016	6	21	14	50	0.0
2016	6	21	15	0	0.0
2016	6	21	15	10	0.0
2016	6	21	15	20	0.0
2016	6	21	15	30	0.0
2016	6	21	15	40	0.0
2016	6	21	15	50	0.0
2016	6	21	16	0	0.016029428799356538
2016	6	21	16	10	0.00989517900006831
2016	6	21	16	20	0.0
2016	6	21	16	30	0.0
2016	6	21	16	40	0.0
2016	6	21	16	50	0.0
2016	6	21	17	0	0.0
2016	6	21	17	10	0.0
2016	6	21	17	20	0.04195142959997611
2016	6	21	17	30	0.0
2016	6	21	17	40	0.020034259000112797
2016	6	21	17	50	0.020012371000120766
2016	6	21	18	0	0.21484300000020085
2016	6	21	18	10	0.0
2016	6	21	18	20	0.0
2016	6	21	18	30	0.0
2016	6	21	18	40	0.0
2016	6	21	18	50	0.0
2016	6	21	19	0	0.10511832999964099
2016	6	21	19	10	0.054656482000609685
2016	6	21	19	20	0.05518362899965723
2016	6	21	19	30	0.05519125899991195
2016	6	21	19	40	0.0
2016	6	21	19	50	0.0
2016	6	21	20	0	0.0
2016	6	21	20	10	0.0
2016	6	21	20	20	0.0
2016	6	21	20	30	0.005142258999967453
2016	6	21	20	40	0.0
2016	6	21	20	50	0.0
2016	6	21	21	0	0.0
2016	6	21	21	10	0.0
2016	6	21	21	20	0.0
2016	6	21	21	30	0.0
2016	6	21	21	40	0.0
2016	6	21	21	50	0.020011369999792805
2016	6	21	22	0	0.0
2016	6	21	22	10	0.0
2016	6	21	22	20	0.0
2016	6	21	22	30	0.0
2016	6	21	22	40	0.01513699999986784
2016	6	21	22	50	0.0
2016	6	21	23	0	0.0
2016	6	21	23	10	0.0
2016	6	21	23	20	0.0
2016	6	21	23	30	0.0
2016	6	21	23	40	0.0
2016	6	21	23	50	0.0
2016	6	22	0	0	0.0
2016	6	22	0	10	0.0
2016	6	22	0	20	0.0
2016	6	22	0	30	0.0
2016	6	22	0	40	0.010017630000220379
2016	6	22	0	50	0.0
2016	6	22	1	0	0.0
2016	6	22	1	10	0.0
2016	6	22	1	20	0.0
2016	6	22	1	30	0.0
2016	6	22	1	40	0.0
2016	6	22	1	50	0.0
2016	6	22	2	0	0.0
2016	6	22	2	10	0.0
2016	6	22	2	20	0.0
2016	6	22	2	30	0.0
2016	6	22	2	40	0.0
2016	6	22	2	50	0.0
2016	6	22	3	0	0.0
2016	6	22	3	10	0.0
2016	6	22	3	20	0.0
2016	6	22	3	30	0.0
2016	6	22	3	40	0.0
2016	6	22	3	50	0.010269258999869635
2016	6	22	4	0	0.0
2016	6	22	4	10	0.0
2016	6	22	4	20	0.0
2016	6	22	4	30	0.0
2016	6	22	4	40	0.0
2016	6	22	4	50	0.0
2016	6	22	5	0	0.0
2016	6	22	5	10	0.0
2016	6	22	5	20	0.0
2016	6	22	5	30	0.0
2016	6	22	5	40	0.0
2016	6	22	5	50	0.0
2016	6	22	6	0	0.0
2016	6	22	6	10	0.0
2016	6	22	6	20	0.0
2016	6	22	6	30	0.0
2016	6	22	6	40	0.0
2016	6	22	6	50	0.0
2016	6	22	7	0	0.0
2016	6	22	7	10	0.0
2016	6	22	7	20	0.0
2016	6	22	7	30	0.0
2016	6	22	7	40	0.0
2016	6	22	7	50	0.0
2016	6	22	8	0	0.0
2016	6	22	8	10	0.020019000000047527
2016	6	22	8	20	0.0
2016	6	22	8	30	0.0
2016	6	22	8	40	0.0
2016	6	22	8	50	0.0
2016	6	22	9	0	0.0
2016	6	22	9	10	0.0
2016	6	22	9	20	0.0
2016	6	22	9	30	0.0
2016	6	22	9	40	0.0
2016	6	22	9	50	0.0
2016	6	22	10	0	0.0
2016	6	22	10	10	0.0
2016	6	22	10	20	0.0
2016	6	22	10	30	0.0
2016	6	22	10	40	0.0
2016	6	22	10	50	0.0
2016	6	22	11	0	0.0
2016	6	22	11	10	0.0
2016	6	22	11	20	0.0
2016	6	22	11	30	0.0
2016	6	22	11	40	0.0
2016	6	22	11	50	0.0
2016	6	22	12	0	0.0
2016	6	22	12	10	0.0
2016	6	22	12	20	0.0
2016	6	22	12	30	0.0
2016	6	22	12	40	0.0
2016	6	22	12	50	0.0
2016	6	22	13	0	0.0
2016	6	22	13	10	0.0
2016	6	22	13	20	0.0
2016	6	22	13	30	0.0
2016	6	22	13	40	0.0
2016	6	22	13	50	0.0
2016	6	22	14	0	0.0
2016	6	22	14	10	0.0
2016	6	22	14	20	0.0
2016	6	22	14	30	0.0
2016	6	22	14	40	0.0
2016	6	22	14	50	0.0
2016	6	22	15	0	0.0
2016	6	22	15	10	0.0
2016	6	22	15	20	0.0
2016	6	22	15	30	0.0
2016	6	22	15	40	0.0
2016	6	22	15	50	0.0
2016	6	22	16	0	0.0
2016	6	22	16	10	0.0
2016	6	22	16	20	0.0
2016	6	22	16	30	0.0
2016	6	22	16	40	0.0
2016	6	22	16	50	0.0
2016	6	22	17	0	0.0
2016	6	22	17	10	0.0
2016	6	22	17	20	0.0
2016	6	22	17	30	0.0
2016	6	22	17	40	0.0
2016	6	22	17	50	0.0
2016	6	22	18	0	0.0
2016	6	22	18	10	0.011793037665938755
2016	6	22	18	20	0.0
2016	6	22	18	30	0.0
2016	6	22	18	40	0.0
2016	6	22	18	50	0.01512074099991878
2016	6	22	19	0	0.0
2016	6	22	19	10	0.0
2016	6	22	19	20	0.0
2016	6	22	19	30	0.0
2016	6	22	19	40	0.0
2016	6	22	19	50	0.0
2016	6	22	20	0	0.0
2016	6	22	20	10	0.0
2016	6	22	20	20	0.0
2016	6	22	20	30	0.0
2016	6	22	20	40	0.0
2016	6	22	20	50	0.0
2016	6	22	21	0	0.0
2016	6	22	21	10	0.0
2016	6	22	21	20	0.0
2016	6	22	21	30	0.0
2016	6	22	21	40	0.0
2016	6	22	21	50	0.0
2016	6	22	22	0	0.0
2016	6	22	22	10	0.0
2016	6	22	22	20	0.0
2016	6	22	22	30	0.0
2016	6	22	22	40	0.0
2016	6	22	22	50	0.0
2016	6	22	23	0	0.0
2016	6	22	23	10	0.0
2016	6	22	23	20	0.0
2016	6	22	23	30	0.0
2016	6	22	23	40	0.0
2016	6	22	23	50	0.010009999999965657
2016	6	23	0	0	0.0
2016	6	23	0	10	0.0
2016	6	23	0	20	0.0
2016	6	23	0	30	0.0
2016	6	23	0	40	0.0
2016	6	23	0	50	0.0
2016	6	23	1	0	0.0
2016	6	23	1	10	0.0
2016	6	23	1	20	0.0
2016	6	23	1	30	0.0
2016	6	23	1	40	0.0
2016	6	23	1	50	0.0
2016	6	23	2	0	0.0
2016	6	23	2	10	0.0
2016	6	23	2	20	0.0
2016	6	23	2	30	0.0
2016	6	23	2	40	0.0
2016	6	23	2	50	0.0
2016	6	23	3	0	0.0
2016	6	23	3	10	0.0
2016	6	23	3	20	0.0
2016	6	23	3	30	0.0
2016	6	23	3	40	0.0
2016	6	23	3	50	0.0
2016	6	23	4	0	0.0
2016	6	23	4	10	0.0
2016	6	23	4	20	0.0
2016	6	23	4	30	0.0
2016	6	23	4	40	0.0
2016	6	23	4	50	0.0
2016	6	23	5	0	0.0
2016	6	23	5	10	0.0
2016	6	23	5	20	0.0
2016	6	23	5	30	0.0
2016	6	23	5	40	0.0
2016	6	23	5	50	0.0
2016	6	23	6	0	0.0
2016	6	23	6	10	0.0
2016	6	23	6	20	0.0
2016	6	23	6	30	0.0
2016	6	23	6	40	0.0
2016	6	23	6	50	0.0
2016	6	23	7	0	0.0
2016	6	23	7	10	0.0
2016	6	23	7	20	0.0
2016	6	23	7	30	0.0
2016	6	23	7	40	0.0
2016	6	23	7	50	0.0
2016	6	23	8	0	0.0
2016	6	23	8	10	0.0
2016	6	23	8	20	0.0
2016	6	23	8	30	0.0
2016	6	23	8	40	0.0
2016	6	23	8	50	0.0
2016	6	23	9	0	0.0
2016	6	23	9	10	0.0
2016	6	23	9	20	0.0
2016	6	23	9	30	0.0
2016	6	23	9	40	0.034072844599450036
2016	6	23	9	50	0.0
2016	6	23	10	0	0.4653167410001515
2016	6	23	10	10	0.7070386289997259
2016	6	23	10	20	0.7070386300001701
2016	6	23	10	30	0.7067793699998219
2016	6	23	10	40	0.7070319999997992
2016	6	23	10	50	0.7070309999999154
2016	6	23	11	0	0.7070233710005596
2016	6	23	11	10	0.7070538879997912
2016	6	23	11	20	0.7070091119999233
2016	6	23	11	30	0.7070386289997259
2016	6	23	11	40	0.7073668340003678
2016	6	23	11	50	0.7091977479999514
2016	6	23	12	0	0.7071845880000183
2016	6	23	12	10	0.7070157409998501
2016	6	23	12	20	0.7070309999999154
2016	6	23	12	30	0.7070386300001701
2016	6	23	12	40	0.7067870000000767
2016	6	23	12	50	0.7070320000002539
2016	6	23	13	0	0.7070309999999154
2016	6	23	13	10	0.7070309999999154
2016	6	23	13	20	0.021965369999634277
2016	6	23	13	30	0.0
2016	6	23	13	40	0.0
2016	6	23	13	50	0.0
2016	6	23	14	0	0.0
2016	6	23	14	10	0.0
2016	6	23	14	20	0.0
2016	6	23	14	30	0.0
2016	6	23	14	40	0.0
2016	6	23	14	50	0.0
2016	6	23	15	0	0.0
2016	6	23	15	10	0.0
2016	6	23	15	20	0.0
2016	6	23	15	30	0.0
2016	6	23	15	40	0.0
2016	6	23	15	50	0.0
2016	6	23	16	0	0.0
2016	6	23	16	10	0.0
2016	6	23	16	20	0.0
2016	6	23	16	30	0.0
2016	6	23	16	40	0.0
2016	6	23	16	50	0.0
2016	6	23	17	0	0.0
2016	6	23	17	10	0.0
2016	6	23	17	20	0.0
2016	6	23	17	30	0.0
2016	6	23	17	40	0.0
2016	6	23	17	50	0.0
2016	6	23	18	0	0.0
2016	6	23	18	10	0.0
2016	6	23	18	20	0.0
2016	6	23	18	30	0.0
2016	6	23	18	40	0.024917259000176273
2016	6	23	18	50	0.0
2016	6	23	19	0	0.0
2016	6	23	19	10	0.006409595133391122
2016	6	23	19	20	0.0
2016	6	23	19	30	0.0
2016	6	23	19	40	0.0
2016	6	23	19	50	0.0
2016	6	23	20	0	0.0
2016	6	23	20	10	0.0
2016	6	23	20	20	0.0
2016	6	23	20	30	0.0
2016	6	23	20	40	0.0
2016	6	23	20	50	0.0
2016	6	23	21	0	0.0
2016	6	23	21	10	0.0
2016	6	23	21	20	0.0
2016	6	23	21	30	0.0
2016	6	23	21	40	0.0
2016	6	23	21	50	0.0
2016	6	23	22	0	0.0
2016	6	23	22	10	0.0
2016	6	23	22	20	0.0
2016	6	23	22	30	0.0
2016	6	23	22	40	0.0
2016	6	23	22	50	0.0
2016	6	23	23	0	0.0
2016	6	23	23	10	0.0
2016	6	23	23	20	0.0
2016	6	23	23	30	0.0
2016	6	23	23	40	0.0
2016	6	23	23	50	0.0
2016	6	24	0	0	0.0
2016	6	24	0	10	0.0
2016	6	24	0	20	0.0
2016	6	24	0	30	0.0
2016	6	24	0	40	0.0
2016	6	24	0	50	0.0
2016	6	24	1	0	0.0
2016	6	24	1	10	0.0
2016	6	24	1	20	0.0
2016	6	24	1	30	0.0
2016	6	24	1	40	0.0
2016	6	24	1	50	0.0
2016	6	24	2	0	0.0
2016	6	24	2	10	0.0
2016	6	24	2	20	0.0
2016	6	24	2	30	0.0
2016	6	24	2	40	0.0
2016	6	24	2	50	0.0
2016	6	24	3	0	0.0
2016	6	24	3	10	0.0
2016	6	24	3	20	0.0
2016	6	24	3	30	0.0
2016	6	24	3	40	0.0
2016	6	24	3	50	0.0
2016	6	24	4	0	0.0
2016	6	24	4	10	0.0
2016	6	24	4	20	0.0
2016	6	24	4	30	0.0
2016	6	24	4	40	0.0
2016	6	24	4	50	0.0
2016	6	24	5	0	0.0
2016	6	24	5	10	0.0
2016	6	24	5	20	0.0
2016	6	24	5	30	0.0
2016	6	24	5	40	0.0
2016	6	24	5	50	0.0
2016	6	24	6	0	0.0
2016	6	24	6	10	0.030036628999823733
2016	6	24	6	20	1.3300856300002124
2016	6	24	6	30	1.3999096289999216
2016	6	24	6	40	0.035149370999988605
2016	6	24	6	50	0.0
2016	6	24	7	0	0.0
2016	6	24	7	10	0.0
2016	6	24	7	20	0.0
2016	6	24	7	30	0.0
2016	6	24	7	40	0.0
2016	6	24	7	50	0.0
2016	6	24	8	0	0.0
2016	6	24	8	10	0.0
2016	6	24	8	20	0.0
2016	6	24	8	30	0.0
2016	6	24	8	40	0.0
2016	6	24	8	50	0.0
2016	6	24	9	0	0.0
2016	6	24	9	10	0.0
2016	6	24	9	20	0.0
2016	6	24	9	30	0.0
2016	6	24	9	40	0.0
2016	6	24	9	50	0.0
2016	6	24	10	0	0.0
2016	6	24	10	10	0.0
2016	6	24	10	20	0.0
2016	6	24	10	30	0.0
2016	6	24	10	40	0.0
2016	6	24	10	50	0.0
2016	6	24	11	0	0.0
2016	6	24	11	10	0.0
2016	6	24	11	20	0.0
2016	6	24	11	30	0.0
2016	6	24	11	40	0.0
2016	6	24	11	50	0.0
2016	6	24	12	0	0.0
2016	6	24	12	10	0.0
2016	6	24	12	20	0.0
2016	6	24	12	30	0.0
2016	6	24	12	40	0.0
2016	6	24	12	50	0.0
2016	6	24	13	0	0.0
2016	6	24	13	10	0.0
2016	6	24	13	20	0.0
2016	6	24	13	30	0.0
2016	6	24	13	40	0.0
2016	6	24	13	50	0.0
2016	6	24	14	0	0.0
2016	6	24	14	10	0.0
2016	6	24	14	20	0.0
2016	6	24	14	30	0.0
2016	6	24	14	40	0.0
2016	6	24	14	50	0.0
2016	6	24	15	0	0.0
2016	6	24	15	10	0.0
2016	6	24	15	20	0.0
2016	6	24	15	30	0.0
2016	6	24	15	40	0.0
2016	6	24	15	50	0.0
2016	6	24	16	0	0.0
2016	6	24	16	10	0.0
2016	6	24	16	20	0.044136312999853544
2016	6	24	16	30	0.0
2016	6	24	16	40	0.0
2016	6	24	16	50	0.0
2016	6	24	17	0	0.0
2016	6	24	17	10	0.0
2016	6	24	17	20	0.0
2016	6	24	17	30	0.015213575000416313
2016	6	24	17	40	0.0
2016	6	24	17	50	0.0
2016	6	24	18	0	0.0
2016	6	24	18	10	0.0
2016	6	24	18	20	0.0
2016	6	24	18	30	0.0
2016	6	24	18	40	0.0
2016	6	24	18	50	0.0
2016	6	24	19	0	0.0
2016	6	24	19	10	0.0
2016	6	24	19	20	0.0
2016	6	24	19	30	0.0
2016	6	24	19	40	0.0
2016	6	24	19	50	0.0
2016	6	24	20	0	0.0
2016	6	24	20	10	0.34484892999989825
2016	6	24	20	20	1.6399148880000212
2016	6	24	20	30	1.4799657409998872
2016	6	24	20	40	0.5302729999998519
2016	6	24	20	50	0.224861630000305
2016	6	24	21	0	0.025138369999694987
2016	6	24	21	10	0.15967563000049267
2016	6	24	21	20	0.10984097099981227
2016	6	24	21	30	0.1493754309999531
2016	6	24	21	40	0.13475837099986165
2016	6	24	21	50	0.0
2016	6	24	22	0	0.0
2016	6	24	22	10	0.0017855806663646945
2016	6	24	22	20	0.0
2016	6	24	22	30	0.0
2016	6	24	22	40	0.0
2016	6	24	22	50	0.0
2016	6	24	23	0	0.0
2016	6	24	23	10	0.0
2016	6	24	23	20	0.0
2016	6	24	23	30	0.0
2016	6	24	23	40	0.0
2016	6	24	23	50	0.0
2016	6	25	0	0	0.04492200000004232
2016	6	25	0	10	0.0
2016	6	25	0	20	0.0
2016	6	25	0	30	0.0
2016	6	25	0	40	0.0
2016	6	25	0	50	0.0
2016	6	25	1	0	0.0
2016	6	25	1	10	0.0
2016	6	25	1	20	0.014893000000029133
2016	6	25	1	30	0.0
2016	6	25	1	40	0.0
2016	6	25	1	50	0.0
2016	6	25	2	0	0.0
2016	6	25	2	10	0.0
2016	6	25	2	20	0.014966036999794596
2016	6	25	2	30	0.0
2016	6	25	2	40	0.0
2016	6	25	2	50	0.0
2016	6	25	3	0	0.0
2016	6	25	3	10	0.0
2016	6	25	3	20	0.01849961500010977
2016	6	25	3	30	0.0
2016	6	25	3	40	0.17983267699992211
2016	6	25	3	50	0.7846603709999727
2016	6	25	4	0	0.5102539999998044
2016	6	25	4	10	0.5200266290003128
2016	6	25	4	20	1.17478974200003
2016	6	25	4	30	0.8200756289998026
2016	6	25	4	40	0.020012371000120766
2016	6	25	4	50	0.0
2016	6	25	5	0	0.0
2016	6	25	5	10	0.0
2016	6	25	5	20	0.070197840000219
2016	6	25	5	30	0.05518362899965723
2016	6	25	5	40	0.1598967420000008
2016	6	25	5	50	0.22486925800012614
2016	6	25	6	0	0.18017599999984668
2016	6	25	6	10	0.01334345699979167
2016	6	25	6	20	0.0
2016	6	25	6	30	0.0
2016	6	25	6	40	0.00975506733311704
2016	6	25	6	50	0.0
2016	6	25	7	0	0.1340486960002636
2016	6	25	7	10	0.15993488799995248
2016	6	25	7	20	0.21508799999992334
2016	6	25	7	30	0.4799657419998766
2016	6	25	7	40	0.26000900000008187
2016	6	25	7	50	0.13500999999996566
2016	6	25	8	0	0.0749586290003208
2016	6	25	8	10	0.0
2016	6	25	8	20	0.0
2016	6	25	8	30	0.0
2016	6	25	8	40	0.0
2016	6	25	8	50	0.0
2016	6	25	9	0	0.0
2016	6	25	9	10	0.0
2016	6	25	9	20	0.0
2016	6	25	9	30	0.0
2016	6	25	9	40	0.0
2016	6	25	9	50	0.0
2016	6	25	10	0	0.04003899999997884
2016	6	25	10	10	0.0
2016	6	25	10	20	0.0
2016	6	25	10	30	0.0
2016	6	25	10	40	0.0
2016	6	25	10	50	0.0
2016	6	25	11	0	0.0
2016	6	25	11	10	0.0
2016	6	25	11	20	0.0
2016	6	25	11	30	0.0
2016	6	25	11	40	0.0
2016	6	25	11	50	0.04507617299987032
2016	6	25	12	0	0.0
2016	6	25	12	10	0.0
2016	6	25	12	20	0.0
2016	6	25	12	30	0.0
2016	6	25	12	40	0.0
2016	6	25	12	50	0.0
2016	6	25	13	0	0.0
2016	6	25	13	10	0.024910629000260087
2016	6	25	13	20	0.0
2016	6	25	13	30	0.0
2016	6	25	13	40	0.0
2016	6	25	13	50	0.1488272550000147
2016	6	25	14	0	0.021647000000029948
2016	6	25	14	10	0.0
2016	6	25	14	20	0.0
2016	6	25	14	30	0.41503899999997884
2016	6	25	14	40	0.38964800000030664
2016	6	25	14	50	0.24023499999975684
2016	6	25	15	0	0.5649410000000898
2016	6	25	15	10	3.649902000000111
2016	6	25	15	20	1.4550856300002124
2016	6	25	15	30	0.14989536999974007
2016	6	25	15	40	0.18505800000002637
2016	6	25	15	50	0.1455845750001572
2016	6	25	16	0	0.0
2016	6	25	16	10	0.09003473500024484
2016	6	25	16	20	0.0
2016	6	25	16	30	0.0
2016	6	25	16	40	0.0
2016	6	25	16	50	0.0
2016	6	25	17	0	0.0
2016	6	25	17	10	0.0
2016	6	25	17	20	0.0
2016	6	25	17	30	0.0
2016	6	25	17	40	0.0
2016	6	25	17	50	0.044611404333409155
2016	6	25	18	0	0.029866572666833235
2016	6	25	18	10	0.0030243482001424127
2016	6	25	18	20	0.007056812466544216
2016	6	25	18	30	0.0
2016	6	25	18	40	0.01977500000020882
2016	6	25	18	50	0.0
2016	6	25	19	0	0.010009000000081869
2016	6	25	19	10	0.0
2016	6	25	19	20	0.0
2016	6	25	19	30	0.0
2016	6	25	19	40	0.03490436999982194
2016	6	25	19	50	0.10585089200003495
2016	6	25	20	0	0.3707197220001035
2016	6	25	20	10	0.3200603710001815
2016	6	25	20	20	0.354988628999763
2016	6	25	20	30	0.12523637100002816
2016	6	25	20	40	0.12989062899987402
2016	6	25	20	50	0.07495862999985548
2016	6	25	21	0	0.1799233700003242
2016	6	25	21	10	0.24510274099975504
2016	6	25	21	20	0.21485825900026612
2016	6	25	21	30	0.09588638699960939
2016	6	25	21	40	0.0110019620001367
2016	6	25	21	50	0.0700908880003226
2016	6	25	22	0	0.13987774099996386
2016	6	25	22	10	0.06005037099976107
2016	6	25	22	20	0.08985162900034993
2016	6	25	22	30	0.20508562999975766
2016	6	25	22	40	0.0
2016	6	25	22	50	0.0
2016	6	25	23	0	0.0
2016	6	25	23	10	0.0
2016	6	25	23	20	0.0
2016	6	25	23	30	0.0
2016	6	25	23	40	0.0
2016	6	25	23	50	0.04003137100016829
2016	6	26	0	0	0.0
2016	6	26	0	10	0.05085008700007165
2016	6	26	0	20	0.0
2016	6	26	0	30	0.0
2016	6	26	0	40	0.0
2016	6	26	0	50	0.0
2016	6	26	1	0	0.0
2016	6	26	1	10	0.0
2016	6	26	1	20	0.010229508400243503
2016	6	26	1	30	0.009942668600160687
2016	6	26	1	40	0.0
2016	6	26	1	50	0.0
2016	6	26	2	0	0.0
2016	6	26	2	10	0.0
2016	6	26	2	20	0.0
2016	6	26	2	30	0.0
2016	6	26	2	40	0.0
2016	6	26	2	50	0.0
2016	6	26	3	0	0.0
2016	6	26	3	10	0.0
2016	6	26	3	20	0.0
2016	6	26	3	30	0.0
2016	6	26	3	40	0.0
2016	6	26	3	50	0.0
2016	6	26	4	0	0.0
2016	6	26	4	10	0.0
2016	6	26	4	20	0.0
2016	6	26	4	30	0.0
2016	6	26	4	40	0.0
2016	6	26	4	50	0.0
2016	6	26	5	0	0.0
2016	6	26	5	10	0.0
2016	6	26	5	20	0.0
2016	6	26	5	30	0.0
2016	6	26	5	40	0.0
2016	6	26	5	50	0.0
2016	6	26	6	0	0.0
2016	6	26	6	10	0.0
2016	6	26	6	20	0.0
2016	6	26	6	30	0.0
2016	6	26	6	40	0.0
2016	6	26	6	50	0.0
2016	6	26	7	0	0.0
2016	6	26	7	10	0.0
2016	6	26	7	20	0.0
2016	6	26	7	30	0.0
2016	6	26	7	40	0.0
2016	6	26	7	50	0.0
2016	6	26	8	0	0.0
2016	6	26	8	10	0.0
2016	6	26	8	20	0.0
2016	6	26	8	30	0.0
2016	6	26	8	40	0.0
2016	6	26	8	50	0.03491200000007666
2016	6	26	9	0	0.0
2016	6	26	9	10	0.0
2016	6	26	9	20	0.0
2016	6	26	9	30	0.0
2016	6	26	9	40	0.0
2016	6	26	9	50	0.0
2016	6	26	10	0	0.0
2016	6	26	10	10	0.0
2016	6	26	10	20	0.0
2016	6	26	10	30	0.0
2016	6	26	10	40	0.0
2016	6	26	10	50	0.0
2016	6	26	11	0	0.0
2016	6	26	11	10	0.0
2016	6	26	11	20	0.0
2016	6	26	11	30	0.0
2016	6	26	11	40	0.0
2016	6	26	11	50	0.0
2016	6	26	12	0	0.0
2016	6	26	12	10	0.06419431999984226
2016	6	26	12	20	0.0
2016	6	26	12	30	0.0
2016	6	26	12	40	0.0
2016	6	26	12	50	0.0
2016	6	26	13	0	0.13814667259975977
2016	6	26	13	10	0.0462017934000869
2016	6	26	13	20	0.0
2016	6	26	13	30	0.0
2016	6	26	13	40	0.0
2016	6	26	13	50	0.0
2016	6	26	14	0	0.0
2016	6	26	14	10	0.0
2016	6	26	14	20	0.0
2016	6	26	14	30	0.0
2016	6	26	14	40	0.0
2016	6	26	14	50	0.0
2016	6	26	15	0	0.0
2016	6	26	15	10	0.0
2016	6	26	15	20	0.0
2016	6	26	15	30	0.0
2016	6	26	15	40	0.015280958999937866
2016	6	26	15	50	0.0
2016	6	26	16	0	0.0
2016	6	26	16	10	0.0
2016	6	26	16	20	0.0
2016	6	26	16	30	0.0
2016	6	26	16	40	0.0
2016	6	26	16	50	0.0
2016	6	26	17	0	0.0
2016	6	26	17	10	0.0
2016	6	26	17	20	0.0
2016	6	26	17	30	0.0
2016	6	26	17	40	0.0
2016	6	26	17	50	0.0
2016	6	26	18	0	0.0
2016	6	26	18	10	0.0
2016	6	26	18	20	0.0
2016	6	26	18	30	0.0
2016	6	26	18	40	0.0
2016	6	26	18	50	0.0
2016	6	26	19	0	0.0
2016	6	26	19	10	0.0
2016	6	26	19	20	0.0
2016	6	26	19	30	0.04979636999996728
2016	6	26	19	40	0.0
2016	6	26	19	50	0.0
2016	6	26	20	0	0.0
2016	6	26	20	10	0.0
2016	6	26	20	20	0.0
2016	6	26	20	30	0.0
2016	6	26	20	40	0.0
2016	6	26	20	50	0.0
2016	6	26	21	0	0.0
2016	6	26	21	10	0.0
2016	6	26	21	20	0.0
2016	6	26	21	30	0.0
2016	6	26	21	40	0.0
2016	6	26	21	50	0.0
2016	6	26	22	0	0.0
2016	6	26	22	10	0.0
2016	6	26	22	20	0.0
2016	6	26	22	30	0.0
2016	6	26	22	40	0.0
2016	6	26	22	50	0.0
2016	6	26	23	0	0.0
2016	6	26	23	10	0.0
2016	6	26	23	20	0.0
2016	6	26	23	30	0.0
2016	6	26	23	40	0.0
2016	6	26	23	50	0.0
2016	6	27	0	0	0.0
2016	6	27	0	10	0.0
2016	6	27	0	20	0.0
2016	6	27	0	30	0.0
2016	6	27	0	40	0.0
2016	6	27	0	50	0.0
2016	6	27	1	0	0.010269258999869635
2016	6	27	1	10	0.0
2016	6	27	1	20	0.0
2016	6	27	1	30	0.0
2016	6	27	1	40	0.0
2016	6	27	1	50	0.0
2016	6	27	2	0	0.0
2016	6	27	2	10	0.0
2016	6	27	2	20	0.0
2016	6	27	2	30	0.0
2016	6	27	2	40	0.0
2016	6	27	2	50	0.0
2016	6	27	3	0	0.0
2016	6	27	3	10	0.0
2016	6	27	3	20	0.0
2016	6	27	3	30	0.0
2016	6	27	3	40	0.0
2016	6	27	3	50	0.0
2016	6	27	4	0	0.0
2016	6	27	4	10	0.0
2016	6	27	4	20	0.0
2016	6	27	4	30	0.0
2016	6	27	4	40	0.0
2016	6	27	4	50	0.0
2016	6	27	5	0	0.0
2016	6	27	5	10	0.0
2016	6	27	5	20	0.0
2016	6	27	5	30	0.0
2016	6	27	5	40	0.0
2016	6	27	5	50	0.0
2016	6	27	6	0	0.0
2016	6	27	6	10	0.0
2016	6	27	6	20	0.05519802900016657
2016	6	27	6	30	0.0
2016	6	27	6	40	0.0
2016	6	27	6	50	0.0
2016	6	27	7	0	0.0
2016	6	27	7	10	0.0
2016	6	27	7	20	0.0
2016	6	27	7	30	0.0
2016	6	27	7	40	0.0
2016	6	27	7	50	0.08496100000002116
2016	6	27	8	0	0.0
2016	6	27	8	10	0.0
2016	6	27	8	20	0.0
2016	6	27	8	30	0.0
2016	6	27	8	40	0.0
2016	6	27	8	50	0.0
2016	6	27	9	0	0.0
2016	6	27	9	10	0.0
2016	6	27	9	20	0.0
2016	6	27	9	30	0.0
2016	6	27	9	40	0.0
2016	6	27	9	50	0.0
2016	6	27	10	0	0.0
2016	6	27	10	10	0.024902000000111002
2016	6	27	10	20	0.0
2016	6	27	10	30	0.0
2016	6	27	10	40	0.0
2016	6	27	10	50	0.0166013333337105
2016	6	27	11	0	0.0
2016	6	27	11	10	0.11010799999985466
2016	6	27	11	20	0.0
2016	6	27	11	30	0.014357942000060575
2016	6	27	11	40	0.0
2016	6	27	11	50	0.0
2016	6	27	12	0	0.0
2016	6	27	12	10	0.0
2016	6	27	12	20	0.0
2016	6	27	12	30	0.0
2016	6	27	12	40	0.0
2016	6	27	12	50	0.02904795499989632
2016	6	27	13	0	0.0
2016	6	27	13	10	0.0
2016	6	27	13	20	0.0
2016	6	27	13	30	0.0
2016	6	27	13	40	0.0
2016	6	27	13	50	0.0
2016	6	27	14	0	0.06625365166701158
2016	6	27	14	10	0.0
2016	6	27	14	20	0.0
2016	6	27	14	30	0.0
2016	6	27	14	40	0.0
2016	6	27	14	50	0.0
2016	6	27	15	0	0.0
2016	6	27	15	10	0.0
2016	6	27	15	20	0.0
2016	6	27	15	30	0.0
2016	6	27	15	40	0.0
2016	6	27	15	50	0.0
2016	6	27	16	0	0.0
2016	6	27	16	10	0.0
2016	6	27	16	20	0.0
2016	6	27	16	30	0.0
2016	6	27	16	40	0.0
2016	6	27	16	50	0.0
2016	6	27	17	0	0.04491437000024234
2016	6	27	17	10	0.0
2016	6	27	17	20	0.0
2016	6	27	17	30	0.0
2016	6	27	17	40	0.0
2016	6	27	17	50	0.0
2016	6	27	18	0	0.0
2016	6	27	18	10	0.0
2016	6	27	18	20	0.0
2016	6	27	18	30	0.0
2016	6	27	18	40	0.0
2016	6	27	18	50	0.02484600399975534
2016	6	27	19	0	0.0
2016	6	27	19	10	0.0
2016	6	27	19	20	0.0
2016	6	27	19	30	0.0
2016	6	27	19	40	0.0
2016	6	27	19	50	0.0
2016	6	27	20	0	0.0
2016	6	27	20	10	0.0
2016	6	27	20	20	0.0
2016	6	27	20	30	0.0
2016	6	27	20	40	0.0
2016	6	27	20	50	0.0
2016	6	27	21	0	0.0
2016	6	27	21	10	0.0
2016	6	27	21	20	0.0
2016	6	27	21	30	0.0
2016	6	27	21	40	0.0
2016	6	27	21	50	0.0
2016	6	27	22	0	0.0
2016	6	27	22	10	0.0
2016	6	27	22	20	0.0
2016	6	27	22	30	0.015144630000122561
2016	6	27	22	40	0.0
2016	6	27	22	50	0.0
2016	6	27	23	0	0.0
2016	6	27	23	10	0.0
2016	6	27	23	20	0.0
2016	6	27	23	30	0.0
2016	6	27	23	40	0.0
2016	6	27	23	50	0.0
2016	6	28	0	0	0.00472014599972681
2016	6	28	0	10	0.0
2016	6	28	0	20	0.0
2016	6	28	0	30	0.0
2016	6	28	0	40	0.0
2016	6	28	0	50	0.0
2016	6	28	1	0	0.0
2016	6	28	1	10	2.5940000341506675e-05
2016	6	28	1	20	0.0
2016	6	28	1	30	0.006097468199641298
2016	6	28	1	40	0.0
2016	6	28	1	50	0.0
2016	6	28	2	0	0.0
2016	6	28	2	10	0.011726295999778813
2016	6	28	2	20	0.0
2016	6	28	2	30	0.0
2016	6	28	2	40	0.0
2016	6	28	2	50	0.0
2016	6	28	3	0	0.0
2016	6	28	3	10	0.0
2016	6	28	3	20	0.0
2016	6	28	3	30	0.0
2016	6	28	3	40	0.0
2016	6	28	3	50	0.0
2016	6	28	4	0	0.0
2016	6	28	4	10	0.0
2016	6	28	4	20	0.0
2016	6	28	4	30	0.0
2016	6	28	4	40	0.0
2016	6	28	4	50	0.0
2016	6	28	5	0	0.0
2016	6	28	5	10	0.0
2016	6	28	5	20	0.0
2016	6	28	5	30	0.0
2016	6	28	5	40	0.0
2016	6	28	5	50	0.0
2016	6	28	6	0	0.0
2016	6	28	6	10	0.0
2016	6	28	6	20	0.0
2016	6	28	6	30	0.0
2016	6	28	6	40	0.0
2016	6	28	6	50	0.0
2016	6	28	7	0	0.0
2016	6	28	7	10	0.0
2016	6	28	7	20	0.0
2016	6	28	7	30	0.0
2016	6	28	7	40	3.292037339000217
2016	6	28	7	50	4.395325175999915
2016	6	28	8	0	1.0888822590000018
2016	6	28	8	10	0.0
2016	6	28	8	20	0.0
2016	6	28	8	30	0.0
2016	6	28	8	40	0.0
2016	6	28	8	50	0.0
2016	6	28	9	0	0.0
2016	6	28	9	10	0.0
2016	6	28	9	20	0.040130552999926294
2016	6	28	9	30	0.0
2016	6	28	9	40	0.0
2016	6	28	9	50	0.0
2016	6	28	10	0	0.0
2016	6	28	10	10	0.0
2016	6	28	10	20	0.0
2016	6	28	10	30	0.0
2016	6	28	10	40	0.0
2016	6	28	10	50	0.0
2016	6	28	11	0	0.0
2016	6	28	11	10	0.0
2016	6	28	11	20	0.0
2016	6	28	11	30	0.0
2016	6	28	11	40	0.0
2016	6	28	11	50	0.0
2016	6	28	12	0	0.0
2016	6	28	12	10	0.0
2016	6	28	12	20	0.0
2016	6	28	12	30	0.0
2016	6	28	12	40	0.0
2016	6	28	12	50	0.0
2016	6	28	13	0	0.0
2016	6	28	13	10	0.0
2016	6	28	13	20	0.020011371000236977
2016	6	28	13	30	0.0
2016	6	28	13	40	0.0
2016	6	28	13	50	0.029228055000203312
2016	6	28	14	0	0.0
2016	6	28	14	10	0.0
2016	6	28	14	20	0.0
2016	6	28	14	30	0.0
2016	6	28	14	40	0.0
2016	6	28	14	50	0.0
2016	6	28	15	0	0.0
2016	6	28	15	10	0.0
2016	6	28	15	20	0.0
2016	6	28	15	30	0.0
2016	6	28	15	40	0.0
2016	6	28	15	50	0.0
2016	6	28	16	0	0.0
2016	6	28	16	10	0.0
2016	6	28	16	20	0.0
2016	6	28	16	30	0.0
2016	6	28	16	40	0.0
2016	6	28	16	50	0.0
2016	6	28	17	0	0.0
2016	6	28	17	10	0.04494488799991814
2016	6	28	17	20	0.0
2016	6	28	17	30	0.0
2016	6	28	17	40	0.0
2016	6	28	17	50	0.0
2016	6	28	18	0	0.0
2016	6	28	18	10	0.0
2016	6	28	18	20	0.0
2016	6	28	18	30	0.0
2016	6	28	18	40	0.0
2016	6	28	18	50	0.0
2016	6	28	19	0	0.0
2016	6	28	19	10	0.0
2016	6	28	19	20	0.0
2016	6	28	19	30	0.0
2016	6	28	19	40	0.08007799999995768
2016	6	28	19	50	0.0
2016	6	28	20	0	0.0
2016	6	28	20	10	0.0
2016	6	28	20	20	0.0
2016	6	28	20	30	0.0
2016	6	28	20	40	0.0
2016	6	28	20	50	0.0
2016	6	28	21	0	0.0
2016	6	28	21	10	0.0
2016	6	28	21	20	0.0
2016	6	28	21	30	0.0
2016	6	28	21	40	0.0
2016	6	28	21	50	0.0
2016	6	28	22	0	0.0
2016	6	28	22	10	0.0
2016	6	28	22	20	0.0
2016	6	28	22	30	0.0
2016	6	28	22	40	0.0
2016	6	28	22	50	0.0
2016	6	28	23	0	0.0
2016	6	28	23	10	0.0
2016	6	28	23	20	0.0
2016	6	28	23	30	0.0
2016	6	28	23	40	0.0
2016	6	28	23	50	0.0
2016	6	29	0	0	0.0
2016	6	29	0	10	0.0
2016	6	29	0	20	0.0
2016	6	29	0	30	0.0
2016	6	29	0	40	0.0
2016	6	29	0	50	0.0
2016	6	29	1	0	0.0
2016	6	29	1	10	0.0
2016	6	29	1	20	0.0
2016	6	29	1	30	0.0
2016	6	29	1	40	0.010009000000081869
2016	6	29	1	50	0.0
2016	6	29	2	0	0.01513699999986784
2016	6	29	2	10	0.0
2016	6	29	2	20	0.0
2016	6	29	2	30	0.0
2016	6	29	2	40	0.0
2016	6	29	2	50	0.0
2016	6	29	3	0	0.0
2016	6	29	3	10	0.0
2016	6	29	3	20	0.0
2016	6	29	3	30	0.0
2016	6	29	3	40	0.0
2016	6	29	3	50	0.0
2016	6	29	4	0	0.0
2016	6	29	4	10	0.0
2016	6	29	4	20	0.0
2016	6	29	4	30	0.4651108880002539
2016	6	29	4	40	0.0400084819998483
2016	6	29	4	50	0.0
2016	6	29	5	0	0.0
2016	6	29	5	10	0.0
2016	6	29	5	20	0.0
2016	6	29	5	30	0.0
2016	6	29	5	40	0.0
2016	6	29	5	50	0.07550017599987768
2016	6	29	6	0	0.16016377000005377
2016	6	29	6	10	0.0
2016	6	29	6	20	0.0
2016	6	29	6	30	0.16014836999966064
2016	6	29	6	40	0.0
2016	6	29	6	50	0.014881518399761262
2016	6	29	7	0	0.0
2016	6	29	7	10	0.0
2016	6	29	7	20	0.36010799999985466
2016	6	29	7	30	0.08445746000006693
2016	6	29	7	40	0.0
2016	6	29	7	50	0.0
2016	6	29	8	0	0.02488674100004573
2016	6	29	8	10	0.0
2016	6	29	8	20	0.0
2016	6	29	8	30	0.006515752666473418
2016	6	29	8	40	0.04817987633396115
2016	6	29	8	50	0.0
2016	6	29	9	0	0.0
2016	6	29	9	10	0.0
2016	6	29	9	20	0.0
2016	6	29	9	30	0.0
2016	6	29	9	40	0.0
2016	6	29	9	50	0.0
2016	6	29	10	0	0.0
2016	6	29	10	10	0.0
2016	6	29	10	20	0.0
2016	6	29	10	30	0.0
2016	6	29	10	40	0.0
2016	6	29	10	50	0.05468700000028548
2016	6	29	11	0	0.0
2016	6	29	11	10	0.0
2016	6	29	11	20	0.0
2016	6	29	11	30	0.0
2016	6	29	11	40	0.0
2016	6	29	11	50	0.02514599999994971
2016	6	29	12	0	0.0
2016	6	29	12	10	0.0
2016	6	29	12	20	0.0
2016	6	29	12	30	0.0
2016	6	29	12	40	0.0
2016	6	29	12	50	0.0
2016	6	29	13	0	0.0
2016	6	29	13	10	0.0
2016	6	29	13	20	0.0
2016	6	29	13	30	0.0
2016	6	29	13	40	0.0
2016	6	29	13	50	0.0
2016	6	29	14	0	0.0
2016	6	29	14	10	0.0
2016	6	29	14	20	0.0
2016	6	29	14	30	0.0
2016	6	29	14	40	0.0
2016	6	29	14	50	0.0
2016	6	29	15	0	0.0
2016	6	29	15	10	0.0
2016	6	29	15	20	0.0
2016	6	29	15	30	0.0
2016	6	29	15	40	0.0
2016	6	29	15	50	0.0
2016	6	29	16	0	0.0
2016	6	29	16	10	0.060645463000128075
2016	6	29	16	20	0.0
2016	6	29	16	30	0.0
2016	6	29	16	40	0.0
2016	6	29	16	50	0.0
2016	6	29	17	0	0.0
2016	6	29	17	10	0.0
2016	6	29	17	20	0.0
2016	6	29	17	30	0.0
2016	6	29	17	40	0.0
2016	6	29	17	50	0.0
2016	6	29	18	0	0.0
2016	6	29	18	10	0.0
2016	6	29	18	20	0.0
2016	6	29	18	30	0.010002371000155108
2016	6	29	18	40	0.0
2016	6	29	18	50	0.0
2016	6	29	19	0	0.0
2016	6	29	19	10	0.0
2016	6	29	19	20	0.0
2016	6	29	19	30	0.0
2016	6	29	19	40	0.0
2016	6	29	19	50	0.0
2016	6	29	20	0	0.0
2016	6	29	20	10	0.0
2016	6	29	20	20	0.0
2016	6	29	20	30	0.0
2016	6	29	20	40	0.0
2016	6	29	20	50	0.0
2016	6	29	21	0	0.0
2016	6	29	21	10	0.0
2016	6	29	21	20	0.0
2016	6	29	21	30	0.0
2016	6	29	21	40	0.0
2016	6	29	21	50	0.0
2016	6	29	22	0	0.0
2016	6	29	22	10	0.0
2016	6	29	22	20	0.0
2016	6	29	22	30	0.0
2016	6	29	22	40	0.0
2016	6	29	22	50	0.0
2016	6	29	23	0	0.0
2016	6	29	23	10	0.0
2016	6	29	23	20	0.0
2016	6	29	23	30	0.0
2016	6	29	23	40	0.00522632300044279
2016	6	29	23	50	0.035140740999850095
2016	6	30	0	0	0.05517599999984668
2016	6	30	0	10	0.0
2016	6	30	0	20	0.0
2016	6	30	0	30	0.0
2016	6	30	0	40	0.037104621999333176
2016	6	30	0	50	0.0
2016	6	30	1	0	0.017027266999775748
2016	6	30	1	10	0.0
2016	6	30	1	20	0.08000933499988605
2016	6	30	1	30	0.7189172840003266
2016	6	30	1	40	0.5949784889999137
2016	6	30	1	50	0.0
2016	6	30	2	0	0.003263296333443577
2016	6	30	2	10	0.0036295334662099776
2016	6	30	2	20	0.0
2016	6	30	2	30	0.0
2016	6	30	2	40	0.0
2016	6	30	2	50	0.31006662900017545
2016	6	30	3	0	0.694808741000088
2016	6	30	3	10	0.4052729999998519
2016	6	30	3	20	0.33497625900008643
2016	6	30	3	30	0.31980874100008805
2016	6	30	3	40	0.34023295899987716
2016	6	30	3	50	0.6955954280001606
2016	6	30	4	0	0.5000305169996864
2016	6	30	4	10	0.4350656300002811
2016	6	30	4	20	0.34473462899995866
2016	6	30	4	30	0.025130740999884438
2016	6	30	4	40	0.1247560000001613
2016	6	30	4	50	0.01513699999986784
2016	6	30	5	0	0.0
2016	6	30	5	10	0.0
2016	6	30	5	20	0.0
2016	6	30	5	30	0.0
2016	6	30	5	40	0.0
2016	6	30	5	50	0.0
2016	6	30	6	0	0.0
2016	6	30	6	10	0.0
2016	6	30	6	20	0.0016381729997192451
2016	6	30	6	30	0.0
2016	6	30	6	40	0.015135999999984051
2016	6	30	6	50	0.0
2016	6	30	7	0	0.7600242590001471
2016	6	30	7	10	0.7299657409998872
2016	6	30	7	20	0.11500525900009961
2016	6	30	7	30	0.26512174099980257
2016	6	30	7	40	0.2846756300004927
2016	6	30	7	50	0.45020262899970476
2016	6	30	8	0	0.4450451120001162
2016	6	30	8	10	0.03496640599996681
2016	6	30	8	20	0.0
2016	6	30	8	30	0.0
2016	6	30	8	40	0.0
2016	6	30	8	50	0.0
2016	6	30	9	0	0.06595306680037538
2016	6	30	9	10	0.0
2016	6	30	9	20	0.0
2016	6	30	9	30	0.6399072590002106
2016	6	30	9	40	0.0
2016	6	30	9	50	0.0
2016	6	30	10	0	0.04977448300041942
2016	6	30	10	10	0.0
2016	6	30	10	20	0.0
2016	6	30	10	30	0.0
2016	6	30	10	40	0.0
2016	6	30	10	50	0.0
2016	6	30	11	0	0.0
2016	6	30	11	10	0.0
2016	6	30	11	20	0.011726629333224992
2016	6	30	11	30	0.0
2016	6	30	11	40	0.0
2016	6	30	11	50	0.0
2016	6	30	12	0	0.0
2016	6	30	12	10	0.0
2016	6	30	12	20	0.0
2016	6	30	12	30	0.0
2016	6	30	12	40	0.0
2016	6	30	12	50	0.0
2016	6	30	13	0	0.070046112
2016	6	30	13	10	0.0
2016	6	30	13	20	0.0
2016	6	30	13	30	0.0
2016	6	30	13	40	0.0
2016	6	30	13	50	0.0
2016	6	30	14	0	0.0
2016	6	30	14	10	0.0
2016	6	30	14	20	0.0
2016	6	30	14	30	0.0
2016	6	30	14	40	0.0
2016	6	30	14	50	0.11197348139967289
2016	6	30	15	0	0.0
2016	6	30	15	10	0.0
2016	6	30	15	20	0.0
2016	6	30	15	30	0.04517362899969157
2016	6	30	15	40	0.0
2016	6	30	15	50	0.0
2016	6	30	16	0	0.0
2016	6	30	16	10	0.0
2016	6	30	16	20	0.0
2016	6	30	16	30	0.0
2016	6	30	16	40	0.0
2016	6	30	16	50	0.0
2016	6	30	17	0	0.0
2016	6	30	17	10	0.0350139776001015
2016	6	30	17	20	0.0
2016	6	30	17	30	0.02000045680006224
2016	6	30	17	40	0.0
2016	6	30	17	50	0.0
2016	6	30	18	0	0.010025259000030928
2016	6	30	18	10	0.01976737100039827
2016	6	30	18	20	0.0
2016	6	30	18	30	0.0
2016	6	30	18	40	0.0
2016	6	30	18	50	0.02327433333357476
2016	6	30	19	0	0.026529666666647245
2016	6	30	19	10	0.0
2016	6	30	19	20	0.023912066999855597
2016	6	30	19	30	0.0
2016	6	30	19	40	0.0
2016	6	30	19	50	0.0
2016	6	30	20	0	0.0
2016	6	30	20	10	0.0
2016	6	30	20	20	0.09430436599996028
2016	6	30	20	30	0.0297926300004292
2016	6	30	20	40	0.010238740999739093
2016	6	30	20	50	0.38478888800000277
2016	6	30	21	0	0.5849304819998906
2016	6	30	21	10	0.2151032589999886
2016	6	30	21	20	0.0
2016	6	30	21	30	0.0
2016	6	30	21	40	0.0
2016	6	30	21	50	0.0
2016	6	30	22	0	0.0
2016	6	30	22	10	0.0
2016	6	30	22	20	0.002636533333316038
2016	6	30	22	30	0.0
2016	6	30	22	40	0.0
2016	6	30	22	50	0.0
2016	6	30	23	0	0.0
2016	6	30	23	10	0.0
2016	6	30	23	20	0.0
2016	6	30	23	30	0.0
2016	6	30	23	40	0.0
2016	6	30	23	50	0.021842472000116686
