YYYY	MM	DD	hh	mm	RS
2016	1	1	0	0	2.7211665595601953
2016	1	2	0	0	3.348103099573613
2016	1	3	0	0	2.291401638312797
2016	1	4	0	0	1.8151109905378033
2016	1	5	0	0	2.736629947307247
2016	1	6	0	0	1.3441211206445003
2016	1	7	0	0	1.2100567712489367
2016	1	8	0	0	4.149144721922553
2016	1	9	0	0	3.5156046991653707
2016	1	10	0	0	2.83293587760696
2016	1	11	0	0	1.8796139124038038
2016	1	12	0	0	3.689748017125019
2016	1	13	0	0	1.8873971908594418
2016	1	14	0	0	1.6593801785751716
2016	1	15	0	0	2.78769281265953
2016	1	16	0	0	2.7162631380453957
2016	1	17	0	0	2.788848799006703
2016	1	18	0	0	2.7059230651889434
2016	1	19	0	0	1.322145313042781
2016	1	20	0	0	1.4313915263768662
2016	1	21	0	0	2.9252263453269927
2016	1	22	0	0	2.172093249331014
2016	1	23	0	0	2.64476707742713
2016	1	24	0	0	1.959027598351371
2016	1	25	0	0	4.317604831418265
2016	1	26	0	0	5.527495119959437
2016	1	27	0	0	5.760381571497139
2016	1	28	0	0	5.078798915779204
2016	1	29	0	0	4.736987923012521
2016	1	30	0	0	4.808052702677929
2016	1	31	0	0	4.436566360792808
2016	2	1	0	0	1.570459974032189
2016	2	2	0	0	2.926700406588862
2016	2	3	0	0	4.093313283388893
2016	2	4	0	0	4.665286156797576
2016	2	5	0	0	2.0089606311116905
2016	2	6	0	0	2.4807739428078452
2016	2	7	0	0	2.5166498115706792
2016	2	8	0	0	3.656469676759013
2016	2	9	0	0	4.096305524982696
2016	2	10	0	0	1.8947602469169875
2016	2	11	0	0	3.20201003495056
2016	2	12	0	0	2.987321305921306
2016	2	13	0	0	4.353926700927428
2016	2	14	0	0	9.532480611289536
2016	2	15	0	0	10.17905362272265
2016	2	16	0	0	4.276332670769586
2016	2	17	0	0	9.618174504179741
2016	2	18	0	0	3.518386400864301
2016	2	19	0	0	9.072461748718714
2016	2	20	0	0	10.586454596731814
2016	2	21	0	0	11.02495309026984
2016	2	22	0	0	4.938383126740165
2016	2	23	0	0	3.2184590792177867
2016	2	24	0	0	2.4383111706193135
2016	2	25	0	0	1.865722157864487
2016	2	26	0	0	3.4531073813047493
2016	2	27	0	0	5.595574131576733
2016	2	28	0	0	4.968462078225962
2016	2	29	0	0	4.694189627986499
2016	3	1	0	0	4.419917177747035
2016	3	2	0	0	5.819243137596222
2016	3	3	0	0	2.4055409685541047
2016	3	4	0	0	5.709526844084199
2016	3	5	0	0	2.8391303550390075
2016	3	6	0	0	13.629693673276332
2016	3	7	0	0	12.675218354212264
2016	3	8	0	0	7.365091216537149
2016	3	9	0	0	2.930619944481109
2016	3	10	0	0	4.757793497633301
2016	3	11	0	0	5.620513950162556
2016	3	12	0	0	8.171864304588627
2016	3	13	0	0	7.994913574785834
2016	3	14	0	0	15.226576227567103
2016	3	15	0	0	6.146546386309312
2016	3	16	0	0	4.194031131581872
2016	3	17	0	0	10.04957698019616
2016	3	18	0	0	5.920968727175706
2016	3	19	0	0	9.590893120452614
2016	3	20	0	0	4.073101879157819
2016	3	21	0	0	16.205091717614113
2016	3	22	0	0	7.7997722820705135
2016	3	23	0	0	13.844784309287242
2016	3	24	0	0	16.636323007495182
2016	3	25	0	0	13.650234371930015
2016	3	26	0	0	15.215777708241832
2016	3	27	0	0	9.007156362432903
2016	3	28	0	0	17.470661179668973
2016	3	29	0	0	6.2606300034488225
2016	3	30	0	0	13.410358490862432
2016	3	31	0	0	11.745469231984197
2016	4	1	0	0	7.0480805906367765
2016	4	2	0	0	11.598363326685831
2016	4	3	0	0	13.068121619194331
2016	4	4	0	0	15.80557878703492
2016	4	5	0	0	18.076133008706027
2016	4	6	0	0	17.98530588501362
2016	4	7	0	0	11.52364541635198
2016	4	8	0	0	3.416972414415523
2016	4	9	0	0	19.280951156448925
2016	4	10	0	0	7.76719463633339
2016	4	11	0	0	19.30374674895131
2016	4	12	0	0	7.512344986506627
2016	4	13	0	0	12.362634953689364
2016	4	14	0	0	6.430736272933314
2016	4	15	0	0	9.019439615355523
2016	4	16	0	0	13.740748532762689
2016	4	17	0	0	8.041723315937862
2016	4	18	0	0	21.914103544040163
2016	4	19	0	0	22.631422903520775
2016	4	20	0	0	22.857115619049292
2016	4	21	0	0	13.386184105917744
2016	4	22	0	0	22.580351091331664
2016	4	23	0	0	7.486921246903178
2016	4	24	0	0	17.571904671406838
2016	4	25	0	0	7.662205882702434
2016	4	26	0	0	17.563984273598486
2016	4	27	0	0	10.185071868702952
2016	4	28	0	0	13.909637672710273
2016	4	29	0	0	7.652008848265834
2016	4	30	0	0	5.303993321875107
2016	5	1	0	0	9.298176395912295
2016	5	2	0	0	8.599767566116366
2016	5	3	0	0	12.750161400012788
2016	5	4	0	0	7.763871111401314
2016	5	5	0	0	17.712262299652622
2016	5	6	0	0	14.67025409902637
2016	5	7	0	0	13.442870790611568
2016	5	8	0	0	22.108965117671435
2016	5	9	0	0	21.26178973151326
2016	5	10	0	0	19.667675259142218
2016	5	11	0	0	21.477845647091723
2016	5	12	0	0	22.411230796445302
2016	5	13	0	0	20.634941823083103
2016	5	14	0	0	15.83986620359068
2016	5	15	0	0	6.6766914097846675
2016	5	16	0	0	9.754008929643515
2016	5	17	0	0	12.154652828076472
2016	5	18	0	0	25.67577243503359
2016	5	19	0	0	20.81987430924652
2016	5	20	0	0	19.880590644863737
2016	5	21	0	0	11.537122804624484
2016	5	22	0	0	21.89798552962881
2016	5	23	0	0	22.734429690706158
2016	5	24	0	0	24.13159700486279
2016	5	25	0	0	26.610304381570085
2016	5	26	0	0	24.588973273890037
2016	5	27	0	0	19.88330456195015
2016	5	28	0	0	27.277583035335212
2016	5	29	0	0	28.225137792413204
2016	5	30	0	0	26.226903526658667
2016	5	31	0	0	21.42450537907254
2016	6	1	0	0	13.4220609216576
2016	6	2	0	0	20.71133103443475
2016	6	3	0	0	16.430141896979357
2016	6	4	0	0	15.399400484259878
2016	6	5	0	0	11.745923760234348
2016	6	6	0	0	9.160118909452253
2016	6	7	0	0	13.379105114880481
2016	6	8	0	0	8.458513055562983
2016	6	9	0	0	23.832342342167447
2016	6	10	0	0	25.242536275548133
2016	6	11	0	0	28.46225395446322
2016	6	12	0	0	28.406190542988213
2016	6	13	0	0	25.90900663925644
2016	6	14	0	0	28.86603928676479
2016	6	15	0	0	28.781908365267736
2016	6	16	0	0	28.776266935694874
2016	6	17	0	0	27.6608980943885
2016	6	18	0	0	23.7663974122863
2016	6	19	0	0	11.227928164678282
2016	6	20	0	0	12.121099058524926
2016	6	21	0	0	23.103858053936417
2016	6	22	0	0	26.626919409990865
2016	6	23	0	0	27.87760041921812
2016	6	24	0	0	27.701362285415424
2016	6	25	0	0	18.026383526822997
2016	6	26	0	0	16.468524177748762
2016	6	27	0	0	21.62798636829218
2016	6	28	0	0	13.304577126201007
2016	6	29	0	0	8.521740681959391
2016	6	30	0	0	9.19900737809807
2016	7	1	0	0	15.151238734840215
2016	7	2	0	0	18.108892538981223
2016	7	3	0	0	22.536239976973352
2016	7	4	0	0	20.563618522943607
2016	7	5	0	0	8.588757930263926
2016	7	6	0	0	19.47032671113314
2016	7	7	0	0	14.638148710849498
2016	7	8	0	0	14.775759790981489
2016	7	9	0	0	16.119551447686025
2016	7	10	0	0	14.838113877986476
2016	7	11	0	0	12.161707327762704
2016	7	12	0	0	11.377353208331925
2016	7	13	0	0	23.69475761323297
2016	7	14	0	0	15.941541703214188
2016	7	15	0	0	12.71621405102181
2016	7	16	0	0	14.444510010924615
2016	7	17	0	0	20.340484914665087
2016	7	18	0	0	15.64815223302889
2016	7	19	0	0	17.77057679116826
2016	7	20	0	0	20.085944267760276
2016	7	21	0	0	23.814119637986256
2016	7	22	0	0	14.270061952802305
2016	7	23	0	0	17.56739387745962
2016	7	24	0	0	12.47713554149617
2016	7	25	0	0	19.68757077227175
2016	7	26	0	0	16.056609096005396
2016	7	27	0	0	23.65554463380366
2016	7	28	0	0	17.977356408705695
2016	7	29	0	0	21.36607189683762
2016	7	30	0	0	23.221757460675715
2016	7	31	0	0	20.723546978422586
2016	8	1	0	0	12.89866863406153
2016	8	2	0	0	12.9110198074558
2016	8	3	0	0	9.80709081573168
2016	8	4	0	0	19.732469470419716
2016	8	5	0	0	20.333378811203627
2016	8	6	0	0	22.691014491526847
2016	8	7	0	0	23.86002686140521
2016	8	8	0	0	17.761982366080225
2016	8	9	0	0	15.606123430571976
2016	8	10	0	0	10.070712256908443
2016	8	11	0	0	18.008642121283785
2016	8	12	0	0	21.101509479395954
2016	8	13	0	0	18.13789345751611
2016	8	14	0	0	8.563233277345516
2016	8	15	0	0	7.865979085162058
2016	8	16	0	0	9.134000450421034
2016	8	17	0	0	4.807217783024093
2016	8	18	0	0	13.714938129258863
2016	8	19	0	0	12.882752022913373
2016	8	20	0	0	10.484571904364708
2016	8	21	0	0	15.88233429340436
2016	8	22	0	0	7.831986867550056
2016	8	23	0	0	8.476388329045632
2016	8	24	0	0	6.442447362025558
2016	8	25	0	0	15.33929688456984
2016	8	26	0	0	12.554571032942574
2016	8	27	0	0	11.07447398577533
2016	8	28	0	0	17.912684533506653
2016	8	29	0	0	17.818504704013538
2016	8	30	0	0	12.026271418639546
2016	8	31	0	0	11.764153121846142
2016	9	1	0	0	13.264989069362803
2016	9	2	0	0	19.74227292267774
2016	9	3	0	0	18.988122185982085
2016	9	4	0	0	18.85706503268377
2016	9	5	0	0	18.02421851505423
2016	9	6	0	0	16.975608082909485
2016	9	7	0	0	17.366422200873814
2016	9	8	0	0	17.338283330915257
2016	9	9	0	0	14.872519234507823
2016	9	10	0	0	11.064782539738772
2016	9	11	0	0	13.699859124776431
2016	9	12	0	0	8.470198589865305
2016	9	13	0	0	8.193698409571788
2016	9	14	0	0	13.14260140201367
2016	9	15	0	0	15.031950703521956
2016	9	16	0	0	8.648885232235239
2016	9	17	0	0	13.978021383860085
2016	9	18	0	0	7.789347382117644
2016	9	19	0	0	13.642045324368425
2016	9	20	0	0	14.698691410823194
2016	9	21	0	0	14.240471947575353
2016	9	22	0	0	14.489507942243685
2016	9	23	0	0	13.795113259208968
2016	9	24	0	0	13.241937440368426
2016	9	25	0	0	11.485120395501044
2016	9	26	0	0	9.198180205188192
2016	9	27	0	0	7.848217268821659
2016	9	28	0	0	13.302023283599961
2016	9	29	0	0	12.519456892030396
2016	9	30	0	0	12.439353985342445
2016	10	1	0	0	8.098722746234646
2016	10	2	0	0	9.127411807911235
2016	10	3	0	0	9.689553814389148
2016	10	4	0	0	7.484767052621896
2016	10	5	0	0	9.314442575800127
2016	10	6	0	0	8.092100636628723
2016	10	7	0	0	5.713463551322989
2016	10	8	0	0	3.696561778356542
2016	10	9	0	0	7.5893263276053515
2016	10	10	0	0	5.313416675544487
2016	10	11	0	0	10.675210426318484
2016	10	12	0	0	2.4843443650615584
2016	10	13	0	0	6.948928209376566
2016	10	14	0	0	7.196541260590469
2016	10	15	0	0	6.905280988694742
2016	10	16	0	0	9.231752904551627
2016	10	17	0	0	7.265512172176402
2016	10	18	0	0	3.8681079427705742
2016	10	19	0	0	6.55396980439894
2016	10	20	0	0	7.720439797637502
2016	10	21	0	0	7.460790047904549
2016	10	22	0	0	6.992793855484654
2016	10	23	0	0	7.191615685778571
2016	10	24	0	0	6.929804663793047
2016	10	25	0	0	6.7691220574655775
2016	10	26	0	0	5.719448313664028
2016	10	27	0	0	7.558822020452069
2016	10	28	0	0	6.721691205495104
2016	10	29	0	0	6.851297571814184
2016	10	30	0	0	6.7052765747403145
2016	10	31	0	0	6.823530733310828
2016	11	1	0	0	6.941431164482922
2016	11	2	0	0	6.806332044498407
2016	11	3	0	0	6.473660709321296
2016	11	4	0	0	4.652270171028239
2016	11	5	0	0	5.069482987623541
2016	11	6	0	0	5.786357038944072
2016	11	7	0	0	5.41014775299294
2016	11	8	0	0	1.853976321789296
2016	11	9	0	0	5.706207144024135
2016	11	10	0	0	1.7065438115992648
2016	11	11	0	0	5.37526768330423
2016	11	12	0	0	2.109346263816875
2016	11	13	0	0	2.9568061522157474
2016	11	14	0	0	3.338692103131368
2016	11	15	0	0	2.1390370913059313
2016	11	16	0	0	1.8545821158845324
2016	11	17	0	0	4.2970071923520585
2016	11	18	0	0	1.705369320527789
2016	11	19	0	0	4.713590074802224
2016	11	20	0	0	1.4192343794529245
2016	11	21	0	0	2.0335367343960606
2016	11	22	0	0	4.39727342088615
2016	11	23	0	0	4.417572067193337
2016	11	24	0	0	4.416694184709859
2016	11	25	0	0	3.46831563061758
2016	11	26	0	0	2.2021133380692746
2016	11	27	0	0	3.3309123216579533
2016	11	28	0	0	1.8536563529113537
2016	11	29	0	0	3.546396566677728
2016	11	30	0	0	3.918276338180109
2016	12	1	0	0	1.856775104247744
2016	12	2	0	0	2.320685915804534
2016	12	3	0	0	1.7034705077746177
2016	12	4	0	0	1.6898116162500836
2016	12	5	0	0	1.3925942261049284
2016	12	6	0	0	3.151507195330799
2016	12	7	0	0	3.622411564248978
2016	12	8	0	0	3.4644530262096955
2016	12	9	0	0	2.8710996229816446
2016	12	10	0	0	3.215054686617254
2016	12	11	0	0	3.168865386173644
2016	12	12	0	0	3.278098446173016
2016	12	13	0	0	3.161459169928561
2016	12	14	0	0	3.256113672785373
2016	12	15	0	0	1.8202386697380548
2016	12	16	0	0	1.4116407034026932
2016	12	17	0	0	1.3839584181441091
2016	12	18	0	0	2.2210207829099713
2016	12	19	0	0	1.4143988300962496
2016	12	20	0	0	1.9371849446173681
2016	12	21	0	0	1.6179233945723368
2016	12	22	0	0	2.8925844515675885
2016	12	23	0	0	1.4431582042257631
2016	12	24	0	0	1.3263160029671117
2016	12	25	0	0	1.4092462282103855
2016	12	26	0	0	2.1116359315060906
2016	12	27	0	0	1.5619160846255271
2016	12	28	0	0	2.7444197925772675
2016	12	29	0	0	1.7339055594170347
2016	12	30	0	0	2.848131860624139
2016	12	31	0	0	2.0116862733409606
2017	1	1	0	0	3.4437431159877514
2017	1	2	0	0	2.624450249482756
2017	1	3	0	0	3.3515629435971364
2017	1	4	0	0	1.322126435276473
2017	1	5	0	0	2.316223981489634
2017	1	6	0	0	1.723026318092041
2017	1	7	0	0	3.651112409504383
2017	1	8	0	0	1.81126706464402
2017	1	9	0	0	2.2348864646324067
2017	1	10	0	0	1.7302437805555326
2017	1	11	0	0	1.451661733364129
2017	1	12	0	0	1.5457208357481353
2017	1	13	0	0	1.774036220185305
2017	1	14	0	0	4.031245936972608
2017	1	15	0	0	3.900819250298567
2017	1	16	0	0	1.8153380620317718
2017	1	17	0	0	2.795072490837366
2017	1	18	0	0	2.71174915756127
2017	1	19	0	0	2.8560592171762735
2017	1	20	0	0	2.7623519208267933
2017	1	21	0	0	2.2067110911350163
2017	1	22	0	0	5.013121210106493
2017	1	23	0	0	5.819076271246781
2017	1	24	0	0	3.512920133915025
2017	1	25	0	0	5.439483651047496
2017	1	26	0	0	5.92562350915512
2017	1	27	0	0	6.013482128522616
2017	1	28	0	0	2.2899552780862718
2017	1	29	0	0	4.648212624503157
2017	1	30	0	0	1.6675770457323993
2017	1	31	0	0	1.677161279416058
2017	2	1	0	0	2.511232755257307
2017	2	2	0	0	3.6902206820063808
2017	2	3	0	0	2.492512758643433
2017	2	4	0	0	3.483763835124911
2017	2	5	0	0	1.9637423029662338
2017	2	6	0	0	2.514545355616897
2017	2	7	0	0	6.149466479771105
2017	2	8	0	0	2.3034162870645525
2017	2	9	0	0	1.5684195456097372
2017	2	10	0	0	3.991839050293883
2017	2	11	0	0	5.3547844616781095
2017	2	12	0	0	6.290650029196411
2017	2	13	0	0	7.292423967184282
2017	2	14	0	0	4.12017451265473
2017	2	15	0	0	2.3049024092092107
2017	2	16	0	0	7.230615416303901
2017	2	17	0	0	5.018023321278538
2017	2	18	0	0	3.780157796179852
2017	2	19	0	0	8.350793440654845
2017	2	20	0	0	10.75494700014604
2017	2	21	0	0	11.18637799713
2017	2	22	0	0	10.653784668621158
2017	2	23	0	0	11.542168460687012
2017	2	24	0	0	11.611861123253329
2017	2	25	0	0	12.576925293155108
2017	2	26	0	0	11.542675962354307
2017	2	27	0	0	11.188433949032044
2017	2	28	0	0	11.749524228110072
2017	3	1	0	0	12.464604373837508
2017	3	2	0	0	7.090554369386239
2017	3	3	0	0	6.478628889790558
2017	3	4	0	0	8.220591827485332
2017	3	5	0	0	2.7797349067027404
2017	3	6	0	0	10.16876406364727
2017	3	7	0	0	11.81190874733476
2017	3	8	0	0	11.145580811515844
2017	3	9	0	0	9.596648237192468
2017	3	10	0	0	13.431108984411976
2017	3	11	0	0	13.661517703897673
2017	3	12	0	0	11.067871671383529
2017	3	13	0	0	13.105239791447982
2017	3	14	0	0	13.39082382427442
2017	3	15	0	0	12.322472262457048
2017	3	16	0	0	4.270443617975947
2017	3	17	0	0	6.203056215263048
2017	3	18	0	0	7.276124629789755
2017	3	19	0	0	8.966360115203445
2017	3	20	0	0	5.186103464791463
2017	3	21	0	0	7.526878430439744
2017	3	22	0	0	7.08417771066227
2017	3	23	0	0	7.746080605762703
2017	3	24	0	0	5.581789447384759
2017	3	25	0	0	2.5897872304601743
2017	3	26	0	0	7.31897658860098
2017	3	27	0	0	3.0956999740603264
2017	3	28	0	0	10.629609029468066
2017	3	29	0	0	8.103312118673907
2017	3	30	0	0	9.343795355186947
2017	3	31	0	0	4.30965580608176
2017	4	1	0	0	17.141212191784035
2017	4	2	0	0	6.297940568248474
2017	4	3	0	0	9.22832897645255
2017	4	4	0	0	8.47385879449043
2017	4	5	0	0	17.77670086135343
2017	4	6	0	0	10.77634511528596
2017	4	7	0	0	10.823671472003252
2017	4	8	0	0	15.046371147718254
2017	4	9	0	0	19.932578881409402
2017	4	10	0	0	21.090478663135844
2017	4	11	0	0	20.918652207351464
2017	4	12	0	0	21.268235813057544
2017	4	13	0	0	21.082556467537717
2017	4	14	0	0	21.585016617439365
2017	4	15	0	0	21.555403055967368
2017	4	16	0	0	20.672995440079788
2017	4	17	0	0	22.131055251179284
2017	4	18	0	0	22.3398590905692
2017	4	19	0	0	22.435056754151386
2017	4	20	0	0	15.518848178734963
2017	4	21	0	0	19.196881467035357
2017	4	22	0	0	16.301320365161462
2017	4	23	0	0	16.009494137850993
2017	4	24	0	0	16.243375034489496
2017	4	25	0	0	22.96512641972408
2017	4	26	0	0	22.55774691493538
2017	4	27	0	0	24.320144018025797
2017	4	28	0	0	23.392050165718533
2017	4	29	0	0	22.546705472821643
2017	4	30	0	0	9.047861423949602
2017	5	1	0	0	22.23461563490975
2017	5	2	0	0	23.130742691979304
2017	5	3	0	0	22.748187790070208
2017	5	4	0	0	18.216499058086697
2017	5	5	0	0	9.302950304748663
2017	5	6	0	0	13.202710994138833
2017	5	7	0	0	7.317185723386359
2017	5	8	0	0	22.657588428536844
2017	5	9	0	0	24.421702820773913
2017	5	10	0	0	17.261961689737873
2017	5	11	0	0	12.155462034029194
2017	5	12	0	0	21.957464011276254
2017	5	13	0	0	11.96498049471864
2017	5	14	0	0	12.255227630943034
2017	5	15	0	0	9.761233110392649
2017	5	16	0	0	11.03654069080373
2017	5	17	0	0	12.696510644667965
2017	5	18	0	0	14.739076968069112
2017	5	19	0	0	21.98464886839885
2017	5	20	0	0	25.731525122122868
2017	5	21	0	0	24.635613609077993
2017	5	22	0	0	15.939165045632947
2017	5	23	0	0	22.839272533409154
2017	5	24	0	0	19.216583976410927
2017	5	25	0	0	25.254205426797352
2017	5	26	0	0	23.023179015124608
2017	5	27	0	0	26.16944499650431
2017	5	28	0	0	25.249760612470197
2017	5	29	0	0	25.616102189172107
2017	5	30	0	0	23.89986768777921
2017	5	31	0	0	9.074329310216392
2017	6	1	0	0	28.010662679714
2017	6	2	0	0	28.324006423564985
2017	6	3	0	0	15.960056483912025
2017	6	4	0	0	13.443559095678827
2017	6	5	0	0	8.466430610535383
2017	6	6	0	0	15.165599006843943
2017	6	7	0	0	8.116352141908616
2017	6	8	0	0	12.422984448072212
2017	6	9	0	0	22.628848543788386
2017	6	10	0	0	26.80854009391898
2017	6	11	0	0	26.960108201875155
2017	6	12	0	0	29.066306378726217
2017	6	13	0	0	29.74737454841699
2017	6	14	0	0	30.057323049696297
2017	6	15	0	0	24.339759452103287
2017	6	16	0	0	25.104886778020923
2017	6	17	0	0	21.295457632578962
2017	6	18	0	0	15.72816281459449
2017	6	19	0	0	17.390080888372225
2017	6	20	0	0	14.438911275160677
2017	6	21	0	0	14.977308081047415
2017	6	22	0	0	28.002896360722026
2017	6	23	0	0	23.431791966951454
2017	6	24	0	0	26.799981320009895
2017	6	25	0	0	9.25164334832498
2017	6	26	0	0	8.55038023545165
2017	6	27	0	0	11.60403281880192
2017	6	28	0	0	13.271370471566929
2017	6	29	0	0	25.507617813249666
2017	6	30	0	0	27.736603518833107
2017	7	1	0	0	13.661372674708707
2017	7	2	0	0	14.250688736405472
2017	7	3	0	0	20.26199502309926
2017	7	4	0	0	17.71411564389119
2017	7	5	0	0	17.789659017920094
2017	7	6	0	0	20.258795675612795
2017	7	7	0	0	25.172072224864387
2017	7	8	0	0	29.113782464089965
2017	7	9	0	0	28.62896876708708
2017	7	10	0	0	23.774695147777827
2017	7	11	0	0	28.90215009812707
2017	7	12	0	0	23.7000615262211
2017	7	13	0	0	25.78299074340685
2017	7	14	0	0	28.46302675999952
2017	7	15	0	0	22.947700647552313
2017	7	16	0	0	27.882009735147793
2017	7	17	0	0	26.775221668634337
2017	7	18	0	0	22.583307260064384
2017	7	19	0	0	23.258948496800254
2017	7	20	0	0	7.611223289344874
2017	7	21	0	0	11.61847813863675
2017	7	22	0	0	13.00829245495059
2017	7	23	0	0	12.395922061291344
2017	7	24	0	0	19.705438851224972
2017	7	25	0	0	26.568743983858916
2017	7	26	0	0	27.097337968719035
2017	7	27	0	0	26.83925625718351
2017	7	28	0	0	25.74168382714234
2017	7	29	0	0	22.347774913230577
2017	7	30	0	0	7.426677590128985
2017	7	31	0	0	20.579860508999243
2017	8	1	0	0	26.629504990620337
2017	8	2	0	0	24.879502422308335
2017	8	3	0	0	25.257300080887067
2017	8	4	0	0	25.19734303736559
2017	8	5	0	0	20.667522405369052
2017	8	6	0	0	8.942168308317639
2017	8	7	0	0	19.948417167097297
2017	8	8	0	0	22.092562343129472
2017	8	9	0	0	10.934781545080773
2017	8	10	0	0	17.858330108695327
2017	8	11	0	0	17.332645283572436
2017	8	12	0	0	18.04773975942278
2017	8	13	0	0	14.55605594932611
2017	8	14	0	0	18.15112033025472
2017	8	15	0	0	14.945446163459895
2017	8	16	0	0	24.040474848411463
2017	8	17	0	0	23.457617930297463
2017	8	18	0	0	23.390243562078517
2017	8	19	0	0	16.567245353271687
2017	8	20	0	0	22.12998522996283
2017	8	21	0	0	22.126802697725072
2017	8	22	0	0	9.662592694501038
2017	8	23	0	0	6.441669427214436
2017	8	24	0	0	15.954455609943007
2017	8	25	0	0	14.325889173826264
2017	8	26	0	0	16.57093121416181
2017	8	27	0	0	17.0759162450389
2017	8	28	0	0	12.435805791526494
2017	8	29	0	0	11.889391973430643
2017	8	30	0	0	6.429125087910533
2017	8	31	0	0	19.62634264386472
2017	9	1	0	0	19.56971915372644
2017	9	2	0	0	17.22990659677393
2017	9	3	0	0	15.446872820346767
2017	9	4	0	0	16.622390690692995
2017	9	5	0	0	18.014851544210497
2017	9	6	0	0	17.62670362573302
2017	9	7	0	0	15.730904303767185
2017	9	8	0	0	7.175045276180708
2017	9	9	0	0	9.129861110825454
2017	9	10	0	0	11.097102632867855
2017	9	11	0	0	7.605529755673252
2017	9	12	0	0	6.137840936622525
2017	9	13	0	0	8.968581308540852
2017	9	14	0	0	12.060314694897352
2017	9	15	0	0	4.020026370514261
2017	9	16	0	0	3.672797347410932
2017	9	17	0	0	11.262225985019107
2017	9	18	0	0	14.5003782069572
2017	9	19	0	0	14.19858507772466
2017	9	20	0	0	14.3969056612901
2017	9	21	0	0	14.07348249415511
2017	9	22	0	0	13.659745827006548
2017	9	23	0	0	13.598040818946961
2017	9	24	0	0	6.423326181771488
2017	9	25	0	0	13.347686132063481
2017	9	26	0	0	14.057393159575671
2017	9	27	0	0	4.625405106602377
2017	9	28	0	0	12.337638837607729
2017	9	29	0	0	12.966384804517585
2017	9	30	0	0	12.524046338806185
2017	10	1	0	0	9.807376558254136
2017	10	2	0	0	9.690933305635
2017	10	3	0	0	11.773564121623135
2017	10	4	0	0	8.829294572324939
2017	10	5	0	0	7.9321113537749115
2017	10	6	0	0	5.286199511358478
2017	10	7	0	0	10.685746635960184
2017	10	8	0	0	3.4185932936626866
2017	10	9	0	0	7.938406830626992
2017	10	10	0	0	8.915412140154288
2017	10	11	0	0	6.730668450990685
2017	10	12	0	0	4.9952685886651675
2017	10	13	0	0	9.268957289818742
2017	10	14	0	0	7.5671910027902305
2017	10	15	0	0	3.9400394585708987
2017	10	16	0	0	6.21036831782865
2017	10	17	0	0	6.510779925838396
2017	10	18	0	0	2.737258465675709
2017	10	19	0	0	8.688066920429097
2017	10	20	0	0	9.313637806095494
2017	10	21	0	0	7.9432052691241415
2017	10	22	0	0	9.046269111619642
2017	10	23	0	0	7.9773551101858615
2017	10	24	0	0	7.0834073162206295
2017	10	25	0	0	5.363651803214846
2017	10	26	0	0	5.834235392389319
2017	10	27	0	0	6.297807603170139
2017	10	28	0	0	4.824522185933207
2017	10	29	0	0	3.7355681896618895
2017	10	30	0	0	5.73303653647912
2017	10	31	0	0	4.25051733069924
2017	11	1	0	0	2.816023063960901
2017	11	2	0	0	2.973148088785773
2017	11	3	0	0	2.142345817757526
2017	11	4	0	0	1.8167270305105556
2017	11	5	0	0	1.7621750124439606
2017	11	6	0	0	1.4267832287659261
2017	11	7	0	0	2.662124280702725
2017	11	8	0	0	4.647508756995583
2017	11	9	0	0	3.339481187077578
2017	11	10	0	0	4.030519346198781
2017	11	11	0	0	3.8489556460339873
2017	11	12	0	0	2.886448359323797
2017	11	13	0	0	3.161686589597569
2017	11	14	0	0	4.86411834334081
2017	11	15	0	0	2.003912540834855
2017	11	16	0	0	5.202624018136306
2017	11	17	0	0	3.7615885345767364
2017	11	18	0	0	4.765897149824805
2017	11	19	0	0	3.564620539551643
2017	11	20	0	0	3.5366864980253823
2017	11	21	0	0	2.317535784943537
2017	11	22	0	0	3.334409274151014
2017	11	23	0	0	3.253913380395
2017	11	24	0	0	2.547028300216902
2017	11	25	0	0	1.7190538435692375
2017	11	26	0	0	1.3737612355168725
2017	11	27	0	0	1.926131808254308
2017	11	28	0	0	2.0356841694742043
2017	11	29	0	0	1.563559040030547
2017	11	30	0	0	1.6322353079268528
2017	12	1	0	0	1.211694170000976
2017	12	2	0	0	3.2549497279431874
2017	12	3	0	0	2.0198982517425503
2017	12	4	0	0	1.4889609606444796
2017	12	5	0	0	1.8889369232829032
2017	12	6	0	0	3.833101831506869
2017	12	7	0	0	1.7747818993482396
2017	12	8	0	0	1.52138393116022
2017	12	9	0	0	3.824070328786115
2017	12	10	0	0	1.5547708108375746
2017	12	11	0	0	1.8805921236858505
2017	12	12	0	0	1.8637640199821435
2017	12	13	0	0	1.7648492627191537
2017	12	14	0	0	1.2131696722522838
2017	12	15	0	0	3.657061278559777
2017	12	16	0	0	3.592065001277071
2017	12	17	0	0	1.2272099245699364
2017	12	18	0	0	1.7565703066842049
2017	12	19	0	0	1.6869125439746901
2017	12	20	0	0	2.4828642807493138
2017	12	21	0	0	1.5336118828411434
2017	12	22	0	0	1.5593866260307718
2017	12	23	0	0	1.7599488138347847
2017	12	24	0	0	2.6795537724660683
2017	12	25	0	0	1.8501085882139876
2017	12	26	0	0	1.9385093123468813
2017	12	27	0	0	1.4421076448397263
2017	12	28	0	0	2.3098199234258336
2017	12	29	0	0	1.5341714418530734
2017	12	30	0	0	1.401974160447096
2017	12	31	0	0	2.919176130103491
2018	1	1	0	0	3.5557473456281863
2018	1	2	0	0	2.260636311720511
2018	1	3	0	0	1.2450300979123643
2018	1	4	0	0	3.080375093681185
2018	1	5	0	0	1.3032594650230476
2018	1	6	0	0	4.170830056854088
2018	1	7	0	0	4.353176017092133
2018	1	8	0	0	4.240055500813795
2018	1	9	0	0	1.4447070672003275
2018	1	10	0	0	1.1604605090568596
2018	1	11	0	0	1.3149310626659894
2018	1	12	0	0	1.5396317468084968
2018	1	13	0	0	2.357458762316547
2018	1	14	0	0	4.420154104105121
2018	1	15	0	0	2.645479392034444
2018	1	16	0	0	2.4006064641387987
2018	1	17	0	0	1.5350592915405763
2018	1	18	0	0	2.6277926403431926
2018	1	19	0	0	1.4223541612867803
2018	1	20	0	0	4.554727426086233
2018	1	21	0	0	4.996804897143556
2018	1	22	0	0	2.739803280615608
2018	1	23	0	0	2.356422090888992
2018	1	24	0	0	3.66688142543893
2018	1	25	0	0	1.3187015117051704
2018	1	26	0	0	5.058782883458334
2018	1	27	0	0	3.2121532372762616
2018	1	28	0	0	5.137393572351138
2018	1	29	0	0	1.3225212751173063
2018	1	30	0	0	2.136603616039423
2018	1	31	0	0	4.051696249736848
2018	2	1	0	0	1.3924212014189117
2018	2	2	0	0	5.965712944426114
2018	2	3	0	0	2.1460759225694095
2018	2	4	0	0	3.1440719333710487
2018	2	5	0	0	5.720563620059881
2018	2	6	0	0	2.4388196515885845
2018	2	7	0	0	2.2384914478032383
2018	2	8	0	0	6.970639492115373
2018	2	9	0	0	4.049193342041458
2018	2	10	0	0	5.435162561288011
2018	2	11	0	0	6.24187172045484
2018	2	12	0	0	1.531583258539611
2018	2	13	0	0	6.7438108889368396
2018	2	14	0	0	5.494186502674333
2018	2	15	0	0	9.522588272722993
2018	2	16	0	0	8.025528964910011
2018	2	17	0	0	9.590776575217863
2018	2	18	0	0	8.33197016545584
2018	2	19	0	0	7.263787373491382
2018	2	20	0	0	7.7696515866760025
2018	2	21	0	0	9.579980907162922
2018	2	22	0	0	9.992693591475783
2018	2	23	0	0	10.290716676664733
2018	2	24	0	0	7.016327773353835
2018	2	25	0	0	5.992357688410939
2018	2	26	0	0	3.8858401191798837
2018	2	27	0	0	5.226335770589242
2018	2	28	0	0	3.8996340476544926
2018	3	1	0	0	7.156609465981155
2018	3	2	0	0	8.350550755779457
2018	3	3	0	0	12.877644632949332
2018	3	4	0	0	9.437950943402775
2018	3	5	0	0	7.257308160784718
2018	3	6	0	0	8.936278521664493
2018	3	7	0	0	14.480080627082517
2018	3	8	0	0	3.7895606720915906
2018	3	9	0	0	10.31562062547172
2018	3	10	0	0	14.674228824553055
2018	3	11	0	0	6.856930698169479
2018	3	12	0	0	4.880539043635542
2018	3	13	0	0	14.298614577805306
2018	3	14	0	0	12.324123886963047
2018	3	15	0	0	10.596169034810439
2018	3	16	0	0	6.959617179523235
2018	3	17	0	0	9.278966919301114
2018	3	18	0	0	5.2292841799774665
2018	3	19	0	0	6.896554295329124
2018	3	20	0	0	5.546368821136021
2018	3	21	0	0	7.294739220177541
2018	3	22	0	0	9.507646357736862
2018	3	23	0	0	11.493952152436485
2018	3	24	0	0	13.94760523867612
2018	3	25	0	0	12.29255297499381
2018	3	26	0	0	16.8350185627287
2018	3	27	0	0	4.338390732243696
2018	3	28	0	0	9.831570084080381
2018	3	29	0	0	4.884831670889121
2018	3	30	0	0	8.157965927941252
2018	3	31	0	0	9.786431366886644
2018	4	1	0	0	9.249797931708644
2018	4	2	0	0	7.185294591547753
2018	4	3	0	0	11.921189106227068
2018	4	4	0	0	7.893799948390608
2018	4	5	0	0	13.88954695763641
2018	4	6	0	0	7.0908636354318935
2018	4	7	0	0	7.780882396768938
2018	4	8	0	0	8.477612737341769
2018	4	9	0	0	17.899454356335937
2018	4	10	0	0	13.578708596878053
2018	4	11	0	0	12.472644788922587
2018	4	12	0	0	19.005644914382213
2018	4	13	0	0	14.54089555069776
2018	4	14	0	0	8.100099808020502
2018	4	15	0	0	8.632924809610097
2018	4	16	0	0	16.891587626004142
2018	4	17	0	0	11.04089887698002
2018	4	18	0	0	12.791247232081048
2018	4	19	0	0	11.994957133331587
2018	4	20	0	0	8.377712487767324
2018	4	21	0	0	13.810520301476341
2018	4	22	0	0	11.18518875252124
2018	4	23	0	0	7.389237532617648
2018	4	24	0	0	7.149512887473266
2018	4	25	0	0	15.408448162310735
2018	4	26	0	0	22.325886944679343
2018	4	27	0	0	13.59221526483166
2018	4	28	0	0	17.70999000829491
2018	4	29	0	0	19.79741835765605
2018	4	30	0	0	17.517468519475834
2018	5	1	0	0	8.168777097325576
2018	5	2	0	0	21.617431953472284
2018	5	3	0	0	8.169799313725747
2018	5	4	0	0	23.871356034825716
2018	5	5	0	0	24.147887843834038
2018	5	6	0	0	24.844376035909555
2018	5	7	0	0	23.986571284956444
2018	5	8	0	0	8.45341395558809
2018	5	9	0	0	8.65111514099354
2018	5	10	0	0	8.675932682473805
2018	5	11	0	0	17.722448097272927
2018	5	12	0	0	15.18843405073735
2018	5	13	0	0	8.680403369703543
2018	5	14	0	0	9.177900176025274
2018	5	15	0	0	8.082464880960618
2018	5	16	0	0	12.524386712068168
2018	5	17	0	0	6.724085344917875
2018	5	18	0	0	17.269411704550816
2018	5	19	0	0	14.228488356549725
2018	5	20	0	0	26.95331490579369
2018	5	21	0	0	26.569501416761877
2018	5	22	0	0	11.068071348133154
2018	5	23	0	0	11.425908521576881
2018	5	24	0	0	11.057823057170102
2018	5	25	0	0	12.552232443847
2018	5	26	0	0	14.714233946589918
2018	5	27	0	0	12.606508675710778
2018	5	28	0	0	14.033188887697499
2018	5	29	0	0	27.082488141259923
2018	5	30	0	0	15.234235381984435
2018	5	31	0	0	13.607976120202254
2018	6	1	0	0	19.349101057708914
2018	6	2	0	0	10.813808586757364
2018	6	3	0	0	6.626800756295058
2018	6	4	0	0	10.156407457071602
2018	6	5	0	0	7.48546071031135
2018	6	6	0	0	9.156790959315899
2018	6	7	0	0	20.051773730871208
2018	6	8	0	0	20.366919617060276
2018	6	9	0	0	14.919708031611462
2018	6	10	0	0	17.699099712108506
2018	6	11	0	0	20.122882242526195
2018	6	12	0	0	21.81039514938354
2018	6	13	0	0	17.392159488457125
2018	6	14	0	0	20.956101417209982
2018	6	15	0	0	22.84038117343728
2018	6	16	0	0	14.220606750419318
2018	6	17	0	0	13.367989361173047
2018	6	18	0	0	27.933522197980263
2018	6	19	0	0	27.43128918846913
2018	6	20	0	0	23.247868185380682
2018	6	21	0	0	28.95921514097862
2018	6	22	0	0	25.719639103767484
2018	6	23	0	0	21.450848618581432
2018	6	24	0	0	20.372014610088364
2018	6	25	0	0	12.52453557292753
2018	6	26	0	0	16.1251467658043
2018	6	27	0	0	18.49549307723957
2018	6	28	0	0	16.407943439495533
2018	6	29	0	0	17.18331675589561
2018	6	30	0	0	23.101808231903295
2018	7	1	0	0	25.267096012003233
2018	7	2	0	0	23.23669776190416
2018	7	3	0	0	19.64614036037573
2018	7	4	0	0	14.823377715024636
2018	7	5	0	0	7.677194916298298
2018	7	6	0	0	22.03024962689098
2018	7	7	0	0	9.906837731066103
2018	7	8	0	0	7.99606027732423
2018	7	9	0	0	6.641431408114845
2018	7	10	0	0	12.874179439717258
2018	7	11	0	0	22.06984753852088
2018	7	12	0	0	16.079936702203874
2018	7	13	0	0	21.62113965011837
2018	7	14	0	0	14.174261718603551
2018	7	15	0	0	21.559399305553036
2018	7	16	0	0	21.51971495105181
2018	7	17	0	0	17.002682448133914
2018	7	18	0	0	15.35167860192268
2018	7	19	0	0	14.45400226898188
2018	7	20	0	0	16.249617341222862
2018	7	21	0	0	21.72136994612758
2018	7	22	0	0	16.313925447686103
2018	7	23	0	0	11.15573629976663
2018	7	24	0	0	13.79897704726517
2018	7	25	0	0	20.758309287791445
2018	7	26	0	0	15.053502858593589
2018	7	27	0	0	21.471707284267076
2018	7	28	0	0	9.499379417593
2018	7	29	0	0	17.25756780686573
2018	7	30	0	0	25.628538498632096
2018	7	31	0	0	24.36733193932676
2018	8	1	0	0	15.395147945675541
2018	8	2	0	0	23.502515040239246
2018	8	3	0	0	18.594364085574252
2018	8	4	0	0	14.791672785666183
2018	8	5	0	0	12.588624352214035
2018	8	6	0	0	8.266368445541623
2018	8	7	0	0	20.37148564292064
2018	8	8	0	0	12.007705880533711
2018	8	9	0	0	21.06500011071915
2018	8	10	0	0	16.77793357348615
2018	8	11	0	0	15.969874218745046
2018	8	12	0	0	22.269574697749544
2018	8	13	0	0	22.327117366306407
2018	8	14	0	0	14.9423730265315
2018	8	15	0	0	8.800264067536514
2018	8	16	0	0	20.988678064975232
2018	8	17	0	0	16.649707224556398
2018	8	18	0	0	19.917900645784623
2018	8	19	0	0	19.370763428988674
2018	8	20	0	0	10.04509089188787
2018	8	21	0	0	13.788955269066012
2018	8	22	0	0	19.11618622639265
2018	8	23	0	0	7.319150283959341
2018	8	24	0	0	10.801417411537114
2018	8	25	0	0	15.97524996654317
2018	8	26	0	0	13.289130857402323
2018	8	27	0	0	5.715891251523037
2018	8	28	0	0	9.72303227044897
2018	8	29	0	0	8.266805800613001
2018	8	30	0	0	12.381371460424772
2018	8	31	0	0	14.746279189211943
2018	9	1	0	0	14.934952021473533
2018	9	2	0	0	17.83057460620623
2018	9	3	0	0	18.623866914291312
2018	9	4	0	0	17.921767311055095
2018	9	5	0	0	17.71764843873364
2018	9	6	0	0	17.648574477233787
2018	9	7	0	0	9.819139880900995
2018	9	8	0	0	10.582389797901437
2018	9	9	0	0	9.526947846394723
2018	9	10	0	0	12.239570051996747
2018	9	11	0	0	9.686835806986167
2018	9	12	0	0	16.617113210456814
2018	9	13	0	0	6.556480108729727
2018	9	14	0	0	5.122448325238588
2018	9	15	0	0	7.621043977311872
2018	9	16	0	0	15.246896309896695
2018	9	17	0	0	14.38508396465663
2018	9	18	0	0	9.915628771072656
2018	9	19	0	0	14.765762845242895
2018	9	20	0	0	13.01672686354321
2018	9	21	0	0	4.848800701376713
2018	9	22	0	0	3.53391988333653
2018	9	23	0	0	2.819007255749112
2018	9	24	0	0	12.7262255062212
2018	9	25	0	0	3.48125804846534
2018	9	26	0	0	10.250977629280953
2018	9	27	0	0	4.391921832863498
2018	9	28	0	0	5.187116995072212
2018	9	29	0	0	7.042056058082679
2018	9	30	0	0	12.528123937706706
2018	10	1	0	0	12.058932435437493
2018	10	2	0	0	7.660366089160176
2018	10	3	0	0	5.822999969574964
2018	10	4	0	0	7.922702766496603
2018	10	5	0	0	6.781679555680461
2018	10	6	0	0	10.492139776956279
2018	10	7	0	0	6.938703612139464
2018	10	8	0	0	11.607525372872535
2018	10	9	0	0	10.956170115969611
2018	10	10	0	0	2.3595329045438787
2018	10	11	0	0	9.125553468451997
2018	10	12	0	0	7.1267813553460835
2018	10	13	0	0	4.006622077342177
2018	10	14	0	0	8.63096676342454
2018	10	15	0	0	8.475483053849512
2018	10	16	0	0	6.972329138838042
2018	10	17	0	0	8.144311086954275
2018	10	18	0	0	4.789775852387223
2018	10	19	0	0	5.861299326917971
2018	10	20	0	0	4.899455671367409
2018	10	21	0	0	4.533899291931727
2018	10	22	0	0	8.611853525697876
2018	10	23	0	0	2.9927409396026574
2018	10	24	0	0	4.456413571918392
2018	10	25	0	0	7.97496168212123
2018	10	26	0	0	6.043140301247563
2018	10	27	0	0	1.850697264422071
2018	10	28	0	0	7.889726311065407
2018	10	29	0	0	7.3474576123743445
2018	10	30	0	0	5.365542240788199
2018	10	31	0	0	6.490669270669488
2018	11	1	0	0	1.772940443635446
2018	11	2	0	0	5.752897070496817
2018	11	3	0	0	6.280255769379267
2018	11	4	0	0	6.408167049790848
2018	11	5	0	0	6.180797691301926
2018	11	6	0	0	6.218242781082791
2018	11	7	0	0	5.938531380649268
2018	11	8	0	0	5.391606550662812
2018	11	9	0	0	5.588579369483723
2018	11	10	0	0	4.489874215470675
2018	11	11	0	0	1.4554471327729546
2018	11	12	0	0	2.906026595319821
2018	11	13	0	0	1.7526715921709481
2018	11	14	0	0	2.2675514290785967
2018	11	15	0	0	4.798889857574609
2018	11	16	0	0	4.6288264896228135
2018	11	17	0	0	4.671991386429485
2018	11	18	0	0	4.590967701501997
2018	11	19	0	0	1.5657394072865356
2018	11	20	0	0	4.381262663627045
2018	11	21	0	0	3.868242610087037
2018	11	22	0	0	4.6159409342582265
2018	11	23	0	0	1.907982847881242
2018	11	24	0	0	1.4394562667722282
2018	11	25	0	0	2.127971869237855
2018	11	26	0	0	1.9682660809925883
2018	11	27	0	0	2.0332516140897035
2018	11	28	0	0	2.1962467542344513
2018	11	29	0	0	2.0374030389991855
2018	11	30	0	0	1.939396054635052
2018	12	1	0	0	2.0174840744507274
2018	12	2	0	0	3.2897875266117738
2018	12	3	0	0	1.921403746642133
2018	12	4	0	0	1.898724376866119
2018	12	5	0	0	1.8569897520895844
2018	12	6	0	0	2.1872693140036654
2018	12	7	0	0	2.831861472893528
2018	12	8	0	0	1.6978421030415152
2018	12	9	0	0	3.446875893488754
2018	12	10	0	0	1.9382060250914575
2018	12	11	0	0	1.4519507617916987
2018	12	12	0	0	1.221515974042894
2018	12	13	0	0	2.756993973623093
2018	12	14	0	0	1.3838954740189688
2018	12	15	0	0	1.4164029027123264
2018	12	16	0	0	2.5365840179780936
2018	12	17	0	0	2.217514086173175
2018	12	18	0	0	2.3950827830122186
2018	12	19	0	0	1.8840145579915302
2018	12	20	0	0	1.8195303502867424
2018	12	21	0	0	1.5344074732098298
2018	12	22	0	0	2.2921060349506983
2018	12	23	0	0	1.4166881196999555
2018	12	24	0	0	1.6807751324722253
2018	12	25	0	0	1.4891028909070811
2018	12	26	0	0	2.011935824661992
2018	12	27	0	0	2.167764062961874
2018	12	28	0	0	2.0150544191652493
2018	12	29	0	0	2.713116159757276
2018	12	30	0	0	1.7630645202922264
2018	12	31	0	0	1.533248611176724
2019	1	1	0	0	2.40399513789294
2019	1	2	0	0	1.6114046129556365
2019	1	3	0	0	1.806962004269289
2019	1	4	0	0	2.307520049831493
2019	1	5	0	0	1.9676939530410376
2019	1	6	0	0	2.8590800559170173
2019	1	7	0	0	2.342966838625622
2019	1	8	0	0	3.1538173406285726
2019	1	9	0	0	1.640236228648842
2019	1	10	0	0	4.376259041248273
2019	1	11	0	0	3.6759224109057844
2019	1	12	0	0	1.7265693620619305
2019	1	13	0	0	1.4495125557116448
2019	1	14	0	0	1.7306246008845534
2019	1	15	0	0	1.6285296903789084
2019	1	16	0	0	2.7207501762626842
2019	1	17	0	0	1.8138101758866318
2019	1	18	0	0	3.0721569359373215
2019	1	19	0	0	2.306735030794985
2019	1	20	0	0	1.5396537843969267
2019	1	21	0	0	1.439642519609717
2019	1	22	0	0	3.310739395722444
2019	1	23	0	0	1.7200009518182036
2019	1	24	0	0	2.050672745442998
2019	1	25	0	0	1.8292470541521264
2019	1	26	0	0	3.355660877925001
2019	1	27	0	0	5.248461626758681
2019	1	28	0	0	2.206639201321544
2019	1	29	0	0	1.3226065371016762
2019	1	30	0	0	1.4639986328986025
2019	1	31	0	0	2.935497393299589
2019	2	1	0	0	1.698666155297476
2019	2	2	0	0	2.423036624038451
2019	2	3	0	0	1.8798242907275309
2019	2	4	0	0	2.4868056959703018
2019	2	5	0	0	4.046101978112387
2019	2	6	0	0	4.2806775355571665
2019	2	7	0	0	1.8458259024613248
2019	2	8	0	0	2.702623846293495
2019	2	9	0	0	6.735021074533891
2019	2	10	0	0	2.0137108806729187
2019	2	11	0	0	3.2023772520352187
2019	2	12	0	0	2.489020188167549
2019	2	13	0	0	2.422755432998816
2019	2	14	0	0	3.432062327738976
2019	2	15	0	0	2.1336475326883724
2019	2	16	0	0	3.1279135917371534
2019	2	17	0	0	2.0358206465484816
2019	2	18	0	0	1.9838403803627196
2019	2	19	0	0	3.043283194748194
2019	2	20	0	0	2.50098388166124
2019	2	21	0	0	4.328856009546828
2019	2	22	0	0	7.930172578618731
2019	2	23	0	0	4.075517765143242
2019	2	24	0	0	4.131712803074164
2019	2	25	0	0	10.186604517060951
2019	2	26	0	0	9.362462678043638
2019	2	27	0	0	5.231249553049293
2019	2	28	0	0	4.45399743339015
2019	3	1	0	0	3.447745373826119
2019	3	2	0	0	8.824589253379383
2019	3	3	0	0	8.573560455717828
2019	3	4	0	0	2.288781735719291
2019	3	5	0	0	6.240540915733286
2019	3	6	0	0	13.23668145625854
2019	3	7	0	0	13.005720612832118
2019	3	8	0	0	5.123837640752572
2019	3	9	0	0	12.50071952087526
2019	3	10	0	0	4.566958899332478
2019	3	11	0	0	4.725369128153757
2019	3	12	0	0	11.825413768570378
2019	3	13	0	0	13.116586812886109
2019	3	14	0	0	4.409096682296748
2019	3	15	0	0	11.895812759314888
2019	3	16	0	0	5.45981147132615
2019	3	17	0	0	9.914746758597907
2019	3	18	0	0	8.405126694990747
2019	3	19	0	0	6.548565550419659
2019	3	20	0	0	5.221148216875647
2019	3	21	0	0	5.166992167672191
2019	3	22	0	0	3.7651084712846816
2019	3	23	0	0	4.484079429433325
2019	3	24	0	0	3.949859425204852
2019	3	25	0	0	5.274795579022789
2019	3	26	0	0	14.016117799481329
2019	3	27	0	0	16.155962519543078
2019	3	28	0	0	8.51212002152052
2019	3	29	0	0	9.820527639969947
2019	3	30	0	0	7.395428766385333
2019	3	31	0	0	6.728162493329497
2019	4	1	0	0	17.3008641905924
2019	4	2	0	0	18.60997722142378
2019	4	3	0	0	18.438988554695694
2019	4	4	0	0	18.135935628021077
2019	4	5	0	0	18.526825591275514
2019	4	6	0	0	18.79440025109898
2019	4	7	0	0	18.568870942503917
2019	4	8	0	0	14.781145533767134
2019	4	9	0	0	10.160476212289133
2019	4	10	0	0	12.932280246212553
2019	4	11	0	0	5.732345214858764
2019	4	12	0	0	8.6252241384536
2019	4	13	0	0	8.92777264421063
2019	4	14	0	0	21.154791515355303
2019	4	15	0	0	11.26350566453042
2019	4	16	0	0	16.298053906472926
2019	4	17	0	0	8.073415270477753
2019	4	18	0	0	11.423415941857987
2019	4	19	0	0	13.912590307898391
2019	4	20	0	0	16.23482335558996
2019	4	21	0	0	22.773115413832205
2019	4	22	0	0	22.89558171459868
2019	4	23	0	0	23.40992807612266
2019	4	24	0	0	22.981160006801915
2019	4	25	0	0	23.82916779961235
2019	4	26	0	0	24.233906787482855
2019	4	27	0	0	22.573319986751788
2019	4	28	0	0	22.527430755116086
2019	4	29	0	0	11.797230906742003
2019	4	30	0	0	23.725467294986537
2019	5	1	0	0	22.856760281531784
2019	5	2	0	0	24.19859125503153
2019	5	3	0	0	22.38295202666084
2019	5	4	0	0	18.204796404453486
2019	5	5	0	0	23.264332700117876
2019	5	6	0	0	24.115299921204365
2019	5	7	0	0	19.386126802278923
2019	5	8	0	0	8.665069593451797
2019	5	9	0	0	24.623705815652706
2019	5	10	0	0	23.342324916917235
2019	5	11	0	0	15.387470282160491
2019	5	12	0	0	20.121607752055027
2019	5	13	0	0	8.96607150133536
2019	5	14	0	0	9.888808948367588
2019	5	15	0	0	9.619332614782563
2019	5	16	0	0	12.397131963620671
2019	5	17	0	0	20.558468991487825
2019	5	18	0	0	22.905800380618103
2019	5	19	0	0	15.703040348432443
2019	5	20	0	0	12.417961765843556
2019	5	21	0	0	18.653982923993617
2019	5	22	0	0	18.420260616015696
2019	5	23	0	0	9.102426666436916
2019	5	24	0	0	7.18257365051313
2019	5	25	0	0	8.649223637027962
2019	5	26	0	0	24.952343494292528
2019	5	27	0	0	9.803462923519113
2019	5	28	0	0	14.531031922097377
2019	5	29	0	0	26.750791890190342
2019	5	30	0	0	20.04153627607088
2019	5	31	0	0	15.73460470766272
2019	6	1	0	0	16.63128257321693
2019	6	2	0	0	24.136417070622777
2019	6	3	0	0	9.922597454098858
2019	6	4	0	0	10.08750625642348
2019	6	5	0	0	22.022879465900736
2019	6	6	0	0	23.70669594895449
2019	6	7	0	0	26.48320440567273
2019	6	8	0	0	26.73546313525992
2019	6	9	0	0	27.318924103141644
2019	6	10	0	0	26.642965032966874
2019	6	11	0	0	9.880049239535664
2019	6	12	0	0	8.513026529400317
2019	6	13	0	0	25.47578641664411
2019	6	14	0	0	14.95417948180874
2019	6	15	0	0	13.384209465498586
2019	6	16	0	0	11.72419945553854
2019	6	17	0	0	8.669399423870477
2019	6	18	0	0	19.567369003408416
2019	6	19	0	0	19.90913848520858
2019	6	20	0	0	15.997501067267578
2019	6	21	0	0	18.015101413205674
2019	6	22	0	0	24.3872725884535
2019	6	23	0	0	20.190970986371916
2019	6	24	0	0	17.036714544481324
2019	6	25	0	0	19.620054069046446
2019	6	26	0	0	8.72168029263435
2019	6	27	0	0	7.20826142938497
2019	6	28	0	0	15.424629789916658
2019	6	29	0	0	20.435156111108824
2019	6	30	0	0	26.99585186554927
2019	7	1	0	0	27.01927969045972
2019	7	2	0	0	7.6733053057754
2019	7	3	0	0	8.087670568188626
2019	7	4	0	0	7.660165829631261
2019	7	5	0	0	7.519811052493207
2019	7	6	0	0	5.549989283364015
2019	7	7	0	0	7.675772728824573
2019	7	8	0	0	7.670950880762212
2019	7	9	0	0	24.5062952437191
2019	7	10	0	0	19.136319021139393
2019	7	11	0	0	24.939820177578344
2019	7	12	0	0	22.661847134461095
2019	7	13	0	0	22.05975205736427
2019	7	14	0	0	22.50260681726687
2019	7	15	0	0	24.521576760721153
2019	7	16	0	0	23.16556398367734
2019	7	17	0	0	23.674764805944708
2019	7	18	0	0	12.972696114866947
2019	7	19	0	0	16.55364729482842
2019	7	20	0	0	20.60110012796571
2019	7	21	0	0	17.448932101227236
2019	7	22	0	0	16.112154900697806
2019	7	23	0	0	9.82421359890385
2019	7	24	0	0	15.931457836785308
2019	7	25	0	0	19.50364336333686
2019	7	26	0	0	21.838236645893648
2019	7	27	0	0	8.214323918743078
2019	7	28	0	0	17.24290002509308
2019	7	29	0	0	19.30807191499851
2019	7	30	0	0	16.11029224107519
2019	7	31	0	0	10.114008871856544
2019	8	1	0	0	16.76977556808004
2019	8	2	0	0	10.089385651149467
2019	8	3	0	0	15.502094427903321
2019	8	4	0	0	10.172900742063927
2019	8	5	0	0	16.17434357060301
2019	8	6	0	0	8.295155789708067
2019	8	7	0	0	20.48074879635533
2019	8	8	0	0	6.702789511607467
2019	8	9	0	0	6.489453481041607
2019	8	10	0	0	15.920176857383726
2019	8	11	0	0	17.2917144968548
2019	8	12	0	0	9.667284179178298
2019	8	13	0	0	5.858262782335158
2019	8	14	0	0	8.293493255196507
2019	8	15	0	0	12.99788652800333
2019	8	16	0	0	10.166728488903736
2019	8	17	0	0	14.664987934568467
2019	8	18	0	0	19.097502311558593
2019	8	19	0	0	14.889586649478971
2019	8	20	0	0	15.384378844184804
2019	8	21	0	0	18.518229111172985
2019	8	22	0	0	18.136057152069128
2019	8	23	0	0	14.493886200199931
2019	8	24	0	0	12.959413827649142
2019	8	25	0	0	18.67742398342556
2019	8	26	0	0	18.089850313836
2019	8	27	0	0	8.55687223145724
2019	8	28	0	0	8.98314622007063
2019	8	29	0	0	8.555892292420502
2019	8	30	0	0	6.075622085797241
2019	8	31	0	0	9.062742021148972
2019	9	1	0	0	5.810769541912496
2019	9	2	0	0	9.583664019461597
2019	9	3	0	0	7.10735937279209
2019	9	4	0	0	6.3255044997078835
2019	9	5	0	0	5.029526176025089
2019	9	6	0	0	5.3180047889569755
2019	9	7	0	0	4.56720646665755
2019	9	8	0	0	10.283095862550404
2019	9	9	0	0	17.103466739609882
2019	9	10	0	0	17.143324570583978
2019	9	11	0	0	14.807056510675585
2019	9	12	0	0	12.342767448221773
2019	9	13	0	0	15.57619645435373
2019	9	14	0	0	6.185081820876141
2019	9	15	0	0	15.398700677863951
2019	9	16	0	0	15.183818974541607
2019	9	17	0	0	9.767831081004836
2019	9	18	0	0	5.8173935581511635
2019	9	19	0	0	2.938527575153355
2019	9	20	0	0	7.781916160237861
2019	9	21	0	0	3.8292712108715463
2019	9	22	0	0	14.024525128535666
2019	9	23	0	0	13.57700548819464
2019	9	24	0	0	11.408518240511041
2019	9	25	0	0	12.838767458928048
2019	9	26	0	0	5.825945369919192
2019	9	27	0	0	2.871510133750488
2019	9	28	0	0	7.881593129367634
2019	9	29	0	0	5.755260391641821
2019	9	30	0	0	11.290031318175034
2019	10	1	0	0	11.915091859649557
2019	10	2	0	0	11.505186319439463
2019	10	3	0	0	7.630586699150935
2019	10	4	0	0	8.402911379716834
2019	10	5	0	0	5.598444802392432
2019	10	6	0	0	5.173060502554479
2019	10	7	0	0	5.125294627881622
2019	10	8	0	0	7.532111638382329
2019	10	9	0	0	5.698269494975241
2019	10	10	0	0	3.7336995400300164
2019	10	11	0	0	5.58421295253375
2019	10	12	0	0	5.6387178530602196
2019	10	13	0	0	10.070936964697623
2019	10	14	0	0	9.731033660377642
2019	10	15	0	0	9.724071300952753
2019	10	16	0	0	9.151004328902928
2019	10	17	0	0	8.59344598555238
2019	10	18	0	0	8.339906130152034
2019	10	19	0	0	8.289783127383055
2019	10	20	0	0	8.056998036300099
2019	10	21	0	0	7.768377498537009
2019	10	22	0	0	4.152910405464446
2019	10	23	0	0	6.283387258395203
2019	10	24	0	0	6.590654857986232
2019	10	25	0	0	2.2826151172478077
2019	10	26	0	0	2.398312755106465
2019	10	27	0	0	6.350581546090207
2019	10	28	0	0	7.917500498826966
2019	10	29	0	0	7.592107497954165
2019	10	30	0	0	7.545422593717563
2019	10	31	0	0	6.331978262545287
2019	11	1	0	0	3.914498477679775
2019	11	2	0	0	3.3667956570551505
2019	11	3	0	0	6.076350870517723
2019	11	4	0	0	4.8821538753612925
2019	11	5	0	0	2.2751340764289267
2019	11	6	0	0	6.468886309517024
2019	11	7	0	0	6.282906747841824
2019	11	8	0	0	5.071514793658347
2019	11	9	0	0	1.9651563996935875
2019	11	10	0	0	1.1618848632457297
2019	11	11	0	0	1.9638993703336507
2019	11	12	0	0	2.209575307938169
2019	11	13	0	0	4.238070909814783
2019	11	14	0	0	4.971828228627675
2019	11	15	0	0	3.0049008277607396
2019	11	16	0	0	3.3437155535018843
2019	11	17	0	0	5.0369338806262505
2019	11	18	0	0	4.8251001889450045
2019	11	19	0	0	4.657974042602621
2019	11	20	0	0	4.186727764248199
2019	11	21	0	0	1.717043905286977
2019	11	22	0	0	1.7707482938029133
2019	11	23	0	0	2.0239494053287994
2019	11	24	0	0	1.4573453641108214
2019	11	25	0	0	3.3814029310310363
2019	11	26	0	0	2.0140158210282864
2019	11	27	0	0	3.1937569499750142
2019	11	28	0	0	1.384705647466779
2019	11	29	0	0	3.633928310300792
2019	11	30	0	0	3.3383281379815037
2019	12	1	0	0	1.8561575991296968
2019	12	2	0	0	1.5585333342311432
2019	12	3	0	0	1.7594658965673704
2019	12	4	0	0	1.4795159556957238
2019	12	5	0	0	2.1194666166831033
2019	12	6	0	0	3.7287611828508673
2019	12	7	0	0	3.315597670134991
2019	12	8	0	0	2.478803326811376
2019	12	9	0	0	3.454441693671073
2019	12	10	0	0	3.4791240741197362
2019	12	11	0	0	3.304012646716802
2019	12	12	0	0	1.4614477877488437
2019	12	13	0	0	3.3294154928940687
2019	12	14	0	0	2.475751439071714
2019	12	15	0	0	2.813230411569942
2019	12	16	0	0	2.737346892503458
2019	12	17	0	0	1.9239818585488417
2019	12	18	0	0	2.956357557269614
2019	12	19	0	0	2.9193499725176077
2019	12	20	0	0	2.2252509247879875
2019	12	21	0	0	1.702623386475173
2019	12	22	0	0	2.732194927093121
2019	12	23	0	0	1.2553486715200204
2019	12	24	0	0	1.5850030526490906
2019	12	25	0	0	3.164767470374121
2019	12	26	0	0	2.921131965118536
2019	12	27	0	0	1.6890154628182388
2019	12	28	0	0	3.0527541884744873
2019	12	29	0	0	1.3490598632605288
2019	12	30	0	0	2.920135883390493
2019	12	31	0	0	2.944071120205855
2020	1	1	0	0	2.509545597710057
2020	1	2	0	0	1.2595717598396285
2020	1	3	0	0	0.9245493525384202
2020	1	4	0	0	1.2505535756726458
2020	1	5	0	0	1.7494664542821736
2020	1	6	0	0	3.2372359231130496
2020	1	7	0	0	2.5353846569029828
2020	1	8	0	0	1.376257951939971
2020	1	9	0	0	1.9465140814880282
2020	1	10	0	0	1.289380472636276
2020	1	11	0	0	2.1210821915308045
2020	1	12	0	0	1.8641314569157403
2020	1	13	0	0	2.07691674058546
2020	1	14	0	0	1.359434768198737
2020	1	15	0	0	3.0216511677815254
2020	1	16	0	0	4.325642796682483
2020	1	17	0	0	2.2305830352397287
2020	1	18	0	0	2.0523824807553392
2020	1	19	0	0	1.5808844443999879
2020	1	20	0	0	3.4940592986906247
2020	1	21	0	0	4.261034003352808
2020	1	22	0	0	4.931835183382056
2020	1	23	0	0	5.141533863178189
2020	1	24	0	0	5.214574551689881
2020	1	25	0	0	5.222345792946821
2020	1	26	0	0	4.892742075372437
2020	1	27	0	0	2.6448907733612352
2020	1	28	0	0	4.884005109375069
2020	1	29	0	0	2.709951128037602
2020	1	30	0	0	1.7983622143027584
2020	1	31	0	0	1.749012071854902
2020	2	1	0	0	5.86648883142449
2020	2	2	0	0	1.75397273094822
2020	2	3	0	0	1.4755913493038868
2020	2	4	0	0	3.3306490140126943
2020	2	5	0	0	3.4350868264148673
2020	2	6	0	0	1.381404328878652
2020	2	7	0	0	2.915945000791076
2020	2	8	0	0	7.043354374480849
2020	2	9	0	0	5.01097216842491
2020	2	10	0	0	7.471977361338108
2020	2	11	0	0	2.370252258019368
2020	2	12	0	0	7.668910415314215
2020	2	13	0	0	4.9806849088572775
2020	2	14	0	0	7.8660147723072225
2020	2	15	0	0	5.173849418928002
2020	2	16	0	0	5.158050317236877
2020	2	17	0	0	4.0530552874781245
2020	2	18	0	0	5.230543622204906
2020	2	19	0	0	6.803462423467504
2020	2	20	0	0	10.85526438480697
2020	2	21	0	0	1.8538247177470137
2020	2	22	0	0	10.200078354358599
2020	2	23	0	0	9.635644906552224
2020	2	24	0	0	2.4690005507276154
2020	2	25	0	0	10.230588038487802
2020	2	26	0	0	10.563307638429801
2020	2	27	0	0	11.26928474193315
2020	2	28	0	0	6.931158229107769
2020	2	29	0	0	7.8965270513027885
2020	3	1	0	0	8.861895873497808
2020	3	2	0	0	5.176509746017387
2020	3	3	0	0	10.795019873727687
2020	3	4	0	0	7.770086996387678
2020	3	5	0	0	3.788910080732497
2020	3	6	0	0	7.125348785972484
2020	3	7	0	0	2.3895179458392937
2020	3	8	0	0	6.18528977275351
2020	3	9	0	0	3.381029835077117
2020	3	10	0	0	7.639043682820183
2020	3	11	0	0	6.7031192562844115
2020	3	12	0	0	13.28982436793091
2020	3	13	0	0	7.4670133221532025
2020	3	14	0	0	4.381862330821879
2020	3	15	0	0	6.17309274558703
2020	3	16	0	0	5.6024052868599785
2020	3	17	0	0	6.053407389045522
2020	3	18	0	0	4.665355072758897
2020	3	19	0	0	15.818602356477994
2020	3	20	0	0	15.62474249338104
2020	3	21	0	0	16.16067196581888
2020	3	22	0	0	9.357369023404253
2020	3	23	0	0	8.508232282714417
2020	3	24	0	0	3.7358245059995774
2020	3	25	0	0	4.420711257927494
2020	3	26	0	0	5.317812773553733
2020	3	27	0	0	14.814511815149078
2020	3	28	0	0	9.347387818620039
2020	3	29	0	0	7.94180198985713
2020	3	30	0	0	8.783227111196766
2020	3	31	0	0	6.134029541672392
2020	4	1	0	0	9.336773794744282
2020	4	2	0	0	8.496584812148779
2020	4	3	0	0	5.732585304917642
2020	4	4	0	0	7.96956092701771
2020	4	5	0	0	7.715208899814495
2020	4	6	0	0	16.014631129598275
2020	4	7	0	0	7.5757709850287185
2020	4	8	0	0	8.368250500877746
2020	4	9	0	0	15.494663957314176
2020	4	10	0	0	14.654766832252733
2020	4	11	0	0	20.455198903181376
2020	4	12	0	0	9.186971751911088
2020	4	13	0	0	7.842179967949947
2020	4	14	0	0	7.80015173316229
2020	4	15	0	0	7.506780749532815
2020	4	16	0	0	7.714857102148362
2020	4	17	0	0	18.552316242059568
2020	4	18	0	0	21.297117787352384
2020	4	19	0	0	17.551647457988775
2020	4	20	0	0	12.845498499393006
2020	4	21	0	0	4.7801266606322415
2020	4	22	0	0	9.450831003830928
2020	4	23	0	0	17.09529990846555
2020	4	24	0	0	10.24119703238789
2020	4	25	0	0	7.282901976015686
2020	4	26	0	0	16.54870635498148
2020	4	27	0	0	17.971374656598023
2020	4	28	0	0	6.981345350901058
2020	4	29	0	0	15.198936168081772
2020	4	30	0	0	25.134731150852335
2020	5	1	0	0	23.62417140630243
2020	5	2	0	0	11.218970968499521
2020	5	3	0	0	18.43990676301629
2020	5	4	0	0	14.077543792790852
2020	5	5	0	0	8.203394909053529
2020	5	6	0	0	21.30430317027293
2020	5	7	0	0	15.08870231156664
2020	5	8	0	0	9.830601565031147
2020	5	9	0	0	13.65694141434414
2020	5	10	0	0	22.89118614513754
2020	5	11	0	0	25.238759606879068
2020	5	12	0	0	21.432846593172012
2020	5	13	0	0	15.844879968362498
2020	5	14	0	0	16.129059777479032
2020	5	15	0	0	9.608404553593862
2020	5	16	0	0	18.162282676719858
2020	5	17	0	0	19.50549581528047
2020	5	18	0	0	17.50391139232616
2020	5	19	0	0	15.83986744093467
2020	5	20	0	0	26.097459430331263
2020	5	21	0	0	9.97509597040247
2020	5	22	0	0	15.48341937605765
2020	5	23	0	0	16.350227177530236
2020	5	24	0	0	16.17070136751936
2020	5	25	0	0	20.03798416986334
2020	5	26	0	0	25.271424465220083
2020	5	27	0	0	26.169531682008877
2020	5	28	0	0	25.504747777928277
2020	5	29	0	0	27.536248337406857
2020	5	30	0	0	27.279303460247434
2020	5	31	0	0	15.38783312058386
2020	6	1	0	0	11.97284627487603
2020	6	2	0	0	25.430344867162912
2020	6	3	0	0	20.49694342152823
2020	6	4	0	0	20.262172496664558
2020	6	5	0	0	27.668387949677598
2020	6	6	0	0	24.619433353327558
2020	6	7	0	0	26.129511869279963
2020	6	8	0	0	21.101425762339645
2020	6	9	0	0	14.315568983041278
2020	6	10	0	0	21.012178303812412
2020	6	11	0	0	27.95640635306048
2020	6	12	0	0	23.944165659626428
2020	6	13	0	0	22.389719428466783
2020	6	14	0	0	10.21340008090253
2020	6	15	0	0	14.042862958874545
2020	6	16	0	0	11.136104820558634
2020	6	17	0	0	14.614899607790989
2020	6	18	0	0	14.381324068878664
2020	6	19	0	0	13.950852178401965
2020	6	20	0	0	18.337621071133096
2020	6	21	0	0	19.29931255319901
2020	6	22	0	0	28.38354229803278
2020	6	23	0	0	19.065638526243784
2020	6	24	0	0	27.62259958777951
2020	6	25	0	0	20.590773955776292
2020	6	26	0	0	27.446164157156318
2020	6	27	0	0	26.94685551223067
2020	6	28	0	0	25.06659639576221
2020	6	29	0	0	21.480594026718848
2020	6	30	0	0	24.622160253461942
2020	7	1	0	0	25.966589579913514
2020	7	2	0	0	25.660776246877354
2020	7	3	0	0	16.20029022436391
2020	7	4	0	0	13.75077066431305
2020	7	5	0	0	15.055095638531148
2020	7	6	0	0	13.284953287076391
2020	7	7	0	0	14.967442467336268
2020	7	8	0	0	7.760685173113376
2020	7	9	0	0	10.95676566932687
2020	7	10	0	0	17.19542506141319
2020	7	11	0	0	25.215345591131925
2020	7	12	0	0	24.856106236181308
2020	7	13	0	0	19.927668803157413
2020	7	14	0	0	21.488706128957357
2020	7	15	0	0	17.28389958405175
2020	7	16	0	0	9.289998179828208
2020	7	17	0	0	13.200376264442351
2020	7	18	0	0	19.546082555893545
2020	7	19	0	0	14.904356791492916
2020	7	20	0	0	17.35788248405954
2020	7	21	0	0	17.258236893308794
2020	7	22	0	0	25.130215352433687
2020	7	23	0	0	24.288392011445055
2020	7	24	0	0	16.9077513462264
2020	7	25	0	0	21.56101872614332
2020	7	26	0	0	22.721881082226425
2020	7	27	0	0	20.43690355897174
2020	7	28	0	0	9.846929384846929
2020	7	29	0	0	24.351257368177983
2020	7	30	0	0	8.642210974902461
2020	7	31	0	0	16.184757232137283
2020	8	1	0	0	24.720893422827842
2020	8	2	0	0	24.103817790595865
2020	8	3	0	0	24.666562982537542
2020	8	4	0	0	22.1723026350478
2020	8	5	0	0	25.77903978416524
2020	8	6	0	0	24.811563729451137
2020	8	7	0	0	24.374088827535658
2020	8	8	0	0	22.76068354535183
2020	8	9	0	0	21.460938857132057
2020	8	10	0	0	9.48637625912211
2020	8	11	0	0	9.056598685244007
2020	8	12	0	0	19.355687416880208
2020	8	13	0	0	15.448024353229462
2020	8	14	0	0	23.61888503171761
2020	8	15	0	0	23.591032769113546
2020	8	16	0	0	22.708572115554087
2020	8	17	0	0	23.31736877009958
2020	8	18	0	0	22.588598970171905
2020	8	19	0	0	20.366218693043887
2020	8	20	0	0	20.87329239915169
2020	8	21	0	0	14.681433719859438
2020	8	22	0	0	17.637348556481385
2020	8	23	0	0	20.18434074491287
2020	8	24	0	0	19.763683927606863
2020	8	25	0	0	20.530559318159348
2020	8	26	0	0	21.276691019679312
2020	8	27	0	0	20.328941088781832
2020	8	28	0	0	19.473916975273326
2020	8	29	0	0	12.762161850104093
2020	8	30	0	0	16.429046396577696
2020	8	31	0	0	17.144358744574255
2020	9	1	0	0	18.89105466736757
2020	9	2	0	0	16.766985949482876
2020	9	3	0	0	9.659849650807537
2020	9	4	0	0	17.312048482300707
2020	9	5	0	0	16.885707565349147
2020	9	6	0	0	15.70466743822982
2020	9	7	0	0	17.897511895903843
2020	9	8	0	0	18.509807360468162
2020	9	9	0	0	18.189573161883033
2020	9	10	0	0	18.67179335282583
2020	9	11	0	0	17.52686544935765
2020	9	12	0	0	11.12981348838217
2020	9	13	0	0	14.46139501129201
2020	9	14	0	0	13.953435188309685
2020	9	15	0	0	9.681005856216442
2020	9	16	0	0	9.323893193798419
2020	9	17	0	0	14.701219431153955
2020	9	18	0	0	9.812558102404292
2020	9	19	0	0	12.672250657710222
2020	9	20	0	0	10.786986404257997
2020	9	21	0	0	10.505142292480704
2020	9	22	0	0	13.417723329718523
2020	9	23	0	0	12.486024149961056
2020	9	24	0	0	11.505198069532137
2020	9	25	0	0	13.437745768393516
2020	9	26	0	0	13.438987497414347
2020	9	27	0	0	13.654583652629002
2020	9	28	0	0	13.74470811092736
2020	9	29	0	0	13.256559022353725
2020	9	30	0	0	12.696313656352665
2020	10	1	0	0	11.717247615686208
2020	10	2	0	0	11.579905636574658
2020	10	3	0	0	11.106346402828743
2020	10	4	0	0	10.564827406472794
2020	10	5	0	0	10.584086230718555
2020	10	6	0	0	10.976300708327742
2020	10	7	0	0	10.837096955484826
2020	10	8	0	0	6.207468867208893
2020	10	9	0	0	2.726038462315173
2020	10	10	0	0	10.969541194913942
2020	10	11	0	0	4.280930810228535
2020	10	12	0	0	3.821830479136374
2020	10	13	0	0	10.01011100686252
2020	10	14	0	0	9.978709853299739
2020	10	15	0	0	9.010339094350224
2020	10	16	0	0	11.597934481063518
2020	10	17	0	0	10.045603462496285
2020	10	18	0	0	10.077951991616352
2020	10	19	0	0	2.0580359657740472
2020	10	20	0	0	3.021586406318517
2020	10	21	0	0	4.936261119905189
2020	10	22	0	0	4.1189031218616945
2020	10	23	0	0	7.183562088382283
2020	10	24	0	0	3.0619620110507677
2020	10	25	0	0	6.331136808638574
2020	10	26	0	0	2.256988465998003
2020	10	27	0	0	3.3427869687920646
2020	10	28	0	0	5.887747007147682
2020	10	29	0	0	4.633296245258617
2020	10	30	0	0	3.3659567628245224
2020	10	31	0	0	3.0510207148811874
2020	11	1	0	0	2.7651734355440563
2020	11	2	0	0	6.3436283785082415
2020	11	3	0	0	3.156672503483485
2020	11	4	0	0	4.499964017905531
2020	11	5	0	0	5.137828581028453
2020	11	6	0	0	3.358579717756551
2020	11	7	0	0	2.4085415709080493
2020	11	8	0	0	3.6772361717496653
2020	11	9	0	0	3.7704297368793225
2020	11	10	0	0	5.1213674964144476
2020	11	11	0	0	4.882513364146821
2020	11	12	0	0	2.573036127087872
2020	11	13	0	0	5.2195971905688845
2020	11	14	0	0	2.2274247965606984
2020	11	15	0	0	4.0897795040357074
2020	11	16	0	0	4.1541442581318995
2020	11	17	0	0	2.7706943688623196
2020	11	18	0	0	4.5726601748527385
2020	11	19	0	0	1.6522329156058513
2020	11	20	0	0	3.1239422066988403
2020	11	21	0	0	4.608452484164612
2020	11	22	0	0	2.136294095793417
2020	11	23	0	0	4.264114727063681
2020	11	24	0	0	4.1429030765838535
2020	11	25	0	0	2.97855610073632
2020	11	26	0	0	1.3499529217651958
2020	11	27	0	0	3.991541219324991
2020	11	28	0	0	2.3363896757295652
2020	11	29	0	0	3.8996353992540587
2020	11	30	0	0	3.40591864590485
2020	12	1	0	0	2.4981998965873258
2020	12	2	0	0	2.2572330618986585
2020	12	3	0	0	3.9180634821307585
2020	12	4	0	0	4.178719987550304
2020	12	5	0	0	4.124743207358331
2020	12	6	0	0	4.0451246460280315
2020	12	7	0	0	3.4170763777779056
2020	12	8	0	0	1.2931801047335783
2020	12	9	0	0	3.734845185262173
2020	12	10	0	0	2.7263226218937926
2020	12	11	0	0	1.3594001641380289
2020	12	12	0	0	1.740617285817681
2020	12	13	0	0	1.3875785286393025
2020	12	14	0	0	2.286194746357561
2020	12	15	0	0	2.2195730538575424
2020	12	16	0	0	1.287268290497399
2020	12	17	0	0	1.3569679058183883
2020	12	18	0	0	2.409943906520352
2020	12	19	0	0	2.1527545891843443
2020	12	20	0	0	1.8291922167310732
2020	12	21	0	0	2.7964995976321374
2020	12	22	0	0	1.4458080901534502
2020	12	23	0	0	1.3790541449362983
2020	12	24	0	0	2.7529288596534673
2020	12	25	0	0	1.8298768467883884
2020	12	26	0	0	2.360005028139082
2020	12	27	0	0	2.2024104419102457
2020	12	28	0	0	1.3883966964751049
2020	12	29	0	0	2.289117202999157
2020	12	30	0	0	2.2855557187734914
2020	12	31	0	0	2.5702793139689226
2021	1	1	0	0	1.6631965832860889
2021	1	2	0	0	1.4455968591827522
2021	1	3	0	0	1.44080969409269
2021	1	4	0	0	1.5802668003679687
2021	1	5	0	0	1.672719567242688
2021	1	6	0	0	1.3407803280007486
2021	1	7	0	0	2.770901270708737
2021	1	8	0	0	3.755894897752603
2021	1	9	0	0	3.499130717479293
2021	1	10	0	0	1.2536301976686262
2021	1	11	0	0	3.1840405480996883
2021	1	12	0	0	4.261429555720255
2021	1	13	0	0	4.397705425223318
2021	1	14	0	0	4.028373604617662
2021	1	15	0	0	1.2901903640800072
2021	1	16	0	0	1.5828744111250321
2021	1	17	0	0	1.447547619081168
2021	1	18	0	0	1.8190747673758807
2021	1	19	0	0	1.8218608184879024
2021	1	20	0	0	2.2076578940267693
2021	1	21	0	0	1.334142567629447
2021	1	22	0	0	4.811206984513914
2021	1	23	0	0	1.277898668441116
2021	1	24	0	0	5.384499422984594
2021	1	25	0	0	2.1214478272021253
2021	1	26	0	0	2.708896047516029
2021	1	27	0	0	1.9666154259712685
2021	1	28	0	0	1.8305163545205083
2021	1	29	0	0	1.334895310425842
2021	1	30	0	0	3.554020591178423
2021	1	31	0	0	6.924399229428595
2021	2	1	0	0	5.559394375788216
2021	2	2	0	0	2.16170382046422
2021	2	3	0	0	1.4385510086896078
2021	2	4	0	0	4.320634395445908
2021	2	5	0	0	1.7918729768797805
2021	2	6	0	0	4.48860886553908
2021	2	7	0	0	2.798924621851169
2021	2	8	0	0	1.974503853923204
2021	2	9	0	0	7.983380748429808
2021	2	10	0	0	1.6567712099529264
2021	2	11	0	0	4.09055663395209
2021	2	12	0	0	1.6823370861494615
2021	2	13	0	0	2.618976379823254
2021	2	14	0	0	2.727767131087159
2021	2	15	0	0	2.4589303857233427
2021	2	16	0	0	1.6778887070034674
2021	2	17	0	0	2.806371865535982
2021	2	18	0	0	2.4497003382972338
2021	2	19	0	0	7.630225306110522
2021	2	20	0	0	2.9622844319336155
2021	2	21	0	0	4.207506655814344
2021	2	22	0	0	6.198267805954036
2021	2	23	0	0	10.1054187460313
2021	2	24	0	0	6.327032961721965
2021	2	25	0	0	4.12868065287204
2021	2	26	0	0	8.408064575451773
2021	2	27	0	0	2.0301215144723828
2021	2	28	0	0	4.832178303287759
2021	3	1	0	0	10.829152617677453
2021	3	2	0	0	12.925384211889705
2021	3	3	0	0	6.193640511637744
2021	3	4	0	0	3.1867680077481717
2021	3	5	0	0	10.852505001397153
2021	3	6	0	0	9.052150360261766
2021	3	7	0	0	8.700385023963822
2021	3	8	0	0	11.104889599735634
2021	3	9	0	0	13.672971424789171
2021	3	10	0	0	12.6815691069737
2021	3	11	0	0	4.797225803911591
2021	3	12	0	0	2.7214709188339445
2021	3	13	0	0	2.7801038083098994
2021	3	14	0	0	5.041579955790039
2021	3	15	0	0	11.879505985851706
2021	3	16	0	0	14.261958253054598
2021	3	17	0	0	6.4813621022434456
2021	3	18	0	0	4.934013089848781
2021	3	19	0	0	9.302826290904894
2021	3	20	0	0	6.478926957689643
2021	3	21	0	0	11.359758385155084
2021	3	22	0	0	4.391092376328854
2021	3	23	0	0	5.640239759471416
2021	3	24	0	0	8.363034685113155
2021	3	25	0	0	13.704222534395011
2021	3	26	0	0	12.540307715633693
2021	3	27	0	0	11.537122154809392
2021	3	28	0	0	6.135346955063054
2021	3	29	0	0	6.287678965158224
2021	3	30	0	0	8.20853573245604
2021	3	31	0	0	11.044936996877375
2021	4	1	0	0	6.267730421213885
2021	4	2	0	0	3.963023551823524
2021	4	3	0	0	9.129211793777031
2021	4	4	0	0	12.90314232057266
2021	4	5	0	0	18.688440545039544
2021	4	6	0	0	9.879442706171261
2021	4	7	0	0	9.783441179848484
2021	4	8	0	0	7.535197036079505
2021	4	9	0	0	7.709845747682719
2021	4	10	0	0	4.585795644408186
2021	4	11	0	0	14.364361859678468
2021	4	12	0	0	5.976617443702537
2021	4	13	0	0	21.465158122883032
2021	4	14	0	0	15.085853124173772
2021	4	15	0	0	8.350601004548059
2021	4	16	0	0	8.176109352135487
2021	4	17	0	0	20.427028049628404
2021	4	18	0	0	21.105748253715007
2021	4	19	0	0	16.515780254459827
2021	4	20	0	0	6.07758660622245
2021	4	21	0	0	20.93430982591941
2021	4	22	0	0	5.967895203267094
2021	4	23	0	0	14.576444325256636
2021	4	24	0	0	12.307589583313076
2021	4	25	0	0	7.689912512612798
2021	4	26	0	0	7.530287727500162
2021	4	27	0	0	5.972369654818334
2021	4	28	0	0	6.873371940239845
2021	4	29	0	0	11.147614489439395
2021	4	30	0	0	15.255560260272613
2021	5	1	0	0	17.836536916157186
2021	5	2	0	0	15.000994800791858
2021	5	3	0	0	9.65086463311347
2021	5	4	0	0	7.786582788544949
2021	5	5	0	0	7.274165685786648
2021	5	6	0	0	9.835952952473853
2021	5	7	0	0	9.597554872764768
2021	5	8	0	0	19.82621114276976
2021	5	9	0	0	21.371873682457643
2021	5	10	0	0	10.369827243735582
2021	5	11	0	0	11.536532553021178
2021	5	12	0	0	15.473618457550993
2021	5	13	0	0	20.705336606937486
2021	5	14	0	0	20.596430191703934
2021	5	15	0	0	23.47317485593658
2021	5	16	0	0	16.763221202833844
2021	5	17	0	0	13.089134640367815
2021	5	18	0	0	18.228513893281633
2021	5	19	0	0	14.206319876813557
2021	5	20	0	0	21.518550529661837
2021	5	21	0	0	13.31812110706321
2021	5	22	0	0	19.784456237274767
2021	5	23	0	0	24.845236040886743
2021	5	24	0	0	25.183793541826486
2021	5	25	0	0	15.978592761430981
2021	5	26	0	0	16.43115860005873
2021	5	27	0	0	13.283327903681002
2021	5	28	0	0	20.424250255580066
2021	5	29	0	0	17.280312813331232
2021	5	30	0	0	7.615971493735141
2021	5	31	0	0	8.528473018743243
2021	6	1	0	0	21.726690057222424
2021	6	2	0	0	23.720456220666826
2021	6	3	0	0	13.478830386295366
2021	6	4	0	0	23.65834696192826
2021	6	5	0	0	26.475380470322698
2021	6	6	0	0	20.452716891161916
2021	6	7	0	0	15.895890638882351
2021	6	8	0	0	17.552402082298336
2021	6	9	0	0	19.421078964341735
2021	6	10	0	0	27.02156577558322
2021	6	11	0	0	26.657852552155987
2021	6	12	0	0	24.67592523681175
2021	6	13	0	0	9.286899118253569
2021	6	14	0	0	8.85001139645933
2021	6	15	0	0	8.978927154267485
2021	6	16	0	0	12.893441235179791
2021	6	17	0	0	14.736370795246772
2021	6	18	0	0	15.687881270195929
2021	6	19	0	0	10.169626889960123
2021	6	20	0	0	11.585317101585783
2021	6	21	0	0	14.534520218524166
2021	6	22	0	0	15.597658186572328
2021	6	23	0	0	25.658028715140002
2021	6	24	0	0	21.74936605795106
2021	6	25	0	0	26.483717432558333
2021	6	26	0	0	27.734189254138915
2021	6	27	0	0	15.500301533694405
2021	6	28	0	0	21.353190498854957
2021	6	29	0	0	13.725381925120924
2021	6	30	0	0	8.915720509118765
2021	7	1	0	0	23.431642936001772
2021	7	2	0	0	26.781484871033253
2021	7	3	0	0	25.25860438924594
2021	7	4	0	0	9.433153979057664
2021	7	5	0	0	15.163145775168537
2021	7	6	0	0	17.601706160908588
2021	7	7	0	0	8.957849890006456
2021	7	8	0	0	25.6669798501114
2021	7	9	0	0	13.86374904507718
2021	7	10	0	0	23.471528506681253
2021	7	11	0	0	27.39685680806622
2021	7	12	0	0	26.359949474324353
2021	7	13	0	0	27.70714753358521
2021	7	14	0	0	27.717674383884013
2021	7	15	0	0	27.205373187692263
2021	7	16	0	0	26.48290815552718
2021	7	17	0	0	25.882840634384017
2021	7	18	0	0	24.848334434412262
2021	7	19	0	0	15.094249725988915
2021	7	20	0	0	15.505073428214564
2021	7	21	0	0	26.802845688995685
2021	7	22	0	0	26.670328162207547
2021	7	23	0	0	26.549504188344837
2021	7	24	0	0	12.732931961587498
2021	7	25	0	0	22.03250468795833
2021	7	26	0	0	12.914726751855186
2021	7	27	0	0	18.543069004683513
2021	7	28	0	0	17.215708628159394
2021	7	29	0	0	23.583413015099566
2021	7	30	0	0	25.21679546691297
2021	7	31	0	0	19.705105885073102
2021	8	1	0	0	14.219822862996972
2021	8	2	0	0	5.308976372454643
2021	8	3	0	0	10.854614955651092
2021	8	4	0	0	11.749610905000994
2021	8	5	0	0	23.051305982599114
2021	8	6	0	0	23.94318636196223
2021	8	7	0	0	24.27926330778791
2021	8	8	0	0	18.866892730149505
2021	8	9	0	0	15.328709595570846
2021	8	10	0	0	14.346088471827017
2021	8	11	0	0	19.142922562100583
2021	8	12	0	0	16.22128606500211
2021	8	13	0	0	21.06611321888552
2021	8	14	0	0	19.08066104119273
2021	8	15	0	0	22.43226078927559
2021	8	16	0	0	22.450848227807704
2021	8	17	0	0	21.697932963670933
2021	8	18	0	0	22.19715392231019
2021	8	19	0	0	23.6509769880792
2021	8	20	0	0	9.35823005431465
2021	8	21	0	0	12.0763295062253
2021	8	22	0	0	20.780386738764165
2021	8	23	0	0	9.270475034934211
2021	8	24	0	0	9.739621279128817
2021	8	25	0	0	14.794491343863946
2021	8	26	0	0	17.017714018065945
2021	8	27	0	0	14.127404944739647
2021	8	28	0	0	7.905598417470204
2021	8	29	0	0	13.280774846156584
2021	8	30	0	0	5.477475521704818
2021	8	31	0	0	18.4828830546306
2021	9	1	0	0	18.206149420199868
2021	9	2	0	0	17.20298795054945
2021	9	3	0	0	18.08139930024588
2021	9	4	0	0	13.4616347599623
2021	9	5	0	0	13.611088077768144
2021	9	6	0	0	15.23566635960528
2021	9	7	0	0	19.39960584061042
2021	9	8	0	0	19.131802995388348
2021	9	9	0	0	16.86610288363968
2021	9	10	0	0	17.23778813107872
2021	9	11	0	0	17.252632792401812
2021	9	12	0	0	17.11536908143294
2021	9	13	0	0	16.91607364218438
2021	9	14	0	0	16.7589840955583
2021	9	15	0	0	16.54031726868243
2021	9	16	0	0	13.15437049635221
2021	9	17	0	0	16.43798315550969
2021	9	18	0	0	15.375569588046172
2021	9	19	0	0	15.36012783359721
2021	9	20	0	0	11.490228102906546
2021	9	21	0	0	11.174412671067312
2021	9	22	0	0	3.5253445278817876
2021	9	23	0	0	9.932065024852484
2021	9	24	0	0	12.039097264249826
2021	9	25	0	0	3.8662877420363326
2021	9	26	0	0	12.06475466921885
2021	9	27	0	0	6.131060378317408
2021	9	28	0	0	8.689160951821066
2021	9	29	0	0	4.634016165048577
2021	9	30	0	0	7.088312389870872
2021	10	1	0	0	7.320638262586882
2021	10	2	0	0	5.401401804207971
2021	10	3	0	0	12.153833904076562
2021	10	4	0	0	12.178424769127748
2021	10	5	0	0	5.203102328680282
2021	10	6	0	0	11.82843171574226
2021	10	7	0	0	11.319778082124575
2021	10	8	0	0	10.644209731766534
2021	10	9	0	0	9.313679555641153
2021	10	10	0	0	9.801197824386154
2021	10	11	0	0	3.2589695587160623
2021	10	12	0	0	3.2976787817086617
2021	10	13	0	0	2.0867202664270015
2021	10	14	0	0	4.572182756202769
2021	10	15	0	0	9.240548262829316
2021	10	16	0	0	9.059675759056052
2021	10	17	0	0	8.572692760506042
2021	10	18	0	0	6.33298704571472
2021	10	19	0	0	5.358420962741679
2021	10	20	0	0	6.5564162493176426
2021	10	21	0	0	4.890091710305394
2021	10	22	0	0	6.317753568739077
2021	10	23	0	0	7.096119317134203
2021	10	24	0	0	7.205083662486546
2021	10	25	0	0	7.144294510587836
2021	10	26	0	0	7.1716832500140235
2021	10	27	0	0	6.887740744228497
2021	10	28	0	0	5.255893940293067
2021	10	29	0	0	3.428662565768856
2021	10	30	0	0	5.223907472320463
2021	10	31	0	0	6.3156211474918
2021	11	1	0	0	4.842468764111687
2021	11	2	0	0	3.2867534724850107
2021	11	3	0	0	5.128352188570512
2021	11	4	0	0	2.2236957622666744
2021	11	5	0	0	3.6413100100122517
2021	11	6	0	0	4.860487953328238
2021	11	7	0	0	4.532576334746444
2021	11	8	0	0	3.016756889548704
2021	11	9	0	0	1.623353798458198
2021	11	10	0	0	2.48612563396476
2021	11	11	0	0	3.8934900212974743
2021	11	12	0	0	2.6412057070424497
2021	11	13	0	0	4.091980151074373
2021	11	14	0	0	2.135273533609012
2021	11	15	0	0	5.082637379104777
2021	11	16	0	0	1.757784570257952
2021	11	17	0	0	2.3871180347258574
2021	11	18	0	0	3.725678651977118
2021	11	19	0	0	1.8560302355301495
2021	11	20	0	0	4.995077071344351
2021	11	21	0	0	1.9877082099190533
2021	11	22	0	0	4.417431994929566
2021	11	23	0	0	1.9640417136480148
2021	11	24	0	0	1.3635216587825079
2021	11	25	0	0	3.4295522707320685
2021	11	26	0	0	3.8352405762571777
2021	11	27	0	0	3.826158632760845
2021	11	28	0	0	3.654793380641145
2021	11	29	0	0	2.6404609792315052
2021	11	30	0	0	2.3493471618452397
2021	12	1	0	0	1.4721389439027925
2021	12	2	0	0	1.409814446591399
2021	12	3	0	0	3.304034376246421
2021	12	4	0	0	1.9158411341683095
2021	12	5	0	0	3.8703445654969384
2021	12	6	0	0	3.5487690762373925
2021	12	7	0	0	2.54406464731669
2021	12	8	0	0	1.3582439129254436
2021	12	9	0	0	1.3943186285580549
2021	12	10	0	0	1.9191378678402728
2021	12	11	0	0	1.8263560169955078
2021	12	12	0	0	1.3938649727755623
2021	12	13	0	0	1.3525171687655397
2021	12	14	0	0	2.3967649487864393
2021	12	15	0	0	1.3931071695128938
2021	12	16	0	0	1.8272917540461946
2021	12	17	0	0	1.4712921276617377
2021	12	18	0	0	1.4467529669674668
2021	12	19	0	0	1.07582012569385
2021	12	20	0	0	1.970940021761399
2021	12	21	0	0	3.2721521787449483
2021	12	22	0	0	2.8449291485137307
2021	12	23	0	0	0.7018027329829923
2021	12	24	0	0	1.7407791397111336
2021	12	25	0	0	2.282535140294526
2021	12	26	0	0	1.9874766535995978
2021	12	27	0	0	1.1935704005831032
2021	12	28	0	0	1.6490561848206078
2021	12	29	0	0	1.2047456035094803
2021	12	30	0	0	1.37024517254021
2021	12	31	0	0	1.3359522106329265
