;;;;;[m]
YYYY;MM;DD;hh;mm;Z_GW
2019;11;1;0;0;1.2280486185118036
2019;11;2;0;0;1.2161499069963142
2019;11;3;0;0;1.2208864415245417
2019;11;4;0;0;1.2168166362411992
2019;11;5;0;0;1.2021612808808482
2019;11;6;0;0;1.2151117408375862
2019;11;7;0;0;1.2052926640308639
2019;11;8;0;0;1.2021433210834227
2019;11;9;0;0;1.1894186654915218
2019;11;10;0;0;1.1889656625681253
2019;11;11;0;0;1.1880652964210376
2019;11;12;0;0;1.194261641579613
2019;11;13;0;0;1.1812407282737243
2019;11;14;0;0;1.187191639513821
2019;11;15;0;0;1.1767867921512885
2019;11;16;0;0;1.167297874028175
2019;11;17;0;0;1.1691147706660634
2019;11;18;0;0;1.1534906291858291
2019;11;19;0;0;1.1651034226494117
2019;11;20;0;0;1.1661824035378145
2019;11;21;0;0;1.1651459719373696
2019;11;22;0;0;1.1478598474734252
2019;11;23;0;0;1.1622655485611402
2019;11;24;0;0;1.1515201600868936
2019;11;25;0;0;1.148502423666193
2019;11;26;0;0;1.1398405386265975
2019;11;27;0;0;1.1345060227493182
2019;11;28;0;0;1.130586226198255
2019;11;29;0;0;1.1271885759608926
2019;11;30;0;0;1.133468884876589
2019;12;1;0;0;1.1325757620810073
2019;12;2;0;0;1.1320070145300167
2019;12;3;0;0;1.116882391471804
2019;12;4;0;0;1.110681729148761
2019;12;5;0;0;1.109845774945742
2019;12;6;0;0;1.108105965737718
2019;12;7;0;0;1.1102103778784016
2019;12;8;0;0;1.1058690964304936
2019;12;9;0;0;1.094852562401527
2019;12;10;0;0;1.1107721736876373
2019;12;11;0;0;1.1017076355378608
2019;12;12;0;0;1.1078721386544188
2019;12;13;0;0;1.1086654036379415
2019;12;14;0;0;1.0892106116019447
2019;12;15;0;0;1.1023979057028477
2019;12;16;0;0;1.0928716674772792
2019;12;17;0;0;1.0816761530936267
2019;12;18;0;0;1.077778324932539
2019;12;19;0;0;1.0902862571730507
2019;12;20;0;0;1.0791050126359993
2019;12;21;0;0;1.0712618632614574
2019;12;22;0;0;1.0646413962962018
2019;12;23;0;0;1.0837399931753646
2019;12;24;0;0;1.0725872176402196
2019;12;25;0;0;1.0848031865906056
2019;12;26;0;0;1.0717236906360856
2019;12;27;0;0;1.0776522931186248
2019;12;28;0;0;1.0773569229511888
2019;12;29;0;0;1.060452884574149
2019;12;30;0;0;1.067072263086681
2019;12;31;0;0;1.0771234046024323
2020;1;1;0;0;1.0729052573047917
2020;1;2;0;0;1.0654523354195815
2020;1;3;0;0;1.0618958127879201
2020;1;4;0;0;1.0721328897722957
2020;1;5;0;0;1.0577222406708093
2020;1;6;0;0;1.0535246174103672
2020;1;7;0;0;1.0600292444211372
2020;1;8;0;0;1.0540963076042675
2020;1;9;0;0;1.0475278754800272
2020;1;10;0;0;1.0429969103785508
2020;1;11;0;0;1.051677780424155
2020;1;12;0;0;1.0543895634911242
2020;1;13;0;0;1.055673235555317
2020;1;14;0;0;1.0456595964232864
2020;1;15;0;0;1.042822215249429
2020;1;16;0;0;1.05214789253902
2020;1;17;0;0;1.0492934757609023
2020;1;18;0;0;1.0518050656023952
2020;1;19;0;0;1.051164451072262
2020;1;20;0;0;1.054262758487597
2020;1;21;0;0;1.0508895065771864
2020;1;22;0;0;1.0619268614726771
2020;1;23;0;0;1.04917188906798
2020;1;24;0;0;1.0354533227671883
2020;1;25;0;0;1.0495339594181132
2020;1;26;0;0;1.0629789532286094
2020;1;27;0;0;1.0561646789462784
2020;1;28;0;0;1.050427789257181
2020;1;29;0;0;1.0446499983507962
2020;1;30;0;0;1.046501560434665
2020;1;31;0;0;1.046092794268648
2020;2;1;0;0;1.0584748525641765
2020;2;2;0;0;1.0475362429655888
2020;2;3;0;0;1.0505963191633527
2020;2;4;0;0;1.0589365298905444
2020;2;5;0;0;1.0448891879381685
2020;2;6;0;0;1.038274757758703
2020;2;7;0;0;1.0417581256103905
2020;2;8;0;0;1.072675810252838
2020;2;9;0;0;1.071997418964037
2020;2;10;0;0;1.0605195248518482
2020;2;11;0;0;1.0598878670683658
2020;2;12;0;0;1.066671733130555
2020;2;13;0;0;1.0672286602276126
2020;2;14;0;0;1.0675319564122683
2020;2;15;0;0;1.0583629072747258
2020;2;16;0;0;1.0583807935562373
2020;2;17;0;0;1.0687356501753023
2020;2;18;0;0;1.0858399022999092
2020;2;19;0;0;1.0684776774382772
2020;2;20;0;0;1.0670385492895749
2020;2;21;0;0;1.0746984226718426
2020;2;22;0;0;1.079039659829671
2020;2;23;0;0;1.066857948753801
2020;2;24;0;0;1.081104936608329
2020;2;25;0;0;1.0855039875316472
2020;2;26;0;0;1.0895427687973986
2020;2;27;0;0;1.0875888233149786
2020;2;28;0;0;1.0893306962324034
2020;2;29;0;0;1.093825377873529
2020;3;1;0;0;1.0932133462697116
2020;3;2;0;0;1.0822728231860972
2020;3;3;0;0;1.1005343271664025
2020;3;4;0;0;1.0961539112429044
2020;3;5;0;0;1.1041748304217154
2020;3;6;0;0;1.0930468765111707
2020;3;7;0;0;1.0953838818506654
2020;3;8;0;0;1.1037647761760918
2020;3;9;0;0;1.1057012018715673
2020;3;10;0;0;1.1057306465334014
2020;3;11;0;0;1.1232411735746983
2020;3;12;0;0;1.112792519842969
2020;3;13;0;0;1.1222394606385206
2020;3;14;0;0;1.1276435608272968
2020;3;15;0;0;1.1142343053514103
2020;3;16;0;0;1.140455354095161
2020;3;17;0;0;1.1277928393237084
2020;3;18;0;0;1.1420692496873903
2020;3;19;0;0;1.132110748886528
2020;3;20;0;0;1.1417196097023377
2020;3;21;0;0;1.14225474820972
2020;3;22;0;0;1.1566851814173975
2020;3;23;0;0;1.1526335011132924
2020;3;24;0;0;1.146305929867219
2020;3;25;0;0;1.1504981322710417
2020;3;26;0;0;1.154387038359481
2020;3;27;0;0;1.16394764318217
2020;3;28;0;0;1.1626182872859072
2020;3;29;0;0;1.1581176699400364
2020;3;30;0;0;1.1744663545136533
2020;3;31;0;0;1.1822170149876705
2020;4;1;0;0;1.1650764333365267
2020;4;2;0;0;1.1763845632030447
2020;4;3;0;0;1.1765144777310588
2020;4;4;0;0;1.1908538192249705
2020;4;5;0;0;1.1861210479735507
2020;4;6;0;0;1.1938865063663948
2020;4;7;0;0;1.2013294427813948
2020;4;8;0;0;1.201556757638211
2020;4;9;0;0;1.1922654214283948
2020;4;10;0;0;1.2115654722785278
2020;4;11;0;0;1.202549012212862
2020;4;12;0;0;1.2002587511856067
2020;4;13;0;0;1.217511205712131
2020;4;14;0;0;1.215936671014242
2020;4;15;0;0;1.2287035644605053
2020;4;16;0;0;1.2300642086735443
2020;4;17;0;0;1.2246163742053753
2020;4;18;0;0;1.2403678305786296
2020;4;19;0;0;1.231599370184821
2020;4;20;0;0;1.2384936354355696
2020;4;21;0;0;1.2372910654427434
2020;4;22;0;0;1.2543355390107702
2020;4;23;0;0;1.242302012209931
2020;4;24;0;0;1.2433655857432853
2020;4;25;0;0;1.2545802686153396
2020;4;26;0;0;1.2693064669839385
2020;4;27;0;0;1.2701737778686082
2020;4;28;0;0;1.2709320644508308
2020;4;29;0;0;1.2768916300210313
2020;4;30;0;0;1.2800549959301246
2020;5;1;0;0;1.2778669218720364
2020;5;2;0;0;1.2765130522042447
2020;5;3;0;0;1.2882958585483928
2020;5;4;0;0;1.2896141008661055
2020;5;5;0;0;1.2872935092026396
2020;5;6;0;0;1.285929792649015
2020;5;7;0;0;1.3037494757619392
2020;5;8;0;0;1.2975756729629788
2020;5;9;0;0;1.3116369989445844
2020;5;10;0;0;1.3006402135824717
2020;5;11;0;0;1.3022440107654976
2020;5;12;0;0;1.3204103961790645
2020;5;13;0;0;1.3094250415111357
2020;5;14;0;0;1.31454419211518
2020;5;15;0;0;1.3254505954640905
2020;5;16;0;0;1.3323833850405058
2020;5;17;0;0;1.322133967102852
2020;5;18;0;0;1.327782307117581
2020;5;19;0;0;1.3377757678069087
2020;5;20;0;0;1.3452707414759582
2020;5;21;0;0;1.3439357304609858
2020;5;22;0;0;1.3367407903901798
2020;5;23;0;0;1.3354148652756064
2020;5;24;0;0;1.3461445164488155
2020;5;25;0;0;1.3491671051615837
2020;5;26;0;0;1.3577651101986195
2020;5;27;0;0;1.3557190603596758
2020;5;28;0;0;1.3674985612260195
2020;5;29;0;0;1.3703980551549835
2020;5;30;0;0;1.3718028201622106
2020;5;31;0;0;1.359527805384481
2020;6;1;0;0;1.3852596865187463
2020;6;2;0;0;1.379304510454627
2020;6;3;0;0;1.3892529460289778
2020;6;4;0;0;1.3752770251022088
2020;6;5;0;0;1.3700166456381795
2020;6;6;0;0;1.3889640338602438
2020;6;7;0;0;1.3896775463867772
2020;6;8;0;0;1.3885721748167192
2020;6;9;0;0;1.387024768887035
2020;6;10;0;0;1.4032635330445675
2020;6;11;0;0;1.4131151712288057
2020;6;12;0;0;1.3967178331720995
2020;6;13;0;0;1.4112485414683755
2020;6;14;0;0;1.388275004022361
2020;6;15;0;0;1.4132305645502499
2020;6;16;0;0;1.4096807334175319
2020;6;17;0;0;1.409998056887074
2020;6;18;0;0;1.4044823489279687
2020;6;19;0;0;1.4151671575230853
2020;6;20;0;0;1.423084975185685
2020;6;21;0;0;1.4156321803850171
2020;6;22;0;0;1.434635077199175
2020;6;23;0;0;1.4290471021404294
2020;6;24;0;0;1.424705265155497
2020;6;25;0;0;1.4402733738285238
2020;6;26;0;0;1.4265737068314353
2020;6;27;0;0;1.4280783146129334
2020;6;28;0;0;1.4319367563130823
2020;6;29;0;0;1.4400964313225342
2020;6;30;0;0;1.4354278206356967
2020;7;1;0;0;1.4334439232719287
2020;7;2;0;0;1.43111096665672
2020;7;3;0;0;1.4508359927391814
2020;7;4;0;0;1.4405273364151594
2020;7;5;0;0;1.4393913232442568
2020;7;6;0;0;1.4476592407735154
2020;7;7;0;0;1.4425384279013915
2020;7;8;0;0;1.4444918996268603
2020;7;9;0;0;1.4486113301611898
2020;7;10;0;0;1.4420788700635205
2020;7;11;0;0;1.4328710222310632
2020;7;12;0;0;1.4465897461350812
2020;7;13;0;0;1.4582906508544147
2020;7;14;0;0;1.4493948930470522
2020;7;15;0;0;1.4360741121918001
2020;7;16;0;0;1.447079657225699
2020;7;17;0;0;1.4411678860626909
2020;7;18;0;0;1.4424269943272157
2020;7;19;0;0;1.4551626457948674
2020;7;20;0;0;1.4496342079636955
2020;7;21;0;0;1.435962781450267
2020;7;22;0;0;1.4617159842419238
2020;7;23;0;0;1.440837258142663
2020;7;24;0;0;1.4480619223434414
2020;7;25;0;0;1.433812638228405
2020;7;26;0;0;1.4413634980473247
2020;7;27;0;0;1.4405093836677378
2020;7;28;0;0;1.4348181696513733
2020;7;29;0;0;1.4354295773279548
2020;7;30;0;0;1.433634571042714
2020;7;31;0;0;1.4470778491325504
2020;8;1;0;0;1.4435113659214378
2020;8;2;0;0;1.4540456519020915
2020;8;3;0;0;1.4412476175504207
2020;8;4;0;0;1.4522602573293262
2020;8;5;0;0;1.46217629605725
2020;8;6;0;0;1.443505134742624
2020;8;7;0;0;1.4376321254503635
2020;8;8;0;0;1.443741333961185
2020;8;9;0;0;1.4393226519513194
2020;8;10;0;0;1.4346505464950987
2020;8;11;0;0;1.4400854469230289
2020;8;12;0;0;1.4284254364478073
2020;8;13;0;0;1.4293393624094741
2020;8;14;0;0;1.4431648328405622
2020;8;15;0;0;1.4441881124320028
2020;8;16;0;0;1.4174724090489264
2020;8;17;0;0;1.4429348593249918
2020;8;18;0;0;1.4185244087533977
2020;8;19;0;0;1.4453200279322758
2020;8;20;0;0;1.4119275044004211
2020;8;21;0;0;1.4410120750236186
2020;8;22;0;0;1.4387549240509987
2020;8;23;0;0;1.4260742572124518
2020;8;24;0;0;1.4198519338964857
2020;8;25;0;0;1.4308178609261053
2020;8;26;0;0;1.4147788673080048
2020;8;27;0;0;1.4219600608207297
2020;8;28;0;0;1.4133547749762676
2020;8;29;0;0;1.4136663236151923
2020;8;30;0;0;1.4084491181053487
2020;8;31;0;0;1.4139975138595295
2020;9;1;0;0;1.398032082105674
2020;9;2;0;0;1.4082780735016927
2020;9;3;0;0;1.4010835007569828
2020;9;4;0;0;1.389582087354268
2020;9;5;0;0;1.386216355495767
2020;9;6;0;0;1.4004457318333718
2020;9;7;0;0;1.384370596476166
2020;9;8;0;0;1.3891054290169207
2020;9;9;0;0;1.3870403115052528
2020;9;10;0;0;1.386075415201136
2020;9;11;0;0;1.3845637998124123
2020;9;12;0;0;1.3811421502664698
2020;9;13;0;0;1.3858095196030937
2020;9;14;0;0;1.365119930257047
2020;9;15;0;0;1.3836373378638842
2020;9;16;0;0;1.3771881549510085
2020;9;17;0;0;1.3656483478460315
2020;9;18;0;0;1.3637633824402147
2020;9;19;0;0;1.3657305281329652
2020;9;20;0;0;1.3661081511504105
2020;9;21;0;0;1.3568955630420583
2020;9;22;0;0;1.3567127209982084
2020;9;23;0;0;1.3476194262634749
2020;9;24;0;0;1.3464075721974766
2020;9;25;0;0;1.3367866814397322
2020;9;26;0;0;1.340000341881376
2020;9;27;0;0;1.3262752493733878
2020;9;28;0;0;1.3389444439690692
2020;9;29;0;0;1.3363716620212924
2020;9;30;0;0;1.3223495074781388
2020;10;1;0;0;1.326332842206422
2020;10;2;0;0;1.3086567619389209
2020;10;3;0;0;1.3190012651442988
2020;10;4;0;0;1.3033400447834895
2020;10;5;0;0;1.3218297978210782
2020;10;6;0;0;1.2980993249013024
2020;10;7;0;0;1.312906789923986
2020;10;8;0;0;1.3085327299369804
2020;10;9;0;0;1.3010963464324936
2020;10;10;0;0;1.2981298031155915
2020;10;11;0;0;1.2943482725435043
2020;10;12;0;0;1.2945260435180712
2020;10;13;0;0;1.2770991164553376
2020;10;14;0;0;1.280979018830668
2020;10;15;0;0;1.2687710707105977
2020;10;16;0;0;1.2765543890906663
2020;10;17;0;0;1.2633482201258683
2020;10;18;0;0;1.2679257894786171
2020;10;19;0;0;1.2640478641079393
2020;10;20;0;0;1.259155824504014
2020;10;21;0;0;1.256633523559437
2020;10;22;0;0;1.258042543309761
2020;10;23;0;0;1.2551742744834395
2020;10;24;0;0;1.2456888957224106
2020;10;25;0;0;1.244645859829167
2020;10;26;0;0;1.2478302856018562
2020;10;27;0;0;1.227950672876152
2020;10;28;0;0;1.2235755917380056
2020;10;29;0;0;1.2206226493803274
2020;10;30;0;0;1.2276738327661116
2020;10;31;0;0;1.2200339229813266
2020;11;1;0;0;1.2248616033596613
2020;11;2;0;0;1.2190297623117767
2020;11;3;0;0;1.2076774007612645
2020;11;4;0;0;1.215465254649948
2020;11;5;0;0;1.2104047177605959
2020;11;6;0;0;1.198238858214868
2020;11;7;0;0;1.194313557528431
2020;11;8;0;0;1.192976779762826
2020;11;9;0;0;1.182161516482391
2020;11;10;0;0;1.183159369561933
2020;11;11;0;0;1.1962864316620967
2020;11;12;0;0;1.1805397867202827
2020;11;13;0;0;1.1760663448723792
2020;11;14;0;0;1.1798673627012772
2020;11;15;0;0;1.1737050080169242
2020;11;16;0;0;1.1737069069800254
2020;11;17;0;0;1.1715783168377845
2020;11;18;0;0;1.1625259647331732
2020;11;19;0;0;1.1578952498861592
2020;11;20;0;0;1.1703815693023292
2020;11;21;0;0;1.1570316823062492
2020;11;22;0;0;1.1622996889093118
2020;11;23;0;0;1.1385590811372184
2020;11;24;0;0;1.1563989709609506
2020;11;25;0;0;1.139276083495017
2020;11;26;0;0;1.1316499862675231
2020;11;27;0;0;1.1332642970492304
2020;11;28;0;0;1.1372166334626397
2020;11;29;0;0;1.125934967085019
2020;11;30;0;0;1.1228352515425568
2020;12;1;0;0;1.1296396101214186
2020;12;2;0;0;1.114625036438177
2020;12;3;0;0;1.119791619032012
2020;12;4;0;0;1.114105355366521
2020;12;5;0;0;1.1057525503263996
2020;12;6;0;0;1.1185872649774515
2020;12;7;0;0;1.1173201735768137
2020;12;8;0;0;1.0970143486707782
2020;12;9;0;0;1.1121811305965883
2020;12;10;0;0;1.1031773781978245
2020;12;11;0;0;1.0977042228431986
2020;12;12;0;0;1.10571216752811
2020;12;13;0;0;1.0829325705080972
2020;12;14;0;0;1.103348700682666
2020;12;15;0;0;1.0908975216338024
2020;12;16;0;0;1.0929150307494246
2020;12;17;0;0;1.0836795239909667
2020;12;18;0;0;1.0891647986627098
2020;12;19;0;0;1.0800630818959847
2020;12;20;0;0;1.0813541003628515
2020;12;21;0;0;1.070328661213066
2020;12;22;0;0;1.0791296374578474
2020;12;23;0;0;1.063225476116851
2020;12;24;0;0;1.0866536873614372
2020;12;25;0;0;1.0828476155238416
2020;12;26;0;0;1.0538259746484941
2020;12;27;0;0;1.0660745158698086
2020;12;28;0;0;1.0647993111447742
2020;12;29;0;0;1.0728013189584384
2020;12;30;0;0;1.070992233429659
2020;12;31;0;0;1.0518614048006
2021;1;1;0;0;1.0650712892850278
2021;1;2;0;0;1.048991601945434
2021;1;3;0;0;1.0728001362973028
2021;1;4;0;0;1.0708167300881488
2021;1;5;0;0;1.0643831288623753
2021;1;6;0;0;1.068308598758753
2021;1;7;0;0;1.067792429351261
2021;1;8;0;0;1.0503254627040564
2021;1;9;0;0;1.0563094888261715
2021;1;10;0;0;1.0457845461784872
2021;1;11;0;0;1.0496545578174536
2021;1;12;0;0;1.0663479172286157
2021;1;13;0;0;1.0553818151837269
2021;1;14;0;0;1.053337348235261
2021;1;15;0;0;1.0396411559699186
2021;1;16;0;0;1.0494994262110964
2021;1;17;0;0;1.0456398294147207
2021;1;18;0;0;1.0394992125817482
2021;1;19;0;0;1.0596470437041827
2021;1;20;0;0;1.0625076544609855
2021;1;21;0;0;1.0587338654371186
2021;1;22;0;0;1.0417403334767958
2021;1;23;0;0;1.05451286328116
2021;1;24;0;0;1.0461410885651297
2021;1;25;0;0;1.0529161752704668
2021;1;26;0;0;1.0583740310753946
2021;1;27;0;0;1.048722898705191
2021;1;28;0;0;1.0502346945413603
2021;1;29;0;0;1.046325487031117
2021;1;30;0;0;1.065386042623188
2021;1;31;0;0;1.054136994173131
2021;2;1;0;0;1.0638254705330843
2021;2;2;0;0;1.0511176260812887
2021;2;3;0;0;1.047264870963894
2021;2;4;0;0;1.0479112083587294
2021;2;5;0;0;1.0619026254910622
2021;2;6;0;0;1.04553483566262
2021;2;7;0;0;1.0494737374932575
2021;2;8;0;0;1.0602999186016175
2021;2;9;0;0;1.0550579213837872
2021;2;10;0;0;1.061647021686445
2021;2;11;0;0;1.0491888728617633
2021;2;12;0;0;1.0637944389803837
2021;2;13;0;0;1.0700056865321994
2021;2;14;0;0;1.0738590585266756
2021;2;15;0;0;1.0595951193511082
2021;2;16;0;0;1.0609863184975046
2021;2;17;0;0;1.0668950430189583
2021;2;18;0;0;1.0660533492720772
2021;2;19;0;0;1.070379994011336
2021;2;20;0;0;1.07067507662279
2021;2;21;0;0;1.0855405865703547
2021;2;22;0;0;1.0807342520471235
2021;2;23;0;0;1.0727211693824268
2021;2;24;0;0;1.069852885066374
2021;2;25;0;0;1.0767564865820836
2021;2;26;0;0;1.0753613038133185
2021;2;27;0;0;1.071512839565086
2021;2;28;0;0;1.090517879776522
2021;3;1;0;0;1.0922779590574958
2021;3;2;0;0;1.0914959525024965
2021;3;3;0;0;1.0953217323195443
2021;3;4;0;0;1.0923575764549098
2021;3;5;0;0;1.1063493175776165
2021;3;6;0;0;1.1043944006286166
2021;3;7;0;0;1.110630224317977
2021;3;8;0;0;1.1080518919815545
2021;3;9;0;0;1.119467388010949
2021;3;10;0;0;1.1189913808739147
2021;3;11;0;0;1.1069512105240635
2021;3;12;0;0;1.1207777930288603
2021;3;13;0;0;1.112410559328371
2021;3;14;0;0;1.120121914856912
2021;3;15;0;0;1.1334413118302389
2021;3;16;0;0;1.1392574135081392
2021;3;17;0;0;1.1349822982207305
2021;3;18;0;0;1.1358953181852351
2021;3;19;0;0;1.1315709665909681
2021;3;20;0;0;1.1487286058025645
2021;3;21;0;0;1.135965775959189
2021;3;22;0;0;1.1479426450232058
2021;3;23;0;0;1.150050513701173
2021;3;24;0;0;1.1449692745729225
2021;3;25;0;0;1.1403791380984907
2021;3;26;0;0;1.1654950797467247
2021;3;27;0;0;1.1512550076729389
2021;3;28;0;0;1.158795461235857
2021;3;29;0;0;1.1644672673965486
2021;3;30;0;0;1.160058735712608
2021;3;31;0;0;1.1661530438175158
2021;4;1;0;0;1.1809416152105818
2021;4;2;0;0;1.1662745885408428
2021;4;3;0;0;1.1901119117845231
2021;4;4;0;0;1.195211642579135
2021;4;5;0;0;1.1851206710751758
2021;4;6;0;0;1.181575644730612
2021;4;7;0;0;1.1992671523165412
2021;4;8;0;0;1.1919270488759093
2021;4;9;0;0;1.1985540552330345
2021;4;10;0;0;1.2124585273520663
2021;4;11;0;0;1.219687137738351
2021;4;12;0;0;1.217272580481225
2021;4;13;0;0;1.2101598869591208
2021;4;14;0;0;1.2223660287522198
2021;4;15;0;0;1.2265994750376168
2021;4;16;0;0;1.2235373885333973
2021;4;17;0;0;1.2314510275284056
2021;4;18;0;0;1.2221169962228537
2021;4;19;0;0;1.2289454446091375
2021;4;20;0;0;1.2390732996871732
2021;4;21;0;0;1.2352966531458194
2021;4;22;0;0;1.2387180881625366
2021;4;23;0;0;1.2557888055361872
2021;4;24;0;0;1.262255682486701
2021;4;25;0;0;1.2573100115786804
2021;4;26;0;0;1.265922501809787
2021;4;27;0;0;1.2729179423447772
2021;4;28;0;0;1.2594962672847763
2021;4;29;0;0;1.2678529097359286
2021;4;30;0;0;1.2708806413447744
2021;5;1;0;0;1.2673256974697815
2021;5;2;0;0;1.2840921506251772
2021;5;3;0;0;1.281881637435859
2021;5;4;0;0;1.285329611446356
2021;5;5;0;0;1.284295440421413
2021;5;6;0;0;1.2888518254065107
2021;5;7;0;0;1.3063750125123805
2021;5;8;0;0;1.2898753113475938
2021;5;9;0;0;1.2969301409622633
2021;5;10;0;0;1.301238706291746
2021;5;11;0;0;1.3076941303239917
2021;5;12;0;0;1.3178984359352974
2021;5;13;0;0;1.3158270038548876
2021;5;14;0;0;1.3096091989016496
2021;5;15;0;0;1.3204717880355952
2021;5;16;0;0;1.332362393483241
2021;5;17;0;0;1.3284898208371636
2021;5;18;0;0;1.3327697436836845
2021;5;19;0;0;1.3402991400382536
2021;5;20;0;0;1.346569808986359
2021;5;21;0;0;1.3303776259700888
2021;5;22;0;0;1.346209382419976
2021;5;23;0;0;1.3521596315799724
2021;5;24;0;0;1.351203863052057
2021;5;25;0;0;1.3579368374145862
2021;5;26;0;0;1.3516537839021074
2021;5;27;0;0;1.3691007035421627
2021;5;28;0;0;1.3674143675202033
2021;5;29;0;0;1.3668569745582748
2021;5;30;0;0;1.3794472326432141
2021;5;31;0;0;1.3681905230569225
2021;6;1;0;0;1.3841461055888336
2021;6;2;0;0;1.3787074976650557
2021;6;3;0;0;1.381927234148482
2021;6;4;0;0;1.3814710121678782
2021;6;5;0;0;1.3813432446629583
2021;6;6;0;0;1.3850683816173799
2021;6;7;0;0;1.4009686094918588
2021;6;8;0;0;1.3988225174465596
2021;6;9;0;0;1.3912172224120867
2021;6;10;0;0;1.3901114352172994
2021;6;11;0;0;1.386911000764766
2021;6;12;0;0;1.3875872688217166
2021;6;13;0;0;1.411870508771389
2021;6;14;0;0;1.4045122120911235
2021;6;15;0;0;1.4050620020559819
2021;6;16;0;0;1.4099990465283474
2021;6;17;0;0;1.4065403325516077
2021;6;18;0;0;1.4160802538606134
2021;6;19;0;0;1.4155702270624615
2021;6;20;0;0;1.4242493820826685
2021;6;21;0;0;1.4321151903956415
2021;6;22;0;0;1.4240689818150454
2021;6;23;0;0;1.4171799775996234
2021;6;24;0;0;1.4351070683998604
2021;6;25;0;0;1.442560187110532
2021;6;26;0;0;1.436328657233021
2021;6;27;0;0;1.4462765400496322
2021;6;28;0;0;1.4454065144593222
2021;6;29;0;0;1.43707701550346
2021;6;30;0;0;1.4286467164527992
2021;7;1;0;0;1.4393184948982725
2021;7;2;0;0;1.444300966043502
2021;7;3;0;0;1.4310861532410264
2021;7;4;0;0;1.440237117968552
2021;7;5;0;0;1.456445391527315
2021;7;6;0;0;1.4465357696324774
2021;7;7;0;0;1.4432518412571402
2021;7;8;0;0;1.445314382110149
2021;7;9;0;0;1.4580817147090956
2021;7;10;0;0;1.4489975996073137
2021;7;11;0;0;1.433965351194799
2021;7;12;0;0;1.4421939227865577
2021;7;13;0;0;1.4490639742755411
2021;7;14;0;0;1.4492104673121091
2021;7;15;0;0;1.460696795611465
2021;7;16;0;0;1.4541606681961028
2021;7;17;0;0;1.4488471015261841
2021;7;18;0;0;1.4417561986240814
2021;7;19;0;0;1.4594927946352352
2021;7;20;0;0;1.4425964885904485
2021;7;21;0;0;1.4508325707716867
2021;7;22;0;0;1.4470795780599686
2021;7;23;0;0;1.4554515177574294
2021;7;24;0;0;1.463746726619363
2021;7;25;0;0;1.43129580076226
2021;7;26;0;0;1.445203109668818
2021;7;27;0;0;1.4495032094597515
2021;7;28;0;0;1.4326366897356915
2021;7;29;0;0;1.4575903444332965
2021;7;30;0;0;1.448206280987936
2021;7;31;0;0;1.4610923451338969
2021;8;1;0;0;1.4600534088132475
2021;8;2;0;0;1.45974573590091
2021;8;3;0;0;1.4471851552124941
2021;8;4;0;0;1.437703471857241
2021;8;5;0;0;1.44555361093432
2021;8;6;0;0;1.442131378854035
2021;8;7;0;0;1.4457666745590507
2021;8;8;0;0;1.4239124139687933
2021;8;9;0;0;1.451106868377329
2021;8;10;0;0;1.4485759870641113
2021;8;11;0;0;1.4331375249567448
2021;8;12;0;0;1.4415007833034488
2021;8;13;0;0;1.4462108945844763
2021;8;14;0;0;1.439475718132742
2021;8;15;0;0;1.4290354283513094
2021;8;16;0;0;1.4435287646586914
2021;8;17;0;0;1.4240230458984706
2021;8;18;0;0;1.4451683632421215
2021;8;19;0;0;1.431163578087815
2021;8;20;0;0;1.4271721823697012
2021;8;21;0;0;1.4257754543241936
2021;8;22;0;0;1.4140242557488685
2021;8;23;0;0;1.4390116490973894
2021;8;24;0;0;1.422009603546237
2021;8;25;0;0;1.4184028739017058
2021;8;26;0;0;1.4117260979265185
2021;8;27;0;0;1.414668503265609
2021;8;28;0;0;1.4152776519630517
2021;8;29;0;0;1.4151921978721662
2021;8;30;0;0;1.3996632891219196
2021;8;31;0;0;1.3991109845024983
2021;9;1;0;0;1.4059295438144586
2021;9;2;0;0;1.39835033513448
2021;9;3;0;0;1.4055515954212865
2021;9;4;0;0;1.4077672044680232
2021;9;5;0;0;1.3996368355788156
2021;9;6;0;0;1.3959965494155804
2021;9;7;0;0;1.4019473479480273
2021;9;8;0;0;1.3945995832970377
2021;9;9;0;0;1.3814280270013937
2021;9;10;0;0;1.3819196586242735
2021;9;11;0;0;1.3758904012848412
2021;9;12;0;0;1.3724947124027247
2021;9;13;0;0;1.3648927573395775
2021;9;14;0;0;1.3724661113273608
2021;9;15;0;0;1.3697705497768484
2021;9;16;0;0;1.3686956646775845
2021;9;17;0;0;1.3611707474858656
2021;9;18;0;0;1.3679797757825356
2021;9;19;0;0;1.3620927665708094
2021;9;20;0;0;1.3614217173603707
2021;9;21;0;0;1.3479458427289712
2021;9;22;0;0;1.3608857491063904
2021;9;23;0;0;1.3462773395398568
2021;9;24;0;0;1.3375576147837893
2021;9;25;0;0;1.3526420466865743
2021;9;26;0;0;1.337831685930712
2021;9;27;0;0;1.3382685014595628
2021;9;28;0;0;1.3361107681804847
2021;9;29;0;0;1.3359166781878202
2021;9;30;0;0;1.3208375965185395
2021;10;1;0;0;1.3185549922295978
2021;10;2;0;0;1.3149875309247767
2021;10;3;0;0;1.3102451161102289
2021;10;4;0;0;1.3217791171288065
2021;10;5;0;0;1.3065745863554237
2021;10;6;0;0;1.308886661234589
2021;10;7;0;0;1.3075265505112732
2021;10;8;0;0;1.306970577180616
2021;10;9;0;0;1.2965695325658697
2021;10;10;0;0;1.2939492477015544
2021;10;11;0;0;1.2984404743633722
2021;10;12;0;0;1.2901790015896113
2021;10;13;0;0;1.289482129442127
2021;10;14;0;0;1.2869023118401566
2021;10;15;0;0;1.2816979715171208
2021;10;16;0;0;1.266837454513912
2021;10;17;0;0;1.2715740678193592
2021;10;18;0;0;1.258026045222583
2021;10;19;0;0;1.2664730912493618
2021;10;20;0;0;1.2686998131631364
2021;10;21;0;0;1.2565226627229917
2021;10;22;0;0;1.251319092258477
2021;10;23;0;0;1.239941118881486
2021;10;24;0;0;1.2549266598221593
2021;10;25;0;0;1.2340726354584086
2021;10;26;0;0;1.2297320486199959
2021;10;27;0;0;1.2303453382951832
2021;10;28;0;0;1.2231616062231678
2021;10;29;0;0;1.227202419417449
2021;10;30;0;0;1.2265724626651453
2021;10;31;0;0;1.217983121139585
2021;11;1;0;0;1.2094493932355392
2021;11;2;0;0;1.205732449011196
2021;11;3;0;0;1.2093080363517767
2021;11;4;0;0;1.199563028893451
2021;11;5;0;0;1.2067369817990603
2021;11;6;0;0;1.1958924813629206
2021;11;7;0;0;1.1958747455164804
2021;11;8;0;0;1.194305596816282
2021;11;9;0;0;1.1922590026402133
2021;11;10;0;0;1.1813932001054246
2021;11;11;0;0;1.177695559016017
2021;11;12;0;0;1.187183787390371
2021;11;13;0;0;1.1668959524191214
2021;11;14;0;0;1.1789913853958314
2021;11;15;0;0;1.1713973545585186
2021;11;16;0;0;1.168454929861353
2021;11;17;0;0;1.1607720332127343
2021;11;18;0;0;1.1712601401051352
2021;11;19;0;0;1.1653413371995591
2021;11;20;0;0;1.153433079332257
2021;11;21;0;0;1.148657605098547
2021;11;22;0;0;1.1462930676560592
2021;11;23;0;0;1.1445371321605369
2021;11;24;0;0;1.1511589096232417
2021;11;25;0;0;1.1319180134691886
2021;11;26;0;0;1.1354794820939371
2021;11;27;0;0;1.1417100791000454
2021;11;28;0;0;1.1200961451795088
2021;11;29;0;0;1.1236828629837683
2021;11;30;0;0;1.135297474180511
2021;12;1;0;0;1.1206574141772039
2021;12;2;0;0;1.1164495219965274
2021;12;3;0;0;1.1155388592503779
2021;12;4;0;0;1.1243730678211126
2021;12;5;0;0;1.0980394132349065
2021;12;6;0;0;1.099028694015702
2021;12;7;0;0;1.0998045978467474
2021;12;8;0;0;1.0973509607577974
2021;12;9;0;0;1.1019107856588548
2021;12;10;0;0;1.0908343437033092
2021;12;11;0;0;1.1059145517993807
2021;12;12;0;0;1.0992038371924568
2021;12;13;0;0;1.0974731078495195
2021;12;14;0;0;1.0866323764914632
2021;12;15;0;0;1.0993597529277812
2021;12;16;0;0;1.0838416672714182
2021;12;17;0;0;1.0726003666502892
2021;12;18;0;0;1.0840322197867416
2021;12;19;0;0;1.0854715321891635
2021;12;20;0;0;1.0804337940674342
2021;12;21;0;0;1.0910570238463104
2021;12;22;0;0;1.076126182681405
2021;12;23;0;0;1.077135780941237
2021;12;24;0;0;1.084045035970034
2021;12;25;0;0;1.0676345209092977
2021;12;26;0;0;1.0791562287852268
2021;12;27;0;0;1.0616127062208742
2021;12;28;0;0;1.0772810484942723
2021;12;29;0;0;1.0719768877879643
2021;12;30;0;0;1.066709467413727
2021;12;31;0;0;1.0682672793226766
2022;1;1;0;0;1.0527529035303387
2022;1;2;0;0;1.0543385335553146
2022;1;3;0;0;1.0563798154244108
2022;1;4;0;0;1.0515408248371652
2022;1;5;0;0;1.0478745672539846
2022;1;6;0;0;1.0600858606597892
2022;1;7;0;0;1.0647064150813248
2022;1;8;0;0;1.0662347212613446
2022;1;9;0;0;1.0567381341675472
2022;1;10;0;0;1.0550158109907997
2022;1;11;0;0;1.0699361100228333
2022;1;12;0;0;1.06361624365433
2022;1;13;0;0;1.0433142525990564
2022;1;14;0;0;1.0542539673737557
2022;1;15;0;0;1.048397486906543
2022;1;16;0;0;1.0513885133137064
2022;1;17;0;0;1.0487701773196698
2022;1;18;0;0;1.0614188740101203
2022;1;19;0;0;1.0414926104838556
2022;1;20;0;0;1.049011912807941
2022;1;21;0;0;1.053838700310642
2022;1;22;0;0;1.0438317457202095
2022;1;23;0;0;1.052344676385786
2022;1;24;0;0;1.0644858597954223
2022;1;25;0;0;1.049802387223229
2022;1;26;0;0;1.0502045678021823
2022;1;27;0;0;1.0601424777277535
2022;1;28;0;0;1.0524336163787924
2022;1;29;0;0;1.0392737746986895
2022;1;30;0;0;1.0493191944879703
2022;1;31;0;0;1.0463126373183644
2022;2;1;0;0;1.0472841967092572
2022;2;2;0;0;1.0604004330042414
2022;2;3;0;0;1.048507782337429
2022;2;4;0;0;1.057326573826231
2022;2;5;0;0;1.0531111978248058
2022;2;6;0;0;1.069416097562728
2022;2;7;0;0;1.0613279214993554
2022;2;8;0;0;1.0635243360106228
2022;2;9;0;0;1.0565420506155874
2022;2;10;0;0;1.0676205004288906
2022;2;11;0;0;1.066405530345468
2022;2;12;0;0;1.0647173213587093
2022;2;13;0;0;1.0634271301638807
2022;2;14;0;0;1.065501963807585
2022;2;15;0;0;1.070772473721939
2022;2;16;0;0;1.0627377236083058
2022;2;17;0;0;1.07711762347568
2022;2;18;0;0;1.0618742884019243
2022;2;19;0;0;1.0768341964110533
2022;2;20;0;0;1.0792406421662515
2022;2;21;0;0;1.0821571989798664
2022;2;22;0;0;1.0744068130778828
2022;2;23;0;0;1.08810206622523
2022;2;24;0;0;1.0807175978955714
2022;2;25;0;0;1.0922854237539699
2022;2;26;0;0;1.0728073492076335
2022;2;27;0;0;1.0894398029104573
2022;2;28;0;0;1.08753615573378
2022;3;1;0;0;1.0784047105819812
2022;3;2;0;0;1.108083484175536
2022;3;3;0;0;1.0972013538323775
2022;3;4;0;0;1.0850852482788493
2022;3;5;0;0;1.1066948403393984
2022;3;6;0;0;1.1030619863407223
2022;3;7;0;0;1.1053517029322584
2022;3;8;0;0;1.0987828383448637
2022;3;9;0;0;1.1031579008531478
2022;3;10;0;0;1.1160432705608299
2022;3;11;0;0;1.124756916305732
2022;3;12;0;0;1.1179713069569477
2022;3;13;0;0;1.1194696781298066
2022;3;14;0;0;1.1128105882166175
2022;3;15;0;0;1.1339666652850076
2022;3;16;0;0;1.133987357622171
2022;3;17;0;0;1.1404045293554999
2022;3;18;0;0;1.12226512208735
2022;3;19;0;0;1.13481957372057
2022;3;20;0;0;1.1410410918396159
2022;3;21;0;0;1.1282830518575122
2022;3;22;0;0;1.1543872242841775
2022;3;23;0;0;1.1448948953763516
2022;3;24;0;0;1.1566798472627178
2022;3;25;0;0;1.1566416713471652
2022;3;26;0;0;1.1521648896275287
2022;3;27;0;0;1.1570780040721298
2022;3;28;0;0;1.1676105955757163
2022;3;29;0;0;1.169686471609606
2022;3;30;0;0;1.1673128595177917
2022;3;31;0;0;1.1705789897867553
2022;4;1;0;0;1.1821329878478921
2022;4;2;0;0;1.1797732658623703
2022;4;3;0;0;1.1730817123943749
2022;4;4;0;0;1.183188926040617
2022;4;5;0;0;1.1838213896799894
2022;4;6;0;0;1.185534591171438
2022;4;7;0;0;1.1873002260806116
2022;4;8;0;0;1.199488867003566
2022;4;9;0;0;1.19931514871747
2022;4;10;0;0;1.2129180540304367
2022;4;11;0;0;1.2008819013833123
2022;4;12;0;0;1.2047526241563118
2022;4;13;0;0;1.2213286126134277
2022;4;14;0;0;1.2252711453442862
2022;4;15;0;0;1.217625179246925
2022;4;16;0;0;1.2201326977758473
2022;4;17;0;0;1.2222078793289337
2022;4;18;0;0;1.2318451522825449
2022;4;19;0;0;1.2349805753209244
2022;4;20;0;0;1.2341064949700797
2022;4;21;0;0;1.2328035023475177
2022;4;22;0;0;1.2452329098801236
2022;4;23;0;0;1.258208621147475
2022;4;24;0;0;1.255534152982631
2022;4;25;0;0;1.2561183508956932
2022;4;26;0;0;1.2517347409217732
2022;4;27;0;0;1.2573733809528753
2022;4;28;0;0;1.2627719317655213
2022;4;29;0;0;1.2749544773130659
2022;4;30;0;0;1.2798088901590614
2022;5;1;0;0;1.28363059725189
2022;5;2;0;0;1.2901797360226346
2022;5;3;0;0;1.2914654853893281
2022;5;4;0;0;1.2949926429123724
2022;5;5;0;0;1.2800871024142189
2022;5;6;0;0;1.2859615521850074
2022;5;7;0;0;1.29250410286301
2022;5;8;0;0;1.301323509069172
2022;5;9;0;0;1.294242077964806
2022;5;10;0;0;1.3110488225570285
2022;5;11;0;0;1.3131053687180072
2022;5;12;0;0;1.3134049209122711
2022;5;13;0;0;1.3109280250895188
2022;5;14;0;0;1.3121815852706928
2022;5;15;0;0;1.3127191024732932
2022;5;16;0;0;1.3313785272194674
2022;5;17;0;0;1.3307700537219873
2022;5;18;0;0;1.3364062468484739
2022;5;19;0;0;1.3342816783425888
2022;5;20;0;0;1.3351398185286951
2022;5;21;0;0;1.3402479007754664
2022;5;22;0;0;1.3510033914817328
2022;5;23;0;0;1.3486959810182064
2022;5;24;0;0;1.3452079076396686
2022;5;25;0;0;1.3610951558388136
2022;5;26;0;0;1.3483750891778195
2022;5;27;0;0;1.3632352937732286
2022;5;28;0;0;1.3577513095390883
2022;5;29;0;0;1.3657846346841922
2022;5;30;0;0;1.369467362427573
2022;5;31;0;0;1.3657594794968682
2022;6;1;0;0;1.3752018140344415
2022;6;2;0;0;1.3726330006265706
2022;6;3;0;0;1.3776195325324865
2022;6;4;0;0;1.3875633098598188
2022;6;5;0;0;1.3969746277260655
2022;6;6;0;0;1.4007898186724534
2022;6;7;0;0;1.3796295414428972
2022;6;8;0;0;1.391502378390229
2022;6;9;0;0;1.3897196531292686
2022;6;10;0;0;1.3861637995716694
2022;6;11;0;0;1.3895536524291672
2022;6;12;0;0;1.4172089746012364
2022;6;13;0;0;1.4036219242110817
2022;6;14;0;0;1.4102748612565355
2022;6;15;0;0;1.413362520521743
2022;6;16;0;0;1.4067045538187783
2022;6;17;0;0;1.412021622702745
2022;6;18;0;0;1.4223138059639258
2022;6;19;0;0;1.4139814425100898
2022;6;20;0;0;1.4040586121639027
2022;6;21;0;0;1.4043797154254347
2022;6;22;0;0;1.4379398470797307
2022;6;23;0;0;1.4186075509867249
2022;6;24;0;0;1.4338552308190506
2022;6;25;0;0;1.4124223447435682
2022;6;26;0;0;1.4276964340807918
2022;6;27;0;0;1.4313864815630424
2022;6;28;0;0;1.426109902926612
2022;6;29;0;0;1.431636666470859
2022;6;30;0;0;1.4217696500136812
2022;7;1;0;0;1.4435739922454047
2022;7;2;0;0;1.4395604014019543
2022;7;3;0;0;1.4388376753661336
2022;7;4;0;0;1.4339463092103224
2022;7;5;0;0;1.4446770707545782
2022;7;6;0;0;1.4395031014543744
2022;7;7;0;0;1.4362972778885048
2022;7;8;0;0;1.4618647355633876
2022;7;9;0;0;1.4440717732494077
2022;7;10;0;0;1.4455715624438716
2022;7;11;0;0;1.4355832647223647
2022;7;12;0;0;1.4370138424259955
2022;7;13;0;0;1.4492417055153919
2022;7;14;0;0;1.4476978949919361
2022;7;15;0;0;1.4325475079270589
2022;7;16;0;0;1.4486395530901808
2022;7;17;0;0;1.449928272834404
2022;7;18;0;0;1.448667846019469
2022;7;19;0;0;1.4513967942949275
2022;7;20;0;0;1.459831741911541
2022;7;21;0;0;1.4433810619579124
2022;7;22;0;0;1.4556337191274735
2022;7;23;0;0;1.4558038017863861
2022;7;24;0;0;1.4542125419417866
2022;7;25;0;0;1.434260141476528
2022;7;26;0;0;1.4676803902130273
2022;7;27;0;0;1.4421187651820695
2022;7;28;0;0;1.431454984908164
2022;7;29;0;0;1.4481700082845852
2022;7;30;0;0;1.4338648189363743
2022;7;31;0;0;1.436205488915747
2022;8;1;0;0;1.4554105703935247
2022;8;2;0;0;1.437916997683232
2022;8;3;0;0;1.4612334996524052
2022;8;4;0;0;1.451061855007745
2022;8;5;0;0;1.4520111126606676
2022;8;6;0;0;1.4479596924332516
2022;8;7;0;0;1.4511617463722066
2022;8;8;0;0;1.4544476059058957
2022;8;9;0;0;1.4384233655723189
2022;8;10;0;0;1.4435796849345428
2022;8;11;0;0;1.4371885303480998
2022;8;12;0;0;1.4330381387974316
2022;8;13;0;0;1.4352209510622562
2022;8;14;0;0;1.445518051092748
2022;8;15;0;0;1.417022848220804
2022;8;16;0;0;1.4407476705637428
2022;8;17;0;0;1.4360626996001538
2022;8;18;0;0;1.4277296806002957
2022;8;19;0;0;1.4323869269785283
2022;8;20;0;0;1.424047769297752
2022;8;21;0;0;1.4256600929851881
2022;8;22;0;0;1.4126856927882088
2022;8;23;0;0;1.4282352512048389
2022;8;24;0;0;1.4134191459765906
2022;8;25;0;0;1.4222654262676535
2022;8;26;0;0;1.413839263661851
2022;8;27;0;0;1.4143686195755598
2022;8;28;0;0;1.4154278360070551
2022;8;29;0;0;1.4053916416330878
2022;8;30;0;0;1.4103611158043452
2022;8;31;0;0;1.401401208447702
2022;9;1;0;0;1.412507006502439
2022;9;2;0;0;1.4077618631474498
2022;9;3;0;0;1.4057947681715761
2022;9;4;0;0;1.3977413185458143
2022;9;5;0;0;1.3895391453859456
2022;9;6;0;0;1.3833531661185736
2022;9;7;0;0;1.399019088977461
2022;9;8;0;0;1.396135543368631
2022;9;9;0;0;1.3948152360584625
2022;9;10;0;0;1.3800224616874908
2022;9;11;0;0;1.3774102399796193
2022;9;12;0;0;1.3765369530922649
2022;9;13;0;0;1.3859250237137781
2022;9;14;0;0;1.3786422982086395
2022;9;15;0;0;1.3712096280921853
2022;9;16;0;0;1.3668779574499608
2022;9;17;0;0;1.3638250764050404
2022;9;18;0;0;1.3612472812131788
2022;9;19;0;0;1.3481451554005994
2022;9;20;0;0;1.3542875050503744
2022;9;21;0;0;1.352670498244577
2022;9;22;0;0;1.3620026868640775
2022;9;23;0;0;1.3450649596012618
2022;9;24;0;0;1.3468800704600288
2022;9;25;0;0;1.34933366502856
2022;9;26;0;0;1.3444332461313027
2022;9;27;0;0;1.3361324854624346
2022;9;28;0;0;1.3271251365062362
2022;9;29;0;0;1.3284546150638556
2022;9;30;0;0;1.322430428069541
2022;10;1;0;0;1.33102690356896
2022;10;2;0;0;1.3172516059441324
2022;10;3;0;0;1.3199822355806021
2022;10;4;0;0;1.3063933056867425
2022;10;5;0;0;1.3068625825222953
2022;10;6;0;0;1.3166978836124739
2022;10;7;0;0;1.3054520868246466
2022;10;8;0;0;1.2983325783761344
2022;10;9;0;0;1.3057113677624292
2022;10;10;0;0;1.3003483368498066
2022;10;11;0;0;1.2857287493229508
2022;10;12;0;0;1.2877839772513284
2022;10;13;0;0;1.28212426716065
2022;10;14;0;0;1.2822934580823366
2022;10;15;0;0;1.273544894433139
2022;10;16;0;0;1.2679538451126398
2022;10;17;0;0;1.2787448748729915
2022;10;18;0;0;1.2744979330787976
2022;10;19;0;0;1.2704629444753799
2022;10;20;0;0;1.2693850636730386
2022;10;21;0;0;1.261294411507852
2022;10;22;0;0;1.2580504859074988
2022;10;23;0;0;1.254503768709922
2022;10;24;0;0;1.2453826618352979
2022;10;25;0;0;1.2417222180015273
2022;10;26;0;0;1.233352716921141
2022;10;27;0;0;1.2382397176517839
2022;10;28;0;0;1.2282456267529747
2022;10;29;0;0;1.222845327931354
2022;10;30;0;0;1.2278624112669283
2022;10;31;0;0;1.2197954008946754
