YYYY	MM	DD	hh	mm	TA	TA_min	TA_max
2003	1	1	0	0	5.0	-1.1	10.0
2003	1	2	0	0	10.1	7.3	11.4
2003	1	3	0	0	7.1	5.0	8.7
2003	1	4	0	0	2.5	-2.5	5.5
2003	1	5	0	0	-3.6	-9.3	-1.6
2003	1	6	0	0	-4.2	-10.7	-2.6
2003	1	7	0	0	-7.8	-13.6	-4.7
2003	1	8	0	0	-10.6	-15.8	-8.7
2003	1	9	0	0	-10.4	-14.9	-7.7
2003	1	10	0	0	-9.4	-14.6	-7.3
2003	1	11	0	0	-7.9	-13.2	-4.2
2003	1	12	0	0	-8.4	-14.9	-4.3
2003	1	13	0	0	-2.9	-9.8	-0.5
2003	1	14	0	0	1.1	-0.5	2.2
2003	1	15	0	0	1.7	0.8	2.0
2003	1	16	0	0	1.8	-1.0	2.3
2003	1	17	0	0	-1.0	-2.5	4.4
2003	1	18	0	0	0.6	-2.6	2.4
2003	1	19	0	0	2.5	-1.2	5.3
2003	1	20	0	0	5.2	3.0	8.6
2003	1	21	0	0	2.4	0.3	7.2
2003	1	22	0	0	4.8	1.6	8.2
2003	1	23	0	0	4.1	3.1	5.1
2003	1	24	0	0	1.7	-0.6	4.0
2003	1	25	0	0	-0.3	-2.8	0.9
2003	1	26	0	0	0.6	-0.8	1.4
2003	1	27	0	0	4.9	0.7	7.0
2003	1	28	0	0	5.3	0.8	7.7
2003	1	29	0	0	0.6	-0.3	1.2
2003	1	30	0	0	-0.8	-3.4	0.1
2003	1	31	0	0	-4.6	-5.9	-3.4
2003	2	1	0	0	-5.5	-8.2	-3.6
2003	2	2	0	0	-0.2	-6.3	1.9
2003	2	3	0	0	2.5	0.4	2.8
2003	2	4	0	0	-0.6	-3.0	1.5
2003	2	5	0	0	-1.2	-6.2	-0.1
2003	2	6	0	0	-1.8	-6.0	2.0
2003	2	7	0	0	-1.3	-6.8	0.9
2003	2	8	0	0	1.1	-0.6	1.6
2003	2	9	0	0	-0.1	-3.9	1.7
2003	2	10	0	0	-3.8	-5.6	-0.2
2003	2	11	0	0	-4.9	-5.9	-3.8
2003	2	12	0	0	-3.9	-6.6	-0.8
2003	2	13	0	0	-4.6	-9.1	-0.4
2003	2	14	0	0	-4.4	-9.4	0.0
2003	2	15	0	0	-4.8	-9.4	-1.5
2003	2	16	0	0	-3.0	-6.6	-0.3
2003	2	17	0	0	-4.1	-8.7	0.4
2003	2	18	0	0	-5.3	-10.1	0.1
2003	2	19	0	0	-2.9	-9.6	2.6
2003	2	20	0	0	-1.4	-8.4	3.8
2003	2	21	0	0	-1.0	-6.5	3.9
2003	2	22	0	0	-1.2	-5.8	4.2
2003	2	23	0	0	-0.3	-4.8	6.1
2003	2	24	0	0	-1.2	-6.5	6.8
2003	2	25	0	0	1.6	-4.6	8.6
2003	2	26	0	0	2.8	-2.7	11.0
2003	2	27	0	0	3.1	-2.4	10.5
2003	2	28	0	0	4.2	-0.5	12.3
2003	3	1	0	0	6.7	3.5	9.8
2003	3	2	0	0	5.4	3.3	12.0
2003	3	3	0	0	3.6	2.5	4.2
2003	3	4	0	0	3.9	-0.6	6.5
2003	3	5	0	0	7.6	2.3	14.0
2003	3	6	0	0	6.2	3.8	7.2
2003	3	7	0	0	4.9	2.2	9.6
2003	3	8	0	0	5.8	2.2	9.6
2003	3	9	0	0	8.2	5.0	12.3
2003	3	10	0	0	9.0	3.4	16.9
2003	3	11	0	0	13.3	7.3	18.1
2003	3	12	0	0	6.9	5.2	13.9
2003	3	13	0	0	4.1	-0.4	7.3
2003	3	14	0	0	1.0	-4.0	6.1
2003	3	15	0	0	0.9	-1.9	6.2
2003	3	16	0	0	2.5	-3.6	10.2
2003	3	17	0	0	3.6	-3.0	11.2
2003	3	18	0	0	3.1	-3.0	10.7
2003	3	19	0	0	5.1	-2.3	13.2
2003	3	20	0	0	3.0	-2.7	10.6
2003	3	21	0	0	3.0	-2.5	8.4
2003	3	22	0	0	3.4	-3.0	11.2
2003	3	23	0	0	6.5	-3.1	15.5
2003	3	24	0	0	8.9	0.6	17.3
2003	3	25	0	0	11.1	4.5	19.5
2003	3	26	0	0	11.0	7.1	16.6
2003	3	27	0	0	10.4	3.2	18.2
2003	3	28	0	0	12.6	4.3	20.3
2003	3	29	0	0	13.1	7.8	19.4
2003	3	30	0	0	12.7	8.1	18.5
2003	3	31	0	0	7.9	3.0	13.4
2003	4	1	0	0	12.5	2.1	16.1
2003	4	2	0	0	4.6	0.5	8.0
2003	4	3	0	0	3.5	-0.2	6.3
2003	4	4	0	0	3.3	-1.8	8.7
2003	4	5	0	0	6.1	3.1	10.4
2003	4	6	0	0	2.0	-4.1	5.8
2003	4	7	0	0	-1.0	-5.6	2.4
2003	4	8	0	0	0.2	-7.3	4.6
2003	4	9	0	0	1.4	-5.0	6.3
2003	4	10	0	0	1.5	-4.7	6.4
2003	4	11	0	0	2.3	-0.6	7.9
2003	4	12	0	0	6.9	0.4	13.0
2003	4	13	0	0	8.6	1.3	17.6
2003	4	14	0	0	12.3	4.2	19.5
2003	4	15	0	0	15.5	5.9	22.3
2003	4	16	0	0	15.2	7.3	21.6
2003	4	17	0	0	13.3	5.5	20.1
2003	4	18	0	0	8.8	3.0	15.9
2003	4	19	0	0	4.9	0.3	10.4
2003	4	20	0	0	11.5	-0.8	21.5
2003	4	21	0	0	13.7	5.6	21.1
2003	4	22	0	0	11.9	6.9	19.7
2003	4	23	0	0	11.9	3.4	20.3
2003	4	24	0	0	13.6	3.9	20.3
2003	4	25	0	0	16.4	7.1	22.7
2003	4	26	0	0	14.1	9.1	20.7
2003	4	27	0	0	11.1	7.2	14.2
2003	4	28	0	0	15.8	5.9	22.3
2003	4	29	0	0	14.7	9.5	18.8
2003	4	30	0	0	13.1	9.7	16.4
2003	5	1	0	0	13.0	7.5	17.5
2003	5	2	0	0	13.2	5.7	19.5
2003	5	3	0	0	12.0	5.1	16.4
2003	5	4	0	0	18.4	4.5	24.9
2003	5	5	0	0	20.7	11.3	31.1
2003	5	6	0	0	19.2	12.6	25.9
2003	5	7	0	0	16.9	10.3	23.1
2003	5	8	0	0	17.8	10.1	23.9
2003	5	9	0	0	15.0	11.5	19.6
2003	5	10	0	0	13.7	11.3	17.3
2003	5	11	0	0	14.7	8.0	20.8
2003	5	12	0	0	15.3	10.7	20.9
2003	5	13	0	0	9.8	5.1	12.9
2003	5	14	0	0	8.0	4.0	12.0
2003	5	15	0	0	8.0	3.6	13.4
2003	5	16	0	0	11.0	1.2	17.3
2003	5	17	0	0	11.8	8.0	16.8
2003	5	18	0	0	13.9	8.5	17.8
2003	5	19	0	0	14.0	11.4	15.8
2003	5	20	0	0	11.7	7.8	15.3
2003	5	21	0	0	10.1	7.7	15.0
2003	5	22	0	0	12.8	7.1	13.2
2003	5	23	0	0	16.6	11.9	22.2
2003	5	24	0	0	19.9	11.3	27.2
2003	5	25	0	0	13.6	11.0	16.5
2003	5	26	0	0	13.4	10.5	15.4
2003	5	27	0	0	16.8	12.5	20.5
2003	5	28	0	0	16.9	10.0	22.6
2003	5	29	0	0	18.3	12.3	24.9
2003	5	30	0	0	21.1	13.0	28.0
2003	5	31	0	0	18.3	13.2	26.2
2003	6	1	0	0	19.7	12.0	27.3
2003	6	2	0	0	21.4	14.4	28.9
2003	6	3	0	0	21.8	14.5	29.3
2003	6	4	0	0	23.5	15.8	30.7
2003	6	5	0	0	22.9	15.8	29.8
2003	6	6	0	0	21.2	15.5	27.1
2003	6	7	0	0	21.7	13.6	29.6
2003	6	8	0	0	21.3	16.8	29.2
2003	6	9	0	0	19.8	13.9	24.5
2003	6	10	0	0	23.3	13.1	30.9
2003	6	11	0	0	23.2	17.8	28.5
2003	6	12	0	0	24.9	16.1	33.6
2003	6	13	0	0	22.5	16.5	26.6
2003	6	14	0	0	20.8	15.5	29.2
2003	6	15	0	0	20.7	16.1	26.3
2003	6	16	0	0	20.1	13.5	25.6
2003	6	17	0	0	21.3	12.1	29.1
2003	6	18	0	0	18.1	15.9	21.0
2003	6	19	0	0	17.8	15.4	21.5
2003	6	20	0	0	19.3	12.5	24.9
2003	6	21	0	0	16.3	7.3	22.6
2003	6	22	0	0	21.8	9.6	29.8
2003	6	23	0	0	24.4	16.0	33.3
2003	6	24	0	0	21.8	12.7	27.3
2003	6	25	0	0	20.0	11.8	27.5
2003	6	26	0	0	21.4	11.2	29.3
2003	6	27	0	0	20.1	12.9	27.6
2003	6	28	0	0	21.0	15.7	26.8
2003	6	29	0	0	21.8	13.7	29.3
2003	6	30	0	0	23.9	15.4	34.1
2003	7	1	0	0	16.0	13.5	17.8
2003	7	2	0	0	16.2	12.1	20.1
2003	7	3	0	0	15.0	11.5	18.2
2003	7	4	0	0	14.1	11.5	18.8
2003	7	5	0	0	15.8	13.0	19.0
2003	7	6	0	0	17.2	12.0	22.0
2003	7	7	0	0	18.6	10.8	24.1
2003	7	8	0	0	19.4	11.7	24.9
2003	7	9	0	0	19.0	13.3	24.9
2003	7	10	0	0	19.2	12.0	25.8
2003	7	11	0	0	22.1	11.4	28.6
2003	7	12	0	0	19.6	12.2	24.8
2003	7	13	0	0	19.2	10.1	26.0
2003	7	14	0	0	20.7	12.1	28.2
2003	7	15	0	0	23.5	13.5	31.4
2003	7	16	0	0	24.0	17.9	34.6
2003	7	17	0	0	19.4	12.5	23.9
2003	7	18	0	0	20.0	10.5	26.7
2003	7	19	0	0	22.7	12.6	30.8
2003	7	20	0	0	26.9	17.2	34.5
2003	7	21	0	0	21.7	16.9	27.7
2003	7	22	0	0	22.8	16.3	30.0
2003	7	23	0	0	23.3	14.7	29.1
2003	7	24	0	0	21.0	15.3	26.7
2003	7	25	0	0	20.1	13.2	26.6
2003	7	26	0	0	20.5	17.1	25.3
2003	7	27	0	0	22.4	17.2	27.7
2003	7	28	0	0	18.0	12.0	22.8
2003	7	29	0	0	17.4	9.4	25.0
2003	7	30	0	0	19.1	11.5	27.0
2003	7	31	0	0	19.2	14.8	25.4
2003	8	1	0	0	22.3	12.2	30.6
2003	8	2	0	0	25.0	16.4	33.0
2003	8	3	0	0	26.8	16.8	34.7
2003	8	4	0	0	27.8	19.0	36.4
2003	8	5	0	0	28.2	19.8	35.7
2003	8	6	0	0	26.8	18.3	34.3
2003	8	7	0	0	26.2	16.0	35.2
2003	8	8	0	0	27.9	18.9	36.2
2003	8	9	0	0	27.7	19.5	36.5
2003	8	10	0	0	26.4	18.2	35.0
2003	8	11	0	0	25.2	15.7	34.5
2003	8	12	0	0	27.3	16.6	35.7
2003	8	13	0	0	28.7	19.1	37.1
2003	8	14	0	0	23.4	17.8	31.6
2003	8	15	0	0	19.5	12.7	25.9
2003	8	16	0	0	20.1	10.9	28.9
2003	8	17	0	0	23.5	16.0	31.6
2003	8	18	0	0	22.5	16.0	28.2
2003	8	19	0	0	20.4	16.2	26.5
2003	8	20	0	0	21.3	14.3	27.7
2003	8	21	0	0	21.1	11.7	29.0
2003	8	22	0	0	21.0	13.6	27.5
2003	8	23	0	0	19.7	10.7	28.2
2003	8	24	0	0	20.8	13.6	27.1
2003	8	25	0	0	19.3	9.7	27.2
2003	8	26	0	0	19.4	10.8	28.3
2003	8	27	0	0	16.6	10.5	23.4
2003	8	28	0	0	18.4	9.6	27.5
2003	8	29	0	0	18.4	12.3	26.1
2003	8	30	0	0	14.5	9.7	17.4
2003	8	31	0	0	13.6	8.9	18.2
2003	9	1	0	0	11.5	6.8	15.5
2003	9	2	0	0	11.3	5.9	17.3
2003	9	3	0	0	12.5	4.2	19.7
2003	9	4	0	0	14.8	5.6	23.1
2003	9	5	0	0	16.9	7.8	26.1
2003	9	6	0	0	17.0	13.1	23.3
2003	9	7	0	0	16.0	12.7	20.9
2003	9	8	0	0	14.2	9.8	19.1
2003	9	9	0	0	14.8	8.2	21.2
2003	9	10	0	0	13.5	9.5	18.3
2003	9	11	0	0	13.6	9.6	16.2
2003	9	12	0	0	12.7	8.9	16.2
2003	9	13	0	0	12.6	7.1	19.8
2003	9	14	0	0	13.5	6.2	21.7
2003	9	15	0	0	15.0	7.6	23.8
2003	9	16	0	0	15.4	7.6	23.7
2003	9	17	0	0	16.2	7.6	26.4
2003	9	18	0	0	17.0	11.7	27.4
2003	9	19	0	0	17.9	11.4	28.3
2003	9	20	0	0	19.0	10.6	30.4
2003	9	21	0	0	18.4	13.0	27.2
2003	9	22	0	0	19.8	11.6	27.3
2003	9	23	0	0	13.8	7.0	19.7
2003	9	24	0	0	9.5	3.8	16.6
2003	9	25	0	0	11.8	4.7	21.2
2003	9	26	0	0	14.1	5.7	23.5
2003	9	27	0	0	12.6	7.1	20.5
2003	9	28	0	0	13.8	11.3	17.3
2003	9	29	0	0	10.9	5.8	13.6
2003	9	30	0	0	10.2	3.4	18.2
2003	10	1	0	0	11.5	5.0	16.0
2003	10	2	0	0	15.5	11.6	21.6
2003	10	3	0	0	16.1	12.8	20.1
2003	10	4	0	0	12.1	8.5	15.0
2003	10	5	0	0	7.9	4.5	10.1
2003	10	6	0	0	7.7	3.6	10.7
2003	10	7	0	0	6.3	3.7	8.2
2003	10	8	0	0	6.3	4.4	9.1
2003	10	9	0	0	10.0	6.6	11.6
2003	10	10	0	0	12.1	11.1	13.3
2003	10	11	0	0	12.1	7.8	13.7
2003	10	12	0	0	9.1	4.7	14.7
2003	10	13	0	0	7.5	2.0	14.5
2003	10	14	0	0	6.5	1.5	12.8
2003	10	15	0	0	5.8	-0.6	12.5
2003	10	16	0	0	5.7	-0.1	12.1
2003	10	17	0	0	5.3	-0.1	12.4
2003	10	18	0	0	3.6	-2.1	11.4
2003	10	19	0	0	4.5	-2.2	11.8
2003	10	20	0	0	4.7	3.0	5.5
2003	10	21	0	0	2.5	0.1	3.5
2003	10	22	0	0	3.0	0.0	6.8
2003	10	23	0	0	1.5	-2.0	3.6
2003	10	24	0	0	-0.7	-5.2	3.7
2003	10	25	0	0	2.0	-0.3	4.8
2003	10	26	0	0	3.4	0.2	7.6
2003	10	27	0	0	2.4	-1.3	7.8
2003	10	28	0	0	2.2	-2.0	10.1
2003	10	29	0	0	7.3	2.6	12.9
2003	10	30	0	0	3.8	0.4	5.6
2003	10	31	0	0	7.1	1.5	11.2
2003	11	1	0	0	7.8	6.1	10.2
2003	11	2	0	0	8.5	5.4	10.7
2003	11	3	0	0	10.6	8.7	12.8
2003	11	4	0	0	8.5	3.0	12.4
2003	11	5	0	0	6.9	2.0	13.5
2003	11	6	0	0	5.3	-0.1	12.6
2003	11	7	0	0	5.1	0.1	10.5
2003	11	8	0	0	5.6	1.6	10.8
2003	11	9	0	0	5.8	0.5	14.3
2003	11	10	0	0	3.6	-0.3	7.3
2003	11	11	0	0	3.3	2.4	3.6
2003	11	12	0	0	1.7	0.4	2.7
2003	11	13	0	0	4.2	1.6	6.3
2003	11	14	0	0	4.8	2.5	7.5
2003	11	15	0	0	6.3	1.7	10.3
2003	11	16	0	0	5.9	2.4	8.7
2003	11	17	0	0	4.7	3.9	5.8
2003	11	18	0	0	6.0	3.4	8.4
2003	11	19	0	0	8.9	7.5	9.4
2003	11	20	0	0	6.7	3.2	10.9
2003	11	21	0	0	5.7	3.9	14.6
2003	11	22	0	0	6.6	4.3	12.8
2003	11	23	0	0	6.4	3.4	10.0
2003	11	24	0	0	7.9	4.4	13.9
2003	11	25	0	0	8.4	5.7	12.2
2003	11	26	0	0	7.0	4.0	12.1
2003	11	27	0	0	4.5	2.6	5.7
2003	11	28	0	0	5.3	4.1	6.0
2003	11	29	0	0	3.7	3.0	4.3
2003	11	30	0	0	4.3	1.4	6.0
2003	12	1	0	0	4.5	2.9	6.6
2003	12	2	0	0	5.4	1.2	11.5
2003	12	3	0	0	4.0	2.6	4.9
2003	12	4	0	0	4.0	3.4	4.4
2003	12	5	0	0	2.9	1.3	3.4
2003	12	6	0	0	0.9	-3.4	3.9
2003	12	7	0	0	-1.5	-4.1	2.3
2003	12	8	0	0	-2.1	-7.1	2.2
2003	12	9	0	0	-1.8	-5.0	4.0
2003	12	10	0	0	-1.0	-4.6	2.0
2003	12	11	0	0	-0.5	-5.3	4.5
2003	12	12	0	0	3.8	1.3	6.2
2003	12	13	0	0	7.9	2.7	10.4
2003	12	14	0	0	6.2	3.3	9.4
2003	12	15	0	0	1.1	-0.8	3.9
2003	12	16	0	0	1.1	-0.7	2.0
2003	12	17	0	0	1.4	-1.7	5.1
2003	12	18	0	0	-1.2	-3.1	2.4
2003	12	19	0	0	0.5	-4.0	4.5
2003	12	20	0	0	7.0	2.6	8.9
2003	12	21	0	0	5.6	2.3	9.2
2003	12	22	0	0	-0.3	-6.0	2.5
2003	12	23	0	0	-3.5	-8.9	-1.0
2003	12	24	0	0	-3.5	-7.6	0.5
2003	12	25	0	0	-1.9	-5.3	0.9
2003	12	26	0	0	2.2	0.1	4.8
2003	12	27	0	0	4.1	0.8	7.3
2003	12	28	0	0	5.0	2.4	8.7
2003	12	29	0	0	0.6	-3.0	2.8
2003	12	30	0	0	-1.4	-4.2	0.3
2003	12	31	0	0	-0.1	-4.2	1.0
2004	1	1	0	0	-1.1	-4.2	0.0
2004	1	2	0	0	-3.5	-8.7	-1.7
2004	1	3	0	0	-6.0	-10.1	-1.8
2004	1	4	0	0	-5.5	-10.1	-2.7
2004	1	5	0	0	-1.1	-2.7	0.0
2004	1	6	0	0	1.7	0.0	3.0
2004	1	7	0	0	2.9	0.9	3.4
2004	1	8	0	0	1.4	0.4	2.2
2004	1	9	0	0	4.3	1.5	5.9
2004	1	10	0	0	2.8	0.7	5.2
2004	1	11	0	0	6.9	2.7	10.0
2004	1	12	0	0	5.8	3.4	9.6
2004	1	13	0	0	6.1	4.5	9.6
2004	1	14	0	0	4.6	2.6	6.2
2004	1	15	0	0	2.2	0.2	3.6
2004	1	16	0	0	3.7	1.5	5.0
2004	1	17	0	0	3.0	-0.8	4.3
2004	1	18	0	0	-0.8	-4.9	1.8
2004	1	19	0	0	-1.9	-5.1	0.3
2004	1	20	0	0	0.7	-2.5	3.0
2004	1	21	0	0	-1.9	-6.0	-0.5
2004	1	22	0	0	-3.7	-6.8	-0.1
2004	1	23	0	0	-4.0	-6.8	-0.2
2004	1	24	0	0	-3.8	-8.2	0.6
2004	1	25	0	0	0.0	-2.3	0.7
2004	1	26	0	0	-1.2	-6.7	0.4
2004	1	27	0	0	-2.2	-3.7	-1.2
2004	1	28	0	0	-2.1	-3.7	-1.2
2004	1	29	0	0	-1.5	-2.5	-1.0
2004	1	30	0	0	-1.3	-5.6	0.9
2004	1	31	0	0	5.6	-1.8	9.1
2004	2	1	0	0	8.6	7.3	9.5
2004	2	2	0	0	9.5	7.5	10.6
2004	2	3	0	0	9.7	5.0	12.1
2004	2	4	0	0	9.6	5.3	13.9
2004	2	5	0	0	10.8	6.7	13.8
2004	2	6	0	0	12.2	8.3	15.4
2004	2	7	0	0	8.0	3.8	13.9
2004	2	8	0	0	2.6	-0.2	4.8
2004	2	9	0	0	0.7	-1.1	1.6
2004	2	10	0	0	1.3	-2.0	3.4
2004	2	11	0	0	0.5	-0.6	1.4
2004	2	12	0	0	-0.9	-5.1	1.8
2004	2	13	0	0	1.3	-0.3	2.5
2004	2	14	0	0	4.5	2.2	5.5
2004	2	15	0	0	3.7	0.7	5.0
2004	2	16	0	0	2.4	-1.5	8.5
2004	2	17	0	0	1.2	-4.0	6.8
2004	2	18	0	0	0.7	-3.3	2.0
2004	2	19	0	0	-0.4	-3.9	2.2
2004	2	20	0	0	0.6	-3.5	5.5
2004	2	21	0	0	0.8	-2.9	3.9
2004	2	22	0	0	1.0	-1.0	2.4
2004	2	23	0	0	-0.8	-3.4	1.5
2004	2	24	0	0	-1.9	-5.3	1.2
2004	2	25	0	0	-1.5	-2.8	-0.9
2004	2	26	0	0	-2.1	-7.0	0.4
2004	2	27	0	0	-2.6	-6.3	1.3
2004	2	28	0	0	-1.9	-6.6	3.1
2004	2	29	0	0	-1.3	-5.5	3.4
2004	3	1	0	0	-2.4	-5.5	1.7
2004	3	2	0	0	0.2	-3.1	-0.1
2004	3	3	0	0	0.4	-3.1	3.9
2004	3	4	0	0	0.3	-5.2	5.8
2004	3	5	0	0	-0.1	-4.1	4.6
2004	3	6	0	0	-0.1	-3.6	1.2
2004	3	7	0	0	1.2	-0.7	4.7
2004	3	8	0	0	0.2	-3.8	3.3
2004	3	9	0	0	-1.2	-4.7	2.9
2004	3	10	0	0	-1.2	-3.8	1.1
2004	3	11	0	0	-0.4	-3.3	1.5
2004	3	12	0	0	4.0	-3.5	8.2
2004	3	13	0	0	7.2	4.7	10.9
2004	3	14	0	0	7.2	3.4	11.9
2004	3	15	0	0	9.0	3.4	15.1
2004	3	16	0	0	8.4	4.4	16.7
2004	3	17	0	0	12.7	3.6	21.3
2004	3	18	0	0	13.8	5.5	21.7
2004	3	19	0	0	12.5	9.3	14.3
2004	3	20	0	0	11.8	8.7	13.1
2004	3	21	0	0	8.7	5.1	12.4
2004	3	22	0	0	5.6	0.4	9.8
2004	3	23	0	0	3.3	-1.0	6.9
2004	3	24	0	0	3.8	2.3	5.5
2004	3	25	0	0	2.0	-0.4	3.3
2004	3	26	0	0	0.5	-3.7	5.5
2004	3	27	0	0	0.0	-4.9	4.8
2004	3	28	0	0	2.1	-3.8	9.0
2004	3	29	0	0	5.5	-1.0	12.8
2004	3	30	0	0	8.6	0.2	16.2
2004	3	31	0	0	8.6	-0.1	15.6
2004	4	1	0	0	10.3	1.2	18.4
2004	4	2	0	0	12.2	3.8	19.2
2004	4	3	0	0	10.8	5.1	14.5
2004	4	4	0	0	7.9	5.0	11.6
2004	4	5	0	0	6.8	2.0	8.9
2004	4	6	0	0	4.3	1.6	7.3
2004	4	7	0	0	3.8	2.1	7.1
2004	4	8	0	0	3.7	-0.8	7.3
2004	4	9	0	0	3.7	-2.4	9.1
2004	4	10	0	0	5.6	0.8	11.0
2004	4	11	0	0	5.3	0.0	9.3
2004	4	12	0	0	6.5	-1.0	13.0
2004	4	13	0	0	7.0	2.4	11.4
2004	4	14	0	0	8.4	2.2	14.1
2004	4	15	0	0	9.5	3.1	15.9
2004	4	16	0	0	12.0	3.5	19.5
2004	4	17	0	0	14.0	3.4	19.5
2004	4	18	0	0	11.9	8.5	17.2
2004	4	19	0	0	7.8	3.6	11.2
2004	4	20	0	0	9.9	1.8	15.5
2004	4	21	0	0	14.1	6.8	19.9
2004	4	22	0	0	16.3	8.4	23.7
2004	4	23	0	0	11.4	5.4	15.6
2004	4	24	0	0	9.0	3.1	15.5
2004	4	25	0	0	8.8	1.8	14.7
2004	4	26	0	0	11.1	1.4	18.9
2004	4	27	0	0	13.2	5.6	20.7
2004	4	28	0	0	13.8	7.5	21.5
2004	4	29	0	0	14.7	7.3	21.1
2004	4	30	0	0	17.5	9.0	24.4
2004	5	1	0	0	11.9	7.6	14.4
2004	5	2	0	0	12.6	6.8	18.1
2004	5	3	0	0	13.0	5.9	19.2
2004	5	4	0	0	13.9	8.0	19.7
2004	5	5	0	0	8.5	6.2	11.3
2004	5	6	0	0	7.3	6.2	8.8
2004	5	7	0	0	7.4	5.8	8.1
2004	5	8	0	0	7.5	5.6	10.2
2004	5	9	0	0	7.1	5.5	9.4
2004	5	10	0	0	9.0	4.9	13.4
2004	5	11	0	0	11.4	2.7	19.0
2004	5	12	0	0	10.6	4.8	17.2
2004	5	13	0	0	9.2	5.0	12.1
2004	5	14	0	0	11.4	3.6	16.6
2004	5	15	0	0	13.7	3.6	17.4
2004	5	16	0	0	14.1	6.0	19.1
2004	5	17	0	0	14.2	4.4	21.3
2004	5	18	0	0	16.6	9.3	23.6
2004	5	19	0	0	17.3	8.5	22.7
2004	5	20	0	0	17.2	8.1	24.1
2004	5	21	0	0	13.4	7.0	19.8
2004	5	22	0	0	8.3	2.0	12.7
2004	5	23	0	0	7.5	0.8	13.2
2004	5	24	0	0	9.7	-0.1	16.7
2004	5	25	0	0	11.4	2.3	18.1
2004	5	26	0	0	12.6	4.7	19.1
2004	5	27	0	0	11.6	3.3	16.8
2004	5	28	0	0	11.4	3.8	18.7
2004	5	29	0	0	13.9	3.8	21.5
2004	5	30	0	0	16.6	5.4	23.1
2004	5	31	0	0	14.9	8.0	19.7
2004	6	1	0	0	12.9	7.2	20.9
2004	6	2	0	0	12.6	8.5	18.4
2004	6	3	0	0	14.1	8.2	19.1
2004	6	4	0	0	12.7	6.1	18.7
2004	6	5	0	0	12.1	10.0	13.9
2004	6	6	0	0	14.5	8.6	19.8
2004	6	7	0	0	17.6	7.3	25.1
2004	6	8	0	0	20.9	12.9	28.7
2004	6	9	0	0	23.1	15.1	29.9
2004	6	10	0	0	21.3	16.3	29.5
2004	6	11	0	0	18.3	14.1	21.6
2004	6	12	0	0	14.5	8.5	19.7
2004	6	13	0	0	12.2	8.1	18.0
2004	6	14	0	0	15.7	9.0	22.3
2004	6	15	0	0	17.6	8.4	24.5
2004	6	16	0	0	15.0	7.6	17.8
2004	6	17	0	0	16.5	6.6	23.3
2004	6	18	0	0	14.4	8.9	17.7
2004	6	19	0	0	11.2	6.0	14.3
2004	6	20	0	0	11.6	5.7	17.4
2004	6	21	0	0	13.2	9.2	19.9
2004	6	22	0	0	15.5	10.0	20.0
2004	6	23	0	0	18.5	12.5	24.5
2004	6	24	0	0	16.2	12.7	19.9
2004	6	25	0	0	15.2	10.4	20.4
2004	6	26	0	0	16.0	5.8	23.1
2004	6	27	0	0	20.9	13.5	27.9
2004	6	28	0	0	19.0	10.6	23.7
2004	6	29	0	0	16.4	9.2	22.2
2004	6	30	0	0	18.4	8.4	25.0
2004	7	1	0	0	17.3	13.5	19.7
2004	7	2	0	0	13.5	9.5	18.7
2004	7	3	0	0	13.5	9.5	18.4
2004	7	4	0	0	17.3	9.8	22.9
2004	7	5	0	0	17.4	11.0	24.2
2004	7	6	0	0	17.4	12.3	23.8
2004	7	7	0	0	19.1	12.8	24.1
2004	7	8	0	0	16.6	14.4	22.5
2004	7	9	0	0	14.3	7.5	18.9
2004	7	10	0	0	12.9	8.1	18.3
2004	7	11	0	0	12.5	9.6	18.0
2004	7	12	0	0	12.4	9.5	16.9
2004	7	13	0	0	13.1	10.5	17.8
2004	7	14	0	0	15.8	10.4	19.9
2004	7	15	0	0	16.7	13.5	19.6
2004	7	16	0	0	19.9	14.2	25.2
2004	7	17	0	0	21.9	13.6	28.9
2004	7	18	0	0	21.6	14.7	29.7
2004	7	19	0	0	21.2	16.8	26.5
2004	7	20	0	0	20.4	14.8	25.6
2004	7	21	0	0	22.4	15.1	28.3
2004	7	22	0	0	22.5	17.5	28.0
2004	7	23	0	0	23.8	17.3	30.5
2004	7	24	0	0	19.1	13.1	24.3
2004	7	25	0	0	18.6	11.5	24.6
2004	7	26	0	0	14.4	11.6	18.7
2004	7	27	0	0	15.5	9.6	20.7
2004	7	28	0	0	17.1	8.4	24.3
2004	7	29	0	0	19.2	10.8	25.8
2004	7	30	0	0	21.4	11.7	29.0
2004	7	31	0	0	22.2	13.1	30.1
2004	8	1	0	0	21.9	15.1	28.4
2004	8	2	0	0	21.7	13.8	28.5
2004	8	3	0	0	21.7	11.8	29.6
2004	8	4	0	0	23.3	14.3	31.5
2004	8	5	0	0	23.6	15.4	31.7
2004	8	6	0	0	22.9	15.1	30.4
2004	8	7	0	0	20.4	15.9	28.5
2004	8	8	0	0	22.8	13.5	29.6
2004	8	9	0	0	23.4	16.0	31.1
2004	8	10	0	0	23.2	16.0	31.0
2004	8	11	0	0	21.3	16.4	26.7
2004	8	12	0	0	20.4	13.6	30.1
2004	8	13	0	0	16.5	13.4	20.6
2004	8	14	0	0	15.0	13.6	15.6
2004	8	15	0	0	18.1	13.5	23.1
2004	8	16	0	0	18.8	12.9	25.4
2004	8	17	0	0	18.1	14.7	20.2
2004	8	18	0	0	22.1	15.7	28.5
2004	8	19	0	0	19.1	15.9	23.2
2004	8	20	0	0	17.4	11.5	22.6
2004	8	21	0	0	14.0	9.8	17.7
2004	8	22	0	0	14.1	8.7	19.4
2004	8	23	0	0	17.4	9.1	24.7
2004	8	24	0	0	16.9	14.3	18.8
2004	8	25	0	0	14.7	12.7	19.0
2004	8	26	0	0	13.9	11.9	17.7
2004	8	27	0	0	15.5	10.2	20.5
2004	8	28	0	0	17.2	15.0	20.0
2004	8	29	0	0	17.6	15.1	21.9
2004	8	30	0	0	14.8	10.9	17.0
2004	8	31	0	0	13.0	8.6	18.3
2004	9	1	0	0	13.6	6.2	20.8
2004	9	2	0	0	17.9	7.0	24.4
2004	9	3	0	0	19.0	13.0	26.6
2004	9	4	0	0	19.9	12.5	26.7
2004	9	5	0	0	20.0	12.3	26.9
2004	9	6	0	0	19.0	11.0	25.4
2004	9	7	0	0	18.7	11.2	26.0
2004	9	8	0	0	17.0	10.4	24.4
2004	9	9	0	0	16.4	7.3	23.3
2004	9	10	0	0	17.7	8.2	27.4
2004	9	11	0	0	19.4	15.8	23.7
2004	9	12	0	0	15.6	9.1	19.4
2004	9	13	0	0	14.6	8.9	20.7
2004	9	14	0	0	16.3	13.0	19.6
2004	9	15	0	0	13.4	6.3	18.9
2004	9	16	0	0	10.6	3.7	17.6
2004	9	17	0	0	13.5	4.7	20.6
2004	9	18	0	0	14.3	6.4	23.1
2004	9	19	0	0	13.1	8.5	15.9
2004	9	20	0	0	14.1	9.8	17.8
2004	9	21	0	0	13.8	10.5	16.8
2004	9	22	0	0	10.9	9.6	12.6
2004	9	23	0	0	12.0	7.9	14.6
2004	9	24	0	0	9.3	7.0	12.7
2004	9	25	0	0	9.3	7.2	12.8
2004	9	26	0	0	8.7	6.8	10.1
2004	9	27	0	0	11.3	8.9	13.0
2004	9	28	0	0	13.8	11.8	16.7
2004	9	29	0	0	13.2	11.3	15.9
2004	9	30	0	0	12.5	8.4	15.5
2004	10	1	0	0	12.1	9.6	14.3
2004	10	2	0	0	12.6	9.7	16.5
2004	10	3	0	0	12.5	8.1	17.3
2004	10	4	0	0	15.7	8.9	22.8
2004	10	5	0	0	18.9	12.7	25.8
2004	10	6	0	0	14.7	10.5	18.8
2004	10	7	0	0	11.5	8.9	15.9
2004	10	8	0	0	9.5	7.9	10.5
2004	10	9	0	0	9.3	7.6	11.7
2004	10	10	0	0	8.5	3.9	13.4
2004	10	11	0	0	7.1	2.0	12.2
2004	10	12	0	0	4.3	1.0	10.5
2004	10	13	0	0	6.2	1.6	11.6
2004	10	14	0	0	8.4	3.8	14.8
2004	10	15	0	0	8.7	6.1	13.1
2004	10	16	0	0	6.7	3.3	10.2
2004	10	17	0	0	6.5	3.1	9.1
2004	10	18	0	0	7.6	3.7	11.3
2004	10	19	0	0	8.6	2.2	11.7
2004	10	20	0	0	13.5	7.9	15.7
2004	10	21	0	0	13.5	6.5	17.8
2004	10	22	0	0	11.5	6.0	18.6
2004	10	23	0	0	14.1	9.8	19.4
2004	10	24	0	0	15.6	11.3	22.4
2004	10	25	0	0	13.8	9.8	17.8
2004	10	26	0	0	9.7	8.4	10.9
2004	10	27	0	0	9.6	7.2	12.1
2004	10	28	0	0	11.2	9.0	14.4
2004	10	29	0	0	10.7	6.6	15.1
2004	10	30	0	0	10.1	6.2	13.7
2004	10	31	0	0	8.6	4.3	12.2
2004	11	1	0	0	9.4	7.3	10.3
2004	11	2	0	0	10.3	8.5	11.4
2004	11	3	0	0	11.1	10.2	12.7
2004	11	4	0	0	10.3	8.3	11.2
2004	11	5	0	0	8.7	4.0	11.2
2004	11	6	0	0	5.5	1.6	6.5
2004	11	7	0	0	4.6	2.2	7.1
2004	11	8	0	0	2.9	-0.8	7.2
2004	11	9	0	0	0.1	-1.0	1.1
2004	11	10	0	0	0.2	-1.9	1.3
2004	11	11	0	0	1.3	0.0	2.0
2004	11	12	0	0	2.3	1.5	3.1
2004	11	13	0	0	2.6	-1.0	5.4
2004	11	14	0	0	0.5	-3.5	4.4
2004	11	15	0	0	-1.3	-4.5	3.5
2004	11	16	0	0	1.7	-0.9	3.9
2004	11	17	0	0	6.4	3.8	8.1
2004	11	18	0	0	7.3	6.0	7.8
2004	11	19	0	0	2.6	0.0	7.1
2004	11	20	0	0	0.2	-1.3	2.6
2004	11	21	0	0	0.4	-2.2	3.2
2004	11	22	0	0	6.7	0.9	8.6
2004	11	23	0	0	6.9	-1.3	8.8
2004	11	24	0	0	-0.6	-3.7	4.6
2004	11	25	0	0	-0.4	-3.8	5.4
2004	11	26	0	0	1.9	-3.3	4.8
2004	11	27	0	0	5.8	3.4	6.9
2004	11	28	0	0	5.0	2.9	6.4
2004	11	29	0	0	4.1	1.0	6.2
2004	11	30	0	0	2.9	-0.6	6.0
2004	12	1	0	0	3.2	-0.1	6.4
2004	12	2	0	0	3.4	0.7	6.3
2004	12	3	0	0	4.4	2.6	4.8
2004	12	4	0	0	2.8	0.5	3.1
2004	12	5	0	0	1.5	0.4	1.6
2004	12	6	0	0	2.4	0.2	4.5
2004	12	7	0	0	0.4	-0.5	1.2
2004	12	8	0	0	0.5	-0.6	1.7
2004	12	9	0	0	0.2	-3.7	4.2
2004	12	10	0	0	-2.6	-5.6	2.1
2004	12	11	0	0	-3.0	-4.2	-2.1
2004	12	12	0	0	-3.2	-3.8	-2.5
2004	12	13	0	0	-3.2	-4.4	-2.3
2004	12	14	0	0	-4.0	-6.1	-3.1
2004	12	15	0	0	-3.1	-7.1	2.6
2004	12	16	0	0	0.3	-5.8	6.0
2004	12	17	0	0	4.6	1.6	5.7
2004	12	18	0	0	1.4	0.0	2.9
2004	12	19	0	0	-0.4	-7.6	1.4
2004	12	20	0	0	-4.3	-12.3	-1.9
2004	12	21	0	0	-4.5	-12.2	-2.3
2004	12	22	0	0	-3.6	-5.7	-0.6
2004	12	23	0	0	3.1	-0.6	5.6
2004	12	24	0	0	6.5	5.5	7.6
2004	12	25	0	0	4.9	2.0	7.5
2004	12	26	0	0	1.8	0.9	2.2
2004	12	27	0	0	0.8	-0.8	1.5
2004	12	28	0	0	-0.1	-1.1	1.1
2004	12	29	0	0	0.8	-0.3	1.3
2004	12	30	0	0	0.5	-1.6	2.1
2004	12	31	0	0	2.3	0.5	4.5
2005	1	1	0	0	5.5	4.2	7.3
2005	1	2	0	0	4.4	0.7	8.3
2005	1	3	0	0	2.7	1.0	3.3
2005	1	4	0	0	4.2	2.5	6.1
2005	1	5	0	0	3.6	1.3	6.4
2005	1	6	0	0	6.1	4.6	7.1
2005	1	7	0	0	6.9	2.6	7.7
2005	1	8	0	0	7.1	1.3	12.6
2005	1	9	0	0	6.2	2.4	8.6
2005	1	10	0	0	6.9	3.4	12.1
2005	1	11	0	0	5.6	2.8	7.3
2005	1	12	0	0	6.8	4.8	8.0
2005	1	13	0	0	3.2	0.4	5.0
2005	1	14	0	0	0.3	-2.9	2.8
2005	1	15	0	0	-0.9	-4.2	3.5
2005	1	16	0	0	-2.1	-4.8	3.3
2005	1	17	0	0	-1.1	-3.3	5.0
2005	1	18	0	0	4.2	0.0	6.8
2005	1	19	0	0	1.4	-0.5	3.5
2005	1	20	0	0	5.4	1.3	7.9
2005	1	21	0	0	4.1	1.8	7.9
2005	1	22	0	0	1.4	-1.1	2.7
2005	1	23	0	0	-0.1	-2.4	2.4
2005	1	24	0	0	-2.1	-4.4	-1.1
2005	1	25	0	0	-3.7	-5.3	-1.8
2005	1	26	0	0	-5.0	-7.2	-2.6
2005	1	27	0	0	-5.4	-6.9	-2.7
2005	1	28	0	0	-6.5	-11.1	-4.4
2005	1	29	0	0	-8.7	-10.9	-4.1
2005	1	30	0	0	-6.0	-12.9	-4.2
2005	1	31	0	0	-1.7	-4.5	0.4
2005	2	1	0	0	0.6	-4.2	2.4
2005	2	2	0	0	0.8	-1.0	1.8
2005	2	3	0	0	1.9	0.7	2.7
2005	2	4	0	0	0.3	-3.5	3.7
2005	2	5	0	0	-1.8	-5.2	1.2
2005	2	6	0	0	-4.9	-8.4	-3.3
2005	2	7	0	0	-3.1	-7.5	1.5
2005	2	8	0	0	-0.8	-4.4	3.8
2005	2	9	0	0	1.6	-3.9	7.9
2005	2	10	0	0	3.6	-0.3	6.5
2005	2	11	0	0	4.8	4.3	5.4
2005	2	12	0	0	7.4	4.1	10.5
2005	2	13	0	0	1.5	-0.9	4.3
2005	2	14	0	0	0.1	-1.4	2.1
2005	2	15	0	0	-1.9	-4.2	-0.3
2005	2	16	0	0	-2.5	-3.5	-1.9
2005	2	17	0	0	-2.2	-3.5	-0.2
2005	2	18	0	0	-2.7	-4.1	-2.1
2005	2	19	0	0	-2.3	-3.9	-1.2
2005	2	20	0	0	-1.7	-8.4	1.2
2005	2	21	0	0	-3.2	-8.4	0.0
2005	2	22	0	0	-3.5	-5.4	-2.3
2005	2	23	0	0	-5.2	-11.8	-2.5
2005	2	24	0	0	-7.3	-13.0	-1.0
2005	2	25	0	0	-6.3	-13.4	0.2
2005	2	26	0	0	-2.7	-6.9	2.5
2005	2	27	0	0	-5.8	-12.3	-2.4
2005	2	28	0	0	-10.2	-16.8	-3.5
2005	3	1	0	0	-10.8	-15.2	-3.8
2005	3	2	0	0	-8.4	-13.2	-0.5
2005	3	3	0	0	-5.1	-10.7	1.3
2005	3	4	0	0	-5.1	-10.4	0.9
2005	3	5	0	0	-2.9	-6.6	0.8
2005	3	6	0	0	-5.3	-13.2	-1.1
2005	3	7	0	0	-5.5	-12.8	-1.9
2005	3	8	0	0	0.4	-1.9	1.7
2005	3	9	0	0	1.2	0.3	2.8
2005	3	10	0	0	-0.1	-4.9	3.5
2005	3	11	0	0	-0.2	-6.6	3.4
2005	3	12	0	0	0.8	-0.5	3.1
2005	3	13	0	0	0.7	-1.9	4.5
2005	3	14	0	0	1.9	-2.5	6.4
2005	3	15	0	0	5.7	2.2	10.4
2005	3	16	0	0	10.0	2.2	17.1
2005	3	17	0	0	12.7	5.9	17.2
2005	3	18	0	0	13.1	8.5	18.1
2005	3	19	0	0	10.0	5.9	11.4
2005	3	20	0	0	4.8	2.2	9.6
2005	3	21	0	0	6.4	-0.5	14.3
2005	3	22	0	0	9.6	2.8	15.4
2005	3	23	0	0	11.0	7.4	15.9
2005	3	24	0	0	8.6	6.4	12.3
2005	3	25	0	0	9.1	4.5	11.5
2005	3	26	0	0	8.7	2.7	14.6
2005	3	27	0	0	10.8	7.2	15.3
2005	3	28	0	0	10.6	6.7	14.5
2005	3	29	0	0	10.8	7.1	17.1
2005	3	30	0	0	9.9	7.6	13.2
2005	3	31	0	0	9.6	4.0	15.2
2005	4	1	0	0	7.0	0.3	13.8
2005	4	2	0	0	8.6	-0.2	17.3
2005	4	3	0	0	9.6	2.7	17.3
2005	4	4	0	0	10.8	3.7	18.6
2005	4	5	0	0	9.7	6.5	13.3
2005	4	6	0	0	10.9	5.4	15.5
2005	4	7	0	0	10.5	6.1	13.2
2005	4	8	0	0	6.6	2.0	9.3
2005	4	9	0	0	3.5	-1.9	6.4
2005	4	10	0	0	4.0	-1.8	8.6
2005	4	11	0	0	7.6	0.7	14.2
2005	4	12	0	0	7.7	2.7	12.2
2005	4	13	0	0	10.6	3.6	14.9
2005	4	14	0	0	11.8	7.6	17.7
2005	4	15	0	0	13.5	7.3	21.6
2005	4	16	0	0	14.0	8.2	20.8
2005	4	17	0	0	12.2	8.2	16.6
2005	4	18	0	0	10.3	8.4	13.0
2005	4	19	0	0	8.6	6.4	9.7
2005	4	20	0	0	6.0	2.4	7.0
2005	4	21	0	0	5.4	-0.9	10.7
2005	4	22	0	0	6.9	-1.1	13.6
2005	4	23	0	0	10.7	2.1	17.3
2005	4	24	0	0	11.8	6.7	16.0
2005	4	25	0	0	10.0	8.3	12.0
2005	4	26	0	0	10.9	8.4	16.1
2005	4	27	0	0	10.8	4.1	14.6
2005	4	28	0	0	11.7	3.8	17.4
2005	4	29	0	0	14.4	9.0	19.4
2005	4	30	0	0	17.5	8.3	23.7
2005	5	1	0	0	19.6	10.3	27.1
2005	5	2	0	0	20.6	13.0	28.6
2005	5	3	0	0	15.1	10.2	20.5
2005	5	4	0	0	12.0	9.2	15.7
2005	5	5	0	0	11.1	7.2	15.8
2005	5	6	0	0	7.5	4.4	10.6
2005	5	7	0	0	6.8	3.6	10.1
2005	5	8	0	0	6.1	2.6	11.1
2005	5	9	0	0	7.3	1.7	12.3
2005	5	10	0	0	6.1	0.0	11.5
2005	5	11	0	0	6.7	1.3	13.2
2005	5	12	0	0	9.5	1.2	16.6
2005	5	13	0	0	12.7	2.2	19.0
2005	5	14	0	0	12.9	9.6	16.2
2005	5	15	0	0	10.7	3.5	14.4
2005	5	16	0	0	10.5	2.9	16.9
2005	5	17	0	0	10.8	7.0	15.5
2005	5	18	0	0	8.9	3.6	13.3
2005	5	19	0	0	11.6	2.2	17.1
2005	5	20	0	0	15.8	7.1	23.5
2005	5	21	0	0	16.6	12.5	21.1
2005	5	22	0	0	15.5	12.4	20.2
2005	5	23	0	0	12.1	9.0	15.4
2005	5	24	0	0	13.6	6.8	19.7
2005	5	25	0	0	17.1	9.4	24.0
2005	5	26	0	0	20.7	11.5	27.7
2005	5	27	0	0	22.3	14.9	30.5
2005	5	28	0	0	23.3	15.4	31.5
2005	5	29	0	0	23.5	15.2	30.7
2005	5	30	0	0	17.1	10.2	21.0
2005	5	31	0	0	12.4	7.0	16.8
2005	6	1	0	0	12.9	5.0	18.6
2005	6	2	0	0	15.7	7.8	22.0
2005	6	3	0	0	19.9	11.4	27.8
2005	6	4	0	0	16.4	12.6	19.9
2005	6	5	0	0	13.7	10.1	18.3
2005	6	6	0	0	13.1	9.3	17.9
2005	6	7	0	0	9.4	6.1	13.7
2005	6	8	0	0	11.3	3.7	15.5
2005	6	9	0	0	11.4	3.2	17.0
2005	6	10	0	0	11.7	3.1	17.8
2005	6	11	0	0	10.7	7.2	12.9
2005	6	12	0	0	12.9	4.3	18.3
2005	6	13	0	0	15.4	6.9	22.0
2005	6	14	0	0	16.3	11.3	20.8
2005	6	15	0	0	17.3	9.4	24.5
2005	6	16	0	0	17.8	10.1	23.9
2005	6	17	0	0	19.0	13.6	23.1
2005	6	18	0	0	20.2	12.5	26.2
2005	6	19	0	0	20.3	10.2	27.9
2005	6	20	0	0	22.5	11.8	30.1
2005	6	21	0	0	23.8	14.1	31.6
2005	6	22	0	0	22.0	15.1	27.0
2005	6	23	0	0	22.9	12.6	30.4
2005	6	24	0	0	25.9	18.5	32.7
2005	6	25	0	0	22.3	17.6	27.8
2005	6	26	0	0	21.7	16.9	27.4
2005	6	27	0	0	22.8	14.7	29.3
2005	6	28	0	0	24.1	15.8	30.1
2005	6	29	0	0	20.6	16.0	27.2
2005	6	30	0	0	19.5	15.0	25.0
2005	7	1	0	0	15.5	13.0	19.9
2005	7	2	0	0	16.0	13.4	18.2
2005	7	3	0	0	20.2	15.1	25.6
2005	7	4	0	0	19.0	11.6	28.1
2005	7	5	0	0	14.5	9.6	18.7
2005	7	6	0	0	13.8	8.4	18.7
2005	7	7	0	0	13.0	9.6	17.6
2005	7	8	0	0	13.1	8.2	17.2
2005	7	9	0	0	15.8	7.7	22.7
2005	7	10	0	0	17.1	10.6	23.8
2005	7	11	0	0	18.9	12.6	26.2
2005	7	12	0	0	19.6	12.4	27.5
2005	7	13	0	0	21.3	13.1	28.6
2005	7	14	0	0	21.9	12.8	29.2
2005	7	15	0	0	22.5	15.7	29.8
2005	7	16	0	0	21.7	15.6	28.3
2005	7	17	0	0	20.9	13.4	27.0
2005	7	18	0	0	21.4	13.5	30.8
2005	7	19	0	0	18.0	14.6	20.7
2005	7	20	0	0	16.6	11.6	21.1
2005	7	21	0	0	16.0	10.9	21.1
2005	7	22	0	0	14.7	12.6	18.3
2005	7	23	0	0	15.7	11.1	21.1
2005	7	24	0	0	17.7	10.9	22.5
2005	7	25	0	0	17.6	15.6	19.1
2005	7	26	0	0	18.8	14.4	23.5
2005	7	27	0	0	23.4	14.3	30.5
2005	7	28	0	0	26.0	19.1	32.8
2005	7	29	0	0	22.9	16.7	30.4
2005	7	30	0	0	18.6	12.7	23.1
2005	7	31	0	0	17.7	11.5	23.4
2005	8	1	0	0	17.9	9.8	24.4
2005	8	2	0	0	15.6	13.7	18.0
2005	8	3	0	0	16.4	13.1	21.9
2005	8	4	0	0	15.5	9.5	20.8
2005	8	5	0	0	16.0	8.4	22.8
2005	8	6	0	0	15.3	10.1	19.0
2005	8	7	0	0	11.5	7.8	15.9
2005	8	8	0	0	11.6	7.2	16.8
2005	8	9	0	0	13.2	8.9	18.5
2005	8	10	0	0	13.4	7.8	18.7
2005	8	11	0	0	13.8	5.9	21.0
2005	8	12	0	0	16.9	13.0	24.1
2005	8	13	0	0	15.4	10.7	20.9
2005	8	14	0	0	14.1	10.8	17.0
2005	8	15	0	0	13.6	10.5	18.1
2005	8	16	0	0	15.6	10.8	21.7
2005	8	17	0	0	17.6	10.8	24.3
2005	8	18	0	0	19.7	11.9	26.7
2005	8	19	0	0	19.2	14.0	27.2
2005	8	20	0	0	16.9	14.3	20.8
2005	8	21	0	0	16.8	14.1	21.2
2005	8	22	0	0	18.1	15.8	20.4
2005	8	23	0	0	16.5	14.2	20.2
2005	8	24	0	0	17.2	14.0	22.0
2005	8	25	0	0	16.0	12.5	19.3
2005	8	26	0	0	14.0	9.1	19.2
2005	8	27	0	0	14.7	7.3	21.3
2005	8	28	0	0	16.1	8.3	23.3
2005	8	29	0	0	18.8	10.0	28.1
2005	8	30	0	0	21.0	13.3	29.4
2005	8	31	0	0	21.1	13.5	29.1
2005	9	1	0	0	22.3	15.7	29.4
2005	9	2	0	0	20.6	14.9	26.6
2005	9	3	0	0	19.9	13.9	27.0
2005	9	4	0	0	18.5	12.2	26.3
2005	9	5	0	0	18.8	10.7	26.4
2005	9	6	0	0	20.2	12.7	28.9
2005	9	7	0	0	19.7	10.2	28.6
2005	9	8	0	0	21.2	12.7	30.5
2005	9	9	0	0	20.2	14.5	27.7
2005	9	10	0	0	17.4	15.6	18.6
2005	9	11	0	0	16.5	15.0	18.6
2005	9	12	0	0	16.4	14.5	21.0
2005	9	13	0	0	16.2	11.0	18.5
2005	9	14	0	0	15.3	9.7	18.3
2005	9	15	0	0	16.9	14.8	20.6
2005	9	16	0	0	13.8	8.4	17.5
2005	9	17	0	0	9.6	4.7	14.6
2005	9	18	0	0	10.2	3.4	17.1
2005	9	19	0	0	10.2	4.0	17.5
2005	9	20	0	0	10.1	3.3	17.9
2005	9	21	0	0	11.7	4.0	19.2
2005	9	22	0	0	12.5	5.2	20.6
2005	9	23	0	0	14.3	8.8	21.5
2005	9	24	0	0	14.9	9.3	21.8
2005	9	25	0	0	15.3	10.0	23.1
2005	9	26	0	0	14.8	11.1	18.5
2005	9	27	0	0	14.6	12.1	17.6
2005	9	28	0	0	13.4	11.1	16.8
2005	9	29	0	0	10.6	5.9	13.7
2005	9	30	0	0	9.8	4.4	15.1
2005	10	1	0	0	11.0	9.6	11.9
2005	10	2	0	0	9.6	8.8	10.5
2005	10	3	0	0	9.9	8.5	10.9
2005	10	4	0	0	13.9	10.8	16.4
2005	10	5	0	0	15.9	11.6	20.3
2005	10	6	0	0	14.4	10.1	21.0
2005	10	7	0	0	12.6	7.7	19.8
2005	10	8	0	0	11.5	7.6	17.0
2005	10	9	0	0	11.4	7.4	18.0
2005	10	10	0	0	11.6	6.5	19.1
2005	10	11	0	0	10.5	5.2	17.4
2005	10	12	0	0	11.1	5.3	19.7
2005	10	13	0	0	10.2	4.6	18.3
2005	10	14	0	0	9.3	3.1	18.1
2005	10	15	0	0	10.0	4.5	18.2
2005	10	16	0	0	9.1	3.1	16.6
2005	10	17	0	0	6.8	1.2	13.9
2005	10	18	0	0	6.1	0.3	13.2
2005	10	19	0	0	6.3	0.6	11.7
2005	10	20	0	0	10.1	5.0	17.0
2005	10	21	0	0	13.4	9.7	19.2
2005	10	22	0	0	14.9	13.1	18.9
2005	10	23	0	0	12.3	7.3	14.4
2005	10	24	0	0	10.7	5.3	14.3
2005	10	25	0	0	14.8	9.4	18.4
2005	10	26	0	0	13.9	10.8	15.5
2005	10	27	0	0	13.0	9.0	20.3
2005	10	28	0	0	10.6	8.1	12.8
2005	10	29	0	0	10.5	8.2	17.0
2005	10	30	0	0	8.7	4.9	14.5
2005	10	31	0	0	8.5	5.0	14.5
2005	11	1	0	0	9.6	6.4	13.4
2005	11	2	0	0	10.2	5.0	12.9
2005	11	3	0	0	13.7	10.2	18.3
2005	11	4	0	0	12.0	8.5	15.0
2005	11	5	0	0	9.1	5.2	11.6
2005	11	6	0	0	7.6	3.5	12.7
2005	11	7	0	0	6.0	2.4	11.4
2005	11	8	0	0	7.1	1.6	13.7
2005	11	9	0	0	6.5	1.6	14.1
2005	11	10	0	0	5.8	0.8	8.5
2005	11	11	0	0	6.6	3.0	10.6
2005	11	12	0	0	6.8	1.9	13.3
2005	11	13	0	0	4.2	0.4	9.3
2005	11	14	0	0	3.7	2.3	4.8
2005	11	15	0	0	2.7	1.6	3.3
2005	11	16	0	0	3.8	-0.3	4.9
2005	11	17	0	0	1.7	-0.5	3.0
2005	11	18	0	0	1.6	-2.5	4.8
2005	11	19	0	0	-1.2	-3.2	0.3
2005	11	20	0	0	-1.5	-3.4	0.0
2005	11	21	0	0	0.3	-1.8	1.4
2005	11	22	0	0	-0.6	-3.1	1.0
2005	11	23	0	0	0.3	-0.7	0.8
2005	11	24	0	0	-1.9	-2.8	-0.7
2005	11	25	0	0	-1.4	-4.3	-0.4
2005	11	26	0	0	-1.2	-7.1	1.8
2005	11	27	0	0	-1.1	-5.7	1.5
2005	11	28	0	0	0.4	-0.3	0.7
2005	11	29	0	0	0.9	-1.9	1.9
2005	11	30	0	0	-1.5	-6.7	1.5
2005	12	1	0	0	-1.0	-6.3	1.5
2005	12	2	0	0	-2.6	-8.2	1.1
2005	12	3	0	0	2.8	-1.3	5.3
2005	12	4	0	0	6.3	4.5	8.0
2005	12	5	0	0	4.9	1.1	6.7
2005	12	6	0	0	3.4	1.4	5.6
2005	12	7	0	0	2.4	0.9	2.9
2005	12	8	0	0	2.5	1.1	4.1
2005	12	9	0	0	1.2	-1.1	2.6
2005	12	10	0	0	-1.3	-4.9	2.5
2005	12	11	0	0	-2.5	-6.5	2.2
2005	12	12	0	0	-0.6	-4.3	2.3
2005	12	13	0	0	1.3	-1.4	4.1
2005	12	14	0	0	1.2	0.1	1.9
2005	12	15	0	0	2.3	1.3	3.3
2005	12	16	0	0	3.5	0.5	5.3
2005	12	17	0	0	-0.3	-3.8	0.8
2005	12	18	0	0	-1.9	-7.3	-0.2
2005	12	19	0	0	-0.8	-1.7	-0.3
2005	12	20	0	0	0.2	-0.5	0.4
2005	12	21	0	0	0.1	-0.6	0.6
2005	12	22	0	0	-0.5	-1.1	0.0
2005	12	23	0	0	1.1	0.0	1.8
2005	12	24	0	0	2.6	1.6	3.3
2005	12	25	0	0	2.2	-1.8	3.1
2005	12	26	0	0	-1.2	-3.4	-0.1
2005	12	27	0	0	-2.4	-5.1	-1.0
2005	12	28	0	0	-3.8	-5.6	-2.9
2005	12	29	0	0	-5.1	-6.1	-4.5
2005	12	30	0	0	-5.0	-8.1	-3.7
2005	12	31	0	0	2.0	-5.1	5.2
