YYYY	MM	DD	hh	mm	RS
2015	1	1	0	0	
2015	1	2	0	0	
2015	1	3	0	0	
2015	1	4	0	0	
2015	1	5	0	0	
2015	1	6	0	0	
2015	1	7	0	0	
2015	1	8	0	0	
2015	1	9	0	0	
2015	1	10	0	0	
2015	1	11	0	0	
2015	1	12	0	0	
2015	1	13	0	0	
2015	1	14	0	0	
2015	1	15	0	0	
2015	1	16	0	0	
2015	1	17	0	0	
2015	1	18	0	0	
2015	1	19	0	0	
2015	1	20	0	0	
2015	1	21	0	0	
2015	1	22	0	0	
2015	1	23	0	0	
2015	1	24	0	0	
2015	1	25	0	0	
2015	1	26	0	0	
2015	1	27	0	0	
2015	1	28	0	0	
2015	1	29	0	0	
2015	1	30	0	0	
2015	1	31	0	0	
2015	2	1	0	0	
2015	2	2	0	0	
2015	2	3	0	0	
2015	2	4	0	0	
2015	2	5	0	0	
2015	2	6	0	0	
2015	2	7	0	0	
2015	2	8	0	0	
2015	2	9	0	0	
2015	2	10	0	0	
2015	2	11	0	0	
2015	2	12	0	0	
2015	2	13	0	0	
2015	2	14	0	0	
2015	2	15	0	0	
2015	2	16	0	0	
2015	2	17	0	0	
2015	2	18	0	0	
2015	2	19	0	0	
2015	2	20	0	0	
2015	2	21	0	0	
2015	2	22	0	0	
2015	2	23	0	0	
2015	2	24	0	0	
2015	2	25	0	0	
2015	2	26	0	0	
2015	2	27	0	0	
2015	2	28	0	0	
2015	3	1	0	0	
2015	3	2	0	0	
2015	3	3	0	0	
2015	3	4	0	0	
2015	3	5	0	0	
2015	3	6	0	0	
2015	3	7	0	0	
2015	3	8	0	0	
2015	3	9	0	0	
2015	3	10	0	0	
2015	3	11	0	0	
2015	3	12	0	0	
2015	3	13	0	0	
2015	3	14	0	0	
2015	3	15	0	0	
2015	3	16	0	0	
2015	3	17	0	0	
2015	3	18	0	0	
2015	3	19	0	0	
2015	3	20	0	0	
2015	3	21	0	0	
2015	3	22	0	0	
2015	3	23	0	0	
2015	3	24	0	0	
2015	3	25	0	0	
2015	3	26	0	0	
2015	3	27	0	0	
2015	3	28	0	0	
2015	3	29	0	0	
2015	3	30	0	0	
2015	3	31	0	0	
2015	4	1	0	0	
2015	4	2	0	0	
2015	4	3	0	0	
2015	4	4	0	0	
2015	4	5	0	0	
2015	4	6	0	0	
2015	4	7	0	0	
2015	4	8	0	0	
2015	4	9	0	0	
2015	4	10	0	0	
2015	4	11	0	0	
2015	4	12	0	0	
2015	4	13	0	0	
2015	4	14	0	0	
2015	4	15	0	0	
2015	4	16	0	0	
2015	4	17	0	0	
2015	4	18	0	0	
2015	4	19	0	0	
2015	4	20	0	0	
2015	4	21	0	0	
2015	4	22	0	0	
2015	4	23	0	0	
2015	4	24	0	0	
2015	4	25	0	0	
2015	4	26	0	0	
2015	4	27	0	0	
2015	4	28	0	0	
2015	4	29	0	0	
2015	4	30	0	0	
2015	5	1	0	0	
2015	5	2	0	0	
2015	5	3	0	0	
2015	5	4	0	0	
2015	5	5	0	0	
2015	5	6	0	0	
2015	5	7	0	0	
2015	5	8	0	0	
2015	5	9	0	0	
2015	5	10	0	0	
2015	5	11	0	0	
2015	5	12	0	0	
2015	5	13	0	0	
2015	5	14	0	0	
2015	5	15	0	0	
2015	5	16	0	0	
2015	5	17	0	0	
2015	5	18	0	0	
2015	5	19	0	0	
2015	5	20	0	0	
2015	5	21	0	0	
2015	5	22	0	0	
2015	5	23	0	0	
2015	5	24	0	0	
2015	5	25	0	0	
2015	5	26	0	0	
2015	5	27	0	0	
2015	5	28	0	0	
2015	5	29	0	0	
2015	5	30	0	0	
2015	5	31	0	0	
2015	6	1	0	0	
2015	6	2	0	0	
2015	6	3	0	0	
2015	6	4	0	0	
2015	6	5	0	0	
2015	6	6	0	0	
2015	6	7	0	0	
2015	6	8	0	0	
2015	6	9	0	0	
2015	6	10	0	0	
2015	6	11	0	0	
2015	6	12	0	0	
2015	6	13	0	0	
2015	6	14	0	0	
2015	6	15	0	0	
2015	6	16	0	0	
2015	6	17	0	0	
2015	6	18	0	0	
2015	6	19	0	0	
2015	6	20	0	0	
2015	6	21	0	0	
2015	6	22	0	0	
2015	6	23	0	0	
2015	6	24	0	0	
2015	6	25	0	0	
2015	6	26	0	0	
2015	6	27	0	0	
2015	6	28	0	0	
2015	6	29	0	0	
2015	6	30	0	0	
2015	7	1	0	0	
2015	7	2	0	0	
2015	7	3	0	0	
2015	7	4	0	0	
2015	7	5	0	0	
2015	7	6	0	0	
2015	7	7	0	0	
2015	7	8	0	0	
2015	7	9	0	0	
2015	7	10	0	0	
2015	7	11	0	0	
2015	7	12	0	0	
2015	7	13	0	0	
2015	7	14	0	0	
2015	7	15	0	0	
2015	7	16	0	0	
2015	7	17	0	0	
2015	7	18	0	0	
2015	7	19	0	0	
2015	7	20	0	0	
2015	7	21	0	0	
2015	7	22	0	0	
2015	7	23	0	0	
2015	7	24	0	0	
2015	7	25	0	0	
2015	7	26	0	0	
2015	7	27	0	0	
2015	7	28	0	0	
2015	7	29	0	0	
2015	7	30	0	0	
2015	7	31	0	0	
2015	8	1	0	0	
2015	8	2	0	0	
2015	8	3	0	0	
2015	8	4	0	0	
2015	8	5	0	0	
2015	8	6	0	0	
2015	8	7	0	0	
2015	8	8	0	0	
2015	8	9	0	0	
2015	8	10	0	0	
2015	8	11	0	0	
2015	8	12	0	0	
2015	8	13	0	0	
2015	8	14	0	0	
2015	8	15	0	0	
2015	8	16	0	0	
2015	8	17	0	0	
2015	8	18	0	0	
2015	8	19	0	0	
2015	8	20	0	0	
2015	8	21	0	0	
2015	8	22	0	0	
2015	8	23	0	0	
2015	8	24	0	0	
2015	8	25	0	0	
2015	8	26	0	0	
2015	8	27	0	0	
2015	8	28	0	0	
2015	8	29	0	0	
2015	8	30	0	0	
2015	8	31	0	0	
2015	9	1	0	0	
2015	9	2	0	0	
2015	9	3	0	0	
2015	9	4	0	0	
2015	9	5	0	0	
2015	9	6	0	0	
2015	9	7	0	0	
2015	9	8	0	0	
2015	9	9	0	0	
2015	9	10	0	0	
2015	9	11	0	0	
2015	9	12	0	0	
2015	9	13	0	0	
2015	9	14	0	0	
2015	9	15	0	0	
2015	9	16	0	0	
2015	9	17	0	0	
2015	9	18	0	0	
2015	9	19	0	0	
2015	9	20	0	0	
2015	9	21	0	0	
2015	9	22	0	0	
2015	9	23	0	0	
2015	9	24	0	0	
2015	9	25	0	0	
2015	9	26	0	0	
2015	9	27	0	0	
2015	9	28	0	0	
2015	9	29	0	0	
2015	9	30	0	0	
2015	10	1	0	0	
2015	10	2	0	0	
2015	10	3	0	0	
2015	10	4	0	0	
2015	10	5	0	0	
2015	10	6	0	0	
2015	10	7	0	0	
2015	10	8	0	0	
2015	10	9	0	0	
2015	10	10	0	0	
2015	10	11	0	0	
2015	10	12	0	0	
2015	10	13	0	0	
2015	10	14	0	0	
2015	10	15	0	0	
2015	10	16	0	0	
2015	10	17	0	0	
2015	10	18	0	0	
2015	10	19	0	0	
2015	10	20	0	0	
2015	10	21	0	0	
2015	10	22	0	0	
2015	10	23	0	0	
2015	10	24	0	0	
2015	10	25	0	0	
2015	10	26	0	0	
2015	10	27	0	0	
2015	10	28	0	0	
2015	10	29	0	0	
2015	10	30	0	0	
2015	10	31	0	0	
2015	11	1	0	0	
2015	11	2	0	0	
2015	11	3	0	0	
2015	11	4	0	0	
2015	11	5	0	0	
2015	11	6	0	0	
2015	11	7	0	0	
2015	11	8	0	0	
2015	11	9	0	0	
2015	11	10	0	0	
2015	11	11	0	0	
2015	11	12	0	0	
2015	11	13	0	0	
2015	11	14	0	0	
2015	11	15	0	0	
2015	11	16	0	0	
2015	11	17	0	0	
2015	11	18	0	0	
2015	11	19	0	0	
2015	11	20	0	0	
2015	11	21	0	0	
2015	11	22	0	0	
2015	11	23	0	0	
2015	11	24	0	0	
2015	11	25	0	0	
2015	11	26	0	0	
2015	11	27	0	0	
2015	11	28	0	0	
2015	11	29	0	0	
2015	11	30	0	0	
2015	12	1	0	0	
2015	12	2	0	0	
2015	12	3	0	0	
2015	12	4	0	0	
2015	12	5	0	0	
2015	12	6	0	0	
2015	12	7	0	0	
2015	12	8	0	0	
2015	12	9	0	0	
2015	12	10	0	0	
2015	12	11	0	0	
2015	12	12	0	0	
2015	12	13	0	0	
2015	12	14	0	0	
2015	12	15	0	0	
2015	12	16	0	0	
2015	12	17	0	0	
2015	12	18	0	0	
2015	12	19	0	0	
2015	12	20	0	0	
2015	12	21	0	0	
2015	12	22	0	0	
2015	12	23	0	0	
2015	12	24	0	0	
2015	12	25	0	0	
2015	12	26	0	0	
2015	12	27	0	0	
2015	12	28	0	0	
2015	12	29	0	0	
2015	12	30	0	0	
2015	12	31	0	0	
2016	1	1	0	0	31.494983328243
2016	1	2	0	0	38.751193282102
2016	1	3	0	0	26.520852295287
2016	1	4	0	0	21.0082290571505
2016	1	5	0	0	31.673957723463506
2016	1	6	0	0	15.5569574148669
2016	1	7	0	0	14.0052867042701
2016	1	8	0	0	48.022508355585096
2016	1	9	0	0	40.6898692033029
2016	1	10	0	0	32.788609694525
2016	1	11	0	0	21.754790652821804
2016	1	12	0	0	42.7054168648729
2016	1	13	0	0	21.8448748942065
2016	1	14	0	0	19.2057891038793
2016	1	15	0	0	32.2649631094853
2016	1	16	0	0	31.4382307644143
2016	1	17	0	0	32.2783425810961
2016	1	18	0	0	31.3185539952424
2016	1	19	0	0	15.302607789847
2016	1	20	0	0	16.5670315552878
2016	1	21	0	0	33.8567864042476
2016	1	22	0	0	25.1399681635534
2016	1	23	0	0	30.610730062814003
2016	1	24	0	0	22.6739305364742
2016	1	25	0	0	49.9722781414151
2016	1	26	0	0	63.97563796249349
2016	1	27	0	0	66.67108300343911
2016	1	28	0	0	58.782394858555605
2016	1	29	0	0	54.826249108941205
2016	1	30	0	0	55.6487581328464
2016	1	31	0	0	51.3491476943612
2016	2	1	0	0	18.176620069817
2016	2	2	0	0	33.8738472984822
2016	2	3	0	0	47.3763111503344
2016	2	4	0	0	53.9963675555275
2016	2	5	0	0	23.251859156385304
2016	2	6	0	0	28.7126613750908
2016	2	7	0	0	29.1278913376236
2016	2	8	0	0	42.3202508884145
2016	2	9	0	0	47.4109435761886
2016	2	10	0	0	21.930095450428094
2016	2	11	0	0	37.06030133044629
2016	2	12	0	0	34.575478077792894
2016	2	13	0	0	50.392670149623
2016	2	14	0	0	110.32963670474
2016	2	15	0	0	117.813120633364
2016	2	16	0	0	49.4945910968702
2016	2	17	0	0	111.321464168747
2016	2	18	0	0	40.7220648248183
2016	2	19	0	0	105.005344313874
2016	2	20	0	0	122.528409684396
2016	2	21	0	0	127.603623729975
2016	2	22	0	0	57.1572121150482
2016	2	23	0	0	37.2506837872429
2016	2	24	0	0	28.2211941043902
2016	2	25	0	0	21.594006456764895
2016	2	26	0	0	39.96652061695311
2016	2	27	0	0	64.7635894858418
2016	2	28	0	0	57.5053481276153
2016	2	29	0	0	
2016	3	1	0	0	51.1564488165166
2016	3	2	0	0	67.3523511295859
2016	3	3	0	0	27.8419093582651
2016	3	4	0	0	66.0824866213449
2016	3	5	0	0	32.860305035173695
2016	3	6	0	0	157.751084181439
2016	3	7	0	0	146.703916136716
2016	3	8	0	0	85.24411130251329
2016	3	9	0	0	33.9192123203832
2016	3	10	0	0	55.0670543707558
2016	3	11	0	0	65.0522447935481
2016	3	12	0	0	94.5817627845906
2016	3	13	0	0	92.5337219303916
2016	3	14	0	0	176.233521152397
2016	3	15	0	0	71.1405831748763
2016	3	16	0	0	48.5420269859013
2016	3	17	0	0	116.3145483819
2016	3	18	0	0	68.5297306386077
2016	3	19	0	0	111.005707412646
2016	3	20	0	0	47.1423828606229
2016	3	21	0	0	187.55893191683
2016	3	22	0	0	90.2751421535939
2016	3	23	0	0	160.240559135269
2016	3	24	0	0	192.550034808972
2016	3	25	0	0	157.98882374918998
2016	3	26	0	0	176.10853828983602
2016	3	27	0	0	104.249494935566
2016	3	28	0	0	202.20672661653904
2016	3	29	0	0	72.4609954102873
2016	3	30	0	0	155.21248253313
2016	3	31	0	0	135.942930925743
2016	4	1	0	0	81.5750068360738
2016	4	2	0	0	134.240316281086
2016	4	3	0	0	151.251407629564
2016	4	4	0	0	182.934939664756
2016	4	5	0	0	209.214502415579
2016	4	6	0	0	208.163262558028
2016	4	7	0	0	133.375525652222
2016	4	8	0	0	39.548291833513
2016	4	9	0	0	223.159156903344
2016	4	10	0	0	89.89808606867349
2016	4	11	0	0	223.422994779529
2016	4	12	0	0	86.9484373438267
2016	4	13	0	0	143.086052704738
2016	4	14	0	0	74.4298179737652
2016	4	15	0	0	104.391662214763
2016	4	16	0	0	159.03644135142
2016	4	17	0	0	93.0755013418734
2016	4	18	0	0	253.63545768565
2016	4	19	0	0	261.937765087046
2016	4	20	0	0	264.549949294552
2016	4	21	0	0	154.932686411085
2016	4	22	0	0	261.346656149672
2016	4	23	0	0	86.6541810984164
2016	4	24	0	0	203.378526289431
2016	4	25	0	0	88.68293845720409
2016	4	26	0	0	203.286855018501
2016	4	27	0	0	117.882776258136
2016	4	28	0	0	160.99117676748
2016	4	29	0	0	88.564917225299
2016	4	30	0	0	61.3888115957767
2016	5	1	0	0	107.617782360096
2016	5	2	0	0	99.53434683005052
2016	5	3	0	0	147.571312500148
2016	5	4	0	0	89.8596193449226
2016	5	5	0	0	205.00303587560904
2016	5	6	0	0	169.79460762762
2016	5	7	0	0	155.588782298745
2016	5	8	0	0	255.890799973049
2016	5	9	0	0	246.085529299922
2016	5	10	0	0	227.635130314146
2016	5	11	0	0	248.586176470969
2016	5	12	0	0	259.389245329228
2016	5	13	0	0	238.83034517457295
2016	5	14	0	0	183.331784763781
2016	5	15	0	0	77.2765209465818
2016	5	16	0	0	112.893621870874
2016	5	17	0	0	140.678852176811
2016	5	18	0	0	297.173292072148
2016	5	19	0	0	240.970767468131
2016	5	20	0	0	230.09942875999695
2016	5	21	0	0	133.531513942413
2016	5	22	0	0	253.448906592926
2016	5	23	0	0	263.129973272062
2016	5	24	0	0	279.300891259986
2016	5	25	0	0	307.98963404595
2016	5	26	0	0	284.594598077431
2016	5	27	0	0	230.130839837386
2016	5	28	0	0	315.71276661267603
2016	5	29	0	0	326.679835560338
2016	5	30	0	0	303.552124151142
2016	5	31	0	0	247.968812257784
2016	6	1	0	0	155.347927334
2016	6	2	0	0	239.714479565217
2016	6	3	0	0	190.163679363187
2016	6	4	0	0	178.233801901156
2016	6	5	0	0	135.948191669379
2016	6	6	0	0	106.019894785327
2016	6	7	0	0	154.85075364445
2016	6	8	0	0	97.8994566616086
2016	6	9	0	0	275.83729562693804
2016	6	10	0	0	292.158984670696
2016	6	11	0	0	329.424235584065
2016	6	12	0	0	328.775353506808
2016	6	13	0	0	299.872762028431
2016	6	14	0	0	334.097676930148
2016	6	15	0	0	333.123939412821
2016	6	16	0	0	333.05864508906103
2016	6	17	0	0	320.1492834998669
2016	6	18	0	0	275.074044123684
2016	6	19	0	0	129.952872276369
2016	6	20	0	0	140.290498362557
2016	6	21	0	0	267.405764513153
2016	6	22	0	0	308.181937615635
2016	6	23	0	0	322.65741225946897
2016	6	24	0	0	320.61761904416
2016	6	25	0	0	208.638698227118
2016	6	26	0	0	190.607918723944
2016	6	27	0	0	250.323916299678
2016	6	28	0	0	153.988161182882
2016	6	29	0	0	98.6312578930485
2016	6	30	0	0	106.469992802061
2016	7	1	0	0	175.361559431021
2016	7	2	0	0	209.593663645616
2016	7	3	0	0	260.836110844599
2016	7	4	0	0	238.004844015551
2016	7	5	0	0	99.4069204891658
2016	7	6	0	0	225.351003601078
2016	7	7	0	0	169.423017486684
2016	7	8	0	0	171.015738321545
2016	7	9	0	0	186.568882496366
2016	7	10	0	0	171.737429143362
2016	7	11	0	0	140.760501478735
2016	7	12	0	0	131.682328800138
2016	7	13	0	0	274.244879782789
2016	7	14	0	0	184.508584527942
2016	7	15	0	0	147.17840336830798
2016	7	16	0	0	167.181828830146
2016	7	17	0	0	235.42227910492
2016	7	18	0	0	181.112873067464
2016	7	19	0	0	205.677972120003
2016	7	20	0	0	232.47620680278095
2016	7	21	0	0	275.626384698915
2016	7	22	0	0	165.16275408336
2016	7	23	0	0	203.326318026153
2016	7	24	0	0	144.411290989539
2016	7	25	0	0	227.86540245684895
2016	7	26	0	0	185.840383055618
2016	7	27	0	0	273.791025854209
2016	7	28	0	0	208.07125473039
2016	7	29	0	0	247.292498805991
2016	7	30	0	0	268.770340980043
2016	7	31	0	0	239.85586780581696
2016	8	1	0	0	149.29014622756398
2016	8	2	0	0	149.433099623331
2016	8	3	0	0	113.50799555245
2016	8	4	0	0	228.385063315043
2016	8	5	0	0	235.340032537079
2016	8	6	0	0	262.62748254082
2016	8	7	0	0	276.157718303301
2016	8	8	0	0	205.57849960741
2016	8	9	0	0	180.62642859458305
2016	8	10	0	0	116.559169640144
2016	8	11	0	0	208.433357885229
2016	8	12	0	0	244.230433789305
2016	8	13	0	0	209.929322424955
2016	8	14	0	0	99.1114962655731
2016	8	15	0	0	91.04142459678307
2016	8	16	0	0	105.717597805799
2016	8	17	0	0	55.639094710927
2016	8	18	0	0	158.73770982938498
2016	8	19	0	0	149.105926191127
2016	8	20	0	0	121.349211856073
2016	8	21	0	0	183.823313581069
2016	8	22	0	0	90.64799615219972
2016	8	23	0	0	98.1063464009911
2016	8	24	0	0	74.56536298640691
2016	8	25	0	0	177.538158386225
2016	8	26	0	0	145.307535103502
2016	8	27	0	0	128.17678224277
2016	8	28	0	0	207.322737656327
2016	8	29	0	0	206.23269333349
2016	8	30	0	0	139.19295623425398
2016	8	31	0	0	136.159179650997
2016	9	1	0	0	153.529966080588
2016	9	2	0	0	228.498529197659
2016	9	3	0	0	219.769932708126
2016	9	4	0	0	218.253067507914
2016	9	5	0	0	208.61364022053505
2016	9	6	0	0	196.47694540404495
2016	9	7	0	0	201.000256954558
2016	9	8	0	0	200.67457558929695
2016	9	9	0	0	172.13563928828498
2016	9	10	0	0	128.064612728458
2016	9	11	0	0	158.563184314542
2016	9	12	0	0	98.0347059012188
2016	9	13	0	0	94.8344723330068
2016	9	14	0	0	152.113442152936
2016	9	15	0	0	173.980910920393
2016	9	16	0	0	100.102838336056
2016	9	17	0	0	161.782654905788
2016	9	18	0	0	90.15448358932458
2016	9	19	0	0	157.89404310611602
2016	9	20	0	0	170.123743180824
2016	9	21	0	0	164.820277171011
2016	9	22	0	0	167.702638220413
2016	9	23	0	0	159.665662722326
2016	9	24	0	0	153.263164819079
2016	9	25	0	0	132.929634207188
2016	9	26	0	0	106.46041904153
2016	9	27	0	0	90.8358480187692
2016	9	28	0	0	153.958602819444
2016	9	29	0	0	144.901121435537
2016	9	30	0	0	143.97400445998198
2016	10	1	0	0	93.7352169703084
2016	10	2	0	0	105.641340369343
2016	10	3	0	0	112.147613592467
2016	10	4	0	0	86.6292482942349
2016	10	5	0	0	107.80604833102
2016	10	6	0	0	93.6585721832028
2016	10	7	0	0	66.1280503625346
2016	10	8	0	0	42.7842798420896
2016	10	9	0	0	87.8394250880249
2016	10	10	0	0	61.4978781891723
2016	10	11	0	0	123.555676230538
2016	10	12	0	0	28.753985706731
2016	10	13	0	0	80.4274098307473
2016	10	14	0	0	83.2933016272045
2016	10	15	0	0	79.9222336654484
2016	10	16	0	0	106.848991950829
2016	10	17	0	0	84.0915760668565
2016	10	18	0	0	44.7697678561409
2016	10	19	0	0	75.8561319953581
2016	10	20	0	0	89.3569421022859
2016	10	21	0	0	86.3517366655619
2016	10	22	0	0	80.93511406810941
2016	10	23	0	0	83.2362926594742
2016	10	24	0	0	80.20607249760471
2016	10	25	0	0	78.3463201095553
2016	10	26	0	0	66.1973184451855
2016	10	27	0	0	87.4863659774545
2016	10	28	0	0	77.7973519154526
2016	10	29	0	0	79.2974255997012
2016	10	30	0	0	77.60736776319808
2016	10	31	0	0	78.9760501540605
2016	11	1	0	0	80.3406384778116
2016	11	2	0	0	78.77699125576859
2016	11	3	0	0	74.92662858010759
2016	11	4	0	0	53.8457195720861
2016	11	5	0	0	58.6745716160132
2016	11	6	0	0	66.9717249877786
2016	11	7	0	0	62.6174508448257
2016	11	8	0	0	21.4580592799687
2016	11	9	0	0	66.044064166946
2016	11	10	0	0	19.7516644861026
2016	11	11	0	0	62.2137463345397
2016	11	12	0	0	24.4137299052879
2016	11	13	0	0	34.222293428423
2016	11	14	0	0	38.642269712168606
2016	11	15	0	0	24.7573737419668
2016	11	16	0	0	21.465070785700604
2016	11	17	0	0	49.73387954111179
2016	11	18	0	0	19.738070839442
2016	11	19	0	0	54.55544068058129
2016	11	20	0	0	16.4263238362607
2016	11	21	0	0	23.5363047962507
2016	11	22	0	0	50.8943682972934
2016	11	23	0	0	51.12930633325621
2016	11	24	0	0	51.1191456563641
2016	11	25	0	0	40.1425420210368
2016	11	26	0	0	25.487422894320304
2016	11	27	0	0	38.5522259451152
2016	11	28	0	0	21.454355936474
2016	11	29	0	0	41.04625655877
2016	11	30	0	0	45.350420580788295
2016	12	1	0	0	21.49045259546
2016	12	2	0	0	26.859790692182106
2016	12	3	0	0	19.716093839984
2016	12	4	0	0	19.5580048177093
2016	12	5	0	0	16.1179887280663
2016	12	6	0	0	36.4757777237361
2016	12	7	0	0	41.926059771400205
2016	12	8	0	0	40.097835951501104
2016	12	9	0	0	33.2303197104357
2016	12	10	0	0	37.211281095107104
2016	12	11	0	0	36.6766827103431
2016	12	12	0	0	37.940954238113605
2016	12	13	0	0	36.5909626149139
2016	12	14	0	0	37.68650084242329
2016	12	15	0	0	21.0675771960423
2016	12	16	0	0	16.3384340671608
2016	12	17	0	0	16.0180372470383
2016	12	18	0	0	25.706259061458
2016	12	19	0	0	16.370356829817702
2016	12	20	0	0	22.4211220441825
2016	12	21	0	0	18.7259652149576
2016	12	22	0	0	33.4789867079582
2016	12	23	0	0	16.7032199563167
2016	12	24	0	0	15.3508796639712
2016	12	25	0	0	16.3107202339165
2016	12	26	0	0	24.440230688727898
2016	12	27	0	0	18.0777324609436
2016	12	28	0	0	31.7641179696443
2016	12	29	0	0	20.068351382141604
2016	12	30	0	0	32.9644891275942
2016	12	31	0	0	23.2834059414463
2017	1	1	0	0	39.858137916524896
2017	1	2	0	0	30.3755815912356
2017	1	3	0	0	38.791237773115
2017	1	4	0	0	15.3023892971814
2017	1	5	0	0	26.8081479339078
2017	1	6	0	0	19.9424342371764
2017	1	7	0	0	42.2582454803748
2017	1	8	0	0	20.9637391741206
2017	1	9	0	0	25.866741488801
2017	1	10	0	0	20.0259696823557
2017	1	11	0	0	16.801640432455198
2017	1	12	0	0	17.890287450788602
2017	1	13	0	0	20.532826622515103
2017	1	14	0	0	46.65793908533111
2017	1	15	0	0	45.14837095252971
2017	1	16	0	0	21.0108571994418
2017	1	17	0	0	32.3503760513584
2017	1	18	0	0	31.385985619922103
2017	1	19	0	0	33.0562409395402
2017	1	20	0	0	31.971665750310105
2017	1	21	0	0	25.5406376288775
2017	1	22	0	0	58.0222362280844
2017	1	23	0	0	67.35041980609701
2017	1	24	0	0	40.65879784623871
2017	1	25	0	0	62.95698670193861
2017	1	26	0	0	68.5836054300361
2017	1	27	0	0	69.6004875986414
2017	1	28	0	0	26.5041120148874
2017	1	29	0	0	53.798757228045794
2017	1	30	0	0	19.3006602515324
2017	1	31	0	0	19.4115888821303
2017	2	1	0	0	29.0651939265892
2017	2	2	0	0	42.710887523222
2017	2	3	0	0	28.848527299113805
2017	2	4	0	0	40.3213406843161
2017	2	5	0	0	22.728498876924
2017	2	6	0	0	29.1035342085289
2017	2	7	0	0	71.1743805529063
2017	2	8	0	0	26.6599107299138
2017	2	9	0	0	18.1530040001127
2017	2	10	0	0	46.2018408598829
2017	2	11	0	0	61.9766720101633
2017	2	12	0	0	72.8084494119955
2017	2	13	0	0	84.403055175744
2017	2	14	0	0	47.68720500757789
2017	2	15	0	0	26.6771112176992
2017	2	16	0	0	83.6876784294433
2017	2	17	0	0	58.07897362590901
2017	2	18	0	0	43.75182634467421
2017	2	19	0	0	96.65270185943108
2017	2	20	0	0	124.478553242431
2017	2	21	0	0	129.471967559375
2017	2	22	0	0	123.307692923856
2017	2	23	0	0	133.589912739433
2017	2	24	0	0	134.396540778395
2017	2	25	0	0	145.566264967073
2017	2	26	0	0	133.595786601323
2017	2	27	0	0	129.49576329898198
2017	2	28	0	0	135.989863751274
2017	3	1	0	0	144.266254326823
2017	3	2	0	0	82.06660149752591
2017	3	3	0	0	74.9841306688722
2017	3	4	0	0	95.1457387440432
2017	3	5	0	0	32.1728577164669
2017	3	6	0	0	117.694028514436
2017	3	7	0	0	136.71190679785602
2017	3	8	0	0	128.999777911063
2017	3	9	0	0	111.072317560098
2017	3	10	0	0	155.45265028254602
2017	3	11	0	0	158.119417869186
2017	3	12	0	0	128.100366566939
2017	3	13	0	0	151.681016104722
2017	3	14	0	0	154.986386855028
2017	3	15	0	0	142.621206741401
2017	3	16	0	0	49.4264307636105
2017	3	17	0	0	71.7946321211001
2017	3	18	0	0	84.21440543738142
2017	3	19	0	0	103.777316148188
2017	3	20	0	0	60.0243456573086
2017	3	21	0	0	87.11664850046
2017	3	22	0	0	81.9927975771096
2017	3	23	0	0	89.6537107148461
2017	3	24	0	0	64.6040445299162
2017	3	25	0	0	29.9743892414372
2017	3	26	0	0	84.7103771828817
2017	3	27	0	0	35.8298608108834
2017	3	28	0	0	123.02788228551
2017	3	29	0	0	93.78833470687393
2017	3	30	0	0	108.145779573923
2017	3	31	0	0	49.8802755333537
2017	4	1	0	0	198.39365962713
2017	4	2	0	0	72.892830651024
2017	4	3	0	0	106.809363153386
2017	4	4	0	0	98.07706938067628
2017	4	5	0	0	205.74885256196097
2017	4	6	0	0	124.726216612106
2017	4	7	0	0	125.273975370408
2017	4	8	0	0	174.147814209702
2017	4	9	0	0	230.70114446075695
2017	4	10	0	0	244.102762304813
2017	4	11	0	0	242.11403017767896
2017	4	12	0	0	246.16013672520305
2017	4	13	0	0	244.01107022613095
2017	4	14	0	0	249.826581220363
2017	4	15	0	0	249.48383166628895
2017	4	16	0	0	239.270780556479
2017	4	17	0	0	256.146472814575
2017	4	18	0	0	258.563183918625
2017	4	19	0	0	259.665008728604
2017	4	20	0	0	179.61629836498798
2017	4	21	0	0	222.186128090687
2017	4	22	0	0	188.672689411591
2017	4	23	0	0	185.29507103994203
2017	4	24	0	0	188.00202586214695
2017	4	25	0	0	265.800074302362
2017	4	26	0	0	261.085033737678
2017	4	27	0	0	281.48314835678
2017	4	28	0	0	270.741321362483
2017	4	29	0	0	260.957239268769
2017	4	30	0	0	104.72061833275
2017	5	1	0	0	257.345088367011
2017	5	2	0	0	267.716929305316
2017	5	3	0	0	263.28921053322
2017	5	4	0	0	210.839109468596
2017	5	5	0	0	107.673035934591
2017	5	6	0	0	152.809155024755
2017	5	7	0	0	84.689649576231
2017	5	8	0	0	262.240606811769
2017	5	9	0	0	282.658597462661
2017	5	10	0	0	199.791223260855
2017	5	11	0	0	140.688217986449
2017	5	12	0	0	254.137314945327
2017	5	13	0	0	138.483570540725
2017	5	14	0	0	141.842912395174
2017	5	15	0	0	112.977235073989
2017	5	16	0	0	127.737739476895
2017	5	17	0	0	146.950354683657
2017	5	18	0	0	170.591168611911
2017	5	19	0	0	254.45195449535703
2017	5	20	0	0	297.818577802348
2017	5	21	0	0	285.134416771736
2017	5	22	0	0	184.481076917048
2017	5	23	0	0	264.343432099643
2017	5	24	0	0	222.414166393645
2017	5	25	0	0	292.294044291636
2017	5	26	0	0	266.47197934172
2017	5	27	0	0	302.887094866948
2017	5	28	0	0	292.242599681368
2017	5	29	0	0	296.482664226529
2017	5	30	0	0	276.618838978926
2017	5	31	0	0	105.026959608986
2017	6	1	0	0	324.197484718912
2017	6	2	0	0	327.824148420891
2017	6	3	0	0	184.722875971204
2017	6	4	0	0	155.596748792579
2017	6	5	0	0	97.9910950293447
2017	6	6	0	0	175.527766282916
2017	6	7	0	0	93.93926090172008
2017	6	8	0	0	143.784542223058
2017	6	9	0	0	261.90796925681
2017	6	10	0	0	310.284028864803
2017	6	11	0	0	312.038289373555
2017	6	12	0	0	336.415583087109
2017	6	13	0	0	344.298316532604
2017	6	14	0	0	347.885683445559
2017	6	15	0	0	281.710178843788
2017	6	16	0	0	290.56581919005697
2017	6	17	0	0	246.475204080775
2017	6	18	0	0	182.038921465214
2017	6	19	0	0	201.27408435616
2017	6	20	0	0	167.11702864769302
2017	6	21	0	0	173.348473160271
2017	6	22	0	0	324.10759676761603
2017	6	23	0	0	271.20129591379
2017	6	24	0	0	310.184968981596
2017	6	25	0	0	107.079205420428
2017	6	26	0	0	98.9627342066163
2017	6	27	0	0	134.3059354028
2017	6	28	0	0	153.603824902395
2017	6	29	0	0	295.227058023723
2017	6	30	0	0	321.025503690198
2017	7	1	0	0	158.11773929061002
2017	7	2	0	0	164.93852704173
2017	7	3	0	0	234.51383128587105
2017	7	4	0	0	205.02448661911097
2017	7	5	0	0	205.898831225927
2017	7	6	0	0	234.476801801074
2017	7	7	0	0	291.34342852852296
2017	7	8	0	0	336.96507481585604
2017	7	9	0	0	331.35380517461897
2017	7	10	0	0	275.17008272891
2017	7	11	0	0	334.51562613573
2017	7	12	0	0	274.306267664596
2017	7	13	0	0	298.41424471535703
2017	7	14	0	0	329.433180092587
2017	7	15	0	0	265.59838712444804
2017	7	16	0	0	322.708446008655
2017	7	17	0	0	309.898398942527
2017	7	18	0	0	261.38087106556
2017	7	19	0	0	269.20079278704
2017	7	20	0	0	88.0928621451953
2017	7	21	0	0	134.473126604592
2017	7	22	0	0	150.558940450817
2017	7	23	0	0	143.471320153835
2017	7	24	0	0	228.07220892621496
2017	7	25	0	0	307.508610924293
2017	7	26	0	0	313.626596860174
2017	7	27	0	0	310.639540013698
2017	7	28	0	0	297.93615540674
2017	7	29	0	0	258.654802236465
2017	7	30	0	0	85.9569165524188
2017	7	31	0	0	238.192829965269
2017	8	1	0	0	308.211863317365
2017	8	2	0	0	287.957203961902
2017	8	3	0	0	292.329862047304
2017	8	4	0	0	291.635914784324
2017	8	5	0	0	239.207435247327
2017	8	6	0	0	103.497318383306
2017	8	7	0	0	230.884457952515
2017	8	8	0	0	255.70095304548
2017	8	9	0	0	126.559971586583
2017	8	10	0	0	206.693635517307
2017	8	11	0	0	200.609320411718
2017	8	12	0	0	208.88587684517103
2017	8	13	0	0	168.472869783867
2017	8	14	0	0	210.0824112298
2017	8	15	0	0	172.979700965971
2017	8	16	0	0	278.24623667142896
2017	8	17	0	0	271.500207526591
2017	8	18	0	0	270.72041159813097
2017	8	19	0	0	191.750524922126
2017	8	20	0	0	256.134088309755
2017	8	21	0	0	256.097253445892
2017	8	22	0	0	111.835563593762
2017	8	23	0	0	74.5563591112782
2017	8	24	0	0	184.658051041007
2017	8	25	0	0	165.808902474841
2017	8	26	0	0	191.793185349095
2017	8	27	0	0	197.63791950276504
2017	8	28	0	0	143.932937401927
2017	8	29	0	0	137.608703396188
2017	8	30	0	0	74.4111699989645
2017	8	31	0	0	227.15674356324905
2017	9	1	0	0	226.501379094056
2017	9	2	0	0	199.420215240439
2017	9	3	0	0	178.783250235495
2017	9	4	0	0	192.38878114228
2017	9	5	0	0	208.50522620614
2017	9	6	0	0	204.012773445984
2017	9	7	0	0	182.07065166397203
2017	9	8	0	0	83.04450551135079
2017	9	9	0	0	105.669688782702
2017	9	10	0	0	128.438687880415
2017	9	11	0	0	88.0269647647367
2017	9	12	0	0	71.0398256553533
2017	9	13	0	0	103.803024404408
2017	9	14	0	0	139.586975635386
2017	9	15	0	0	46.5280829920632
2017	9	16	0	0	42.5092285579969
2017	9	17	0	0	130.349837789573
2017	9	18	0	0	167.82845146941202
2017	9	19	0	0	164.335475436628
2017	9	20	0	0	166.630852561228
2017	9	21	0	0	162.887528867536
2017	9	22	0	0	158.098910034798
2017	9	23	0	0	157.384731700775
2017	9	24	0	0	74.34405302976259
2017	9	25	0	0	154.487108009994
2017	9	26	0	0	162.701309717311
2017	9	27	0	0	53.5347813264164
2017	9	28	0	0	142.796745805645
2017	9	29	0	0	150.073898200435
2017	9	30	0	0	144.954240032479
2017	10	1	0	0	113.511302757571
2017	10	2	0	0	112.163579926331
2017	10	3	0	0	136.268103259527
2017	10	4	0	0	102.190909401909
2017	10	5	0	0	91.8068443723948
2017	10	6	0	0	61.1828647147972
2017	10	7	0	0	123.677623101391
2017	10	8	0	0	39.5670520099848
2017	10	9	0	0	91.8797086878124
2017	10	10	0	0	103.187640511045
2017	10	11	0	0	77.9012552197996
2017	10	12	0	0	57.815608665106105
2017	10	13	0	0	107.279598261791
2017	10	14	0	0	87.58322919896099
2017	10	15	0	0	45.60230854827429
2017	10	16	0	0	71.8792629378316
2017	10	17	0	0	75.35624914164809
2017	10	18	0	0	31.681232241617
2017	10	19	0	0	100.556330097559
2017	10	20	0	0	107.796733866846
2017	10	21	0	0	91.9352461704183
2017	10	22	0	0	104.702188791894
2017	10	23	0	0	92.3304989604845
2017	10	24	0	0	81.9838809747758
2017	10	25	0	0	62.0793032779496
2017	10	26	0	0	67.5258725970986
2017	10	27	0	0	72.89129170335809
2017	10	28	0	0	55.8393771520047
2017	10	29	0	0	43.2357429359015
2017	10	30	0	0	66.3545895425824
2017	10	31	0	0	49.195802438648606
2017	11	1	0	0	32.5928595365845
2017	11	2	0	0	34.4114362127983
2017	11	3	0	0	24.7956691870084
2017	11	4	0	0	21.0269332235018
2017	11	5	0	0	20.395544125508803
2017	11	6	0	0	16.513694777383403
2017	11	7	0	0	30.8116236192445
2017	11	8	0	0	53.7906106133748
2017	11	9	0	0	38.65140262821271
2017	11	10	0	0	46.649529469893295
2017	11	11	0	0	44.548097755023
2017	11	12	0	0	33.4079671218032
2017	11	13	0	0	36.5935947870089
2017	11	14	0	0	56.297666010889
2017	11	15	0	0	23.1934321855886
2017	11	16	0	0	60.2155557654665
2017	11	17	0	0	43.53690433537889
2017	11	18	0	0	55.16084664149079
2017	11	19	0	0	41.257182170736606
2017	11	20	0	0	40.9338715049234
2017	11	21	0	0	26.8233308442539
2017	11	22	0	0	38.5926999323034
2017	11	23	0	0	37.6610344953125
2017	11	24	0	0	29.4794942154734
2017	11	25	0	0	19.8964565227921
2017	11	26	0	0	15.9000142999638
2017	11	27	0	0	22.2931922251656
2017	11	28	0	0	23.5611593689144
2017	11	29	0	0	18.0967481485017
2017	11	30	0	0	18.8916123602645
2017	12	1	0	0	14.024238078715
2017	12	2	0	0	37.6730292586017
2017	12	3	0	0	23.378451987761
2017	12	4	0	0	17.233344451903697
2017	12	5	0	0	21.862695871329898
2017	12	6	0	0	44.3646045313295
2017	12	7	0	0	20.5414571683824
2017	12	8	0	0	17.608610314354397
2017	12	9	0	0	44.260073249839294
2017	12	10	0	0	17.9950325328423
2017	12	11	0	0	21.766112542660306
2017	12	12	0	0	21.5713428238674
2017	12	13	0	0	20.4264960962865
2017	12	14	0	0	14.041315651068098
2017	12	15	0	0	42.3270981314789
2017	12	16	0	0	41.5748264036698
2017	12	17	0	0	14.2038185714113
2017	12	18	0	0	20.330674845882
2017	12	19	0	0	19.5244507404478
2017	12	20	0	0	28.736855101265203
2017	12	21	0	0	17.750137532883603
2017	12	22	0	0	18.0484563198006
2017	12	23	0	0	20.3697779379026
2017	12	24	0	0	31.0133538479869
2017	12	25	0	0	21.4132938450693
2017	12	26	0	0	22.4364503743852
2017	12	27	0	0	16.691060704163498
2017	12	28	0	0	26.7340268915027
2017	12	29	0	0	17.756613910336497
2017	12	30	0	0	16.2265527829525
2017	12	31	0	0	33.7867607650867
2018	1	1	0	0	41.1544831669929
2018	1	2	0	0	26.1647721263948
2018	1	3	0	0	14.4100705776894
2018	1	4	0	0	35.6524895101989
2018	1	5	0	0	15.0840215859149
2018	1	6	0	0	48.2734960284038
2018	1	7	0	0	50.3839816793071
2018	1	8	0	0	49.0747164446041
2018	1	9	0	0	16.7211466111149
2018	1	10	0	0	13.4312558918618
2018	1	11	0	0	15.2191095215971
2018	1	12	0	0	17.819811884357602
2018	1	13	0	0	27.2854023416267
2018	1	14	0	0	51.1591910197352
2018	1	15	0	0	30.6189744448431
2018	1	16	0	0	27.7847970386435
2018	1	17	0	0	17.7668899483863
2018	1	18	0	0	30.4142666706388
2018	1	19	0	0	16.462432422300697
2018	1	20	0	0	52.7167526167388
2018	1	21	0	0	57.8333900132356
2018	1	22	0	0	31.7106861182362
2018	1	23	0	0	27.273403829733702
2018	1	24	0	0	42.4407572388765
2018	1	25	0	0	15.2627489780691
2018	1	26	0	0	58.55072781780479
2018	1	27	0	0	37.17769950551229
2018	1	28	0	0	59.4605737540641
2018	1	29	0	0	15.3069592027466
2018	1	30	0	0	24.7292085189748
2018	1	31	0	0	46.8946325201024
2018	2	1	0	0	16.1159861275337
2018	2	2	0	0	69.04760352345039
2018	2	3	0	0	24.8388416964052
2018	2	4	0	0	36.3897214510538
2018	2	5	0	0	66.2102270840264
2018	2	6	0	0	28.2270793007938
2018	2	7	0	0	25.908465831056
2018	2	8	0	0	80.6786978254094
2018	2	9	0	0	46.86566368103539
2018	2	10	0	0	62.9069740889816
2018	2	11	0	0	72.2438856534125
2018	2	12	0	0	17.7266580849492
2018	2	13	0	0	78.0533667701023
2018	2	14	0	0	63.59012155873071
2018	2	15	0	0	110.215142045405
2018	2	16	0	0	92.8880667234955
2018	2	17	0	0	111.004358509466
2018	2	18	0	0	96.4348398779611
2018	2	19	0	0	84.07161311911321
2018	2	20	0	0	89.92652299393521
2018	2	21	0	0	110.879408647719
2018	2	22	0	0	115.656175827266
2018	2	23	0	0	119.105517091027
2018	2	24	0	0	81.2074973767805
2018	2	25	0	0	69.3559917640155
2018	2	26	0	0	44.9750013793968
2018	2	27	0	0	60.48999734478289
2018	2	28	0	0	45.134653329334405
2018	3	1	0	0	82.83112807848559
2018	3	2	0	0	96.64989300670668
2018	3	3	0	0	149.046812881358
2018	3	4	0	0	109.235543326421
2018	3	5	0	0	83.9966222313046
2018	3	6	0	0	103.429149556302
2018	3	7	0	0	167.593525776418
2018	3	8	0	0	43.860655926986
2018	3	9	0	0	119.393757239256
2018	3	10	0	0	169.84061139528998
2018	3	11	0	0	79.362623821406
2018	3	12	0	0	56.4877204124484
2018	3	13	0	0	165.493224280154
2018	3	14	0	0	142.640322765776
2018	3	15	0	0	122.640845310306
2018	3	16	0	0	80.5511247630004
2018	3	17	0	0	107.395450454874
2018	3	18	0	0	60.5241224534429
2018	3	19	0	0	79.821230270013
2018	3	20	0	0	64.1940835779632
2018	3	21	0	0	84.4298520853882
2018	3	22	0	0	110.042203214547
2018	3	23	0	0	133.031853616163
2018	3	24	0	0	161.430616188381
2018	3	25	0	0	142.27491869205798
2018	3	26	0	0	194.849751883434
2018	3	27	0	0	50.212855697265
2018	3	28	0	0	113.791320417597
2018	3	29	0	0	56.53740359825371
2018	3	30	0	0	94.42090194376448
2018	3	31	0	0	113.268881561188
2018	4	1	0	0	107.057846431813
2018	4	2	0	0	83.1631318466175
2018	4	3	0	0	137.97672576651698
2018	4	4	0	0	91.363425328595
2018	4	5	0	0	160.758645343014
2018	4	6	0	0	82.07018096564691
2018	4	7	0	0	90.0565092218627
2018	4	8	0	0	98.1205177933075
2018	4	9	0	0	207.16961060574
2018	4	10	0	0	157.160979130533
2018	4	11	0	0	144.359314686604
2018	4	12	0	0	219.97274206460895
2018	4	13	0	0	168.29740220715
2018	4	14	0	0	93.75115518542248
2018	4	15	0	0	99.91811122233908
2018	4	16	0	0	195.504486412085
2018	4	17	0	0	127.788181446528
2018	4	18	0	0	148.046842963901
2018	4	19	0	0	138.830522376523
2018	4	20	0	0	96.9642649047144
2018	4	21	0	0	159.84398497079098
2018	4	22	0	0	129.458203154181
2018	4	23	0	0	85.523582553445
2018	4	24	0	0	82.7489917531628
2018	4	25	0	0	178.338520397115
2018	4	26	0	0	258.401469267122
2018	4	27	0	0	157.317306305922
2018	4	28	0	0	204.976736207117
2018	4	29	0	0	229.136786546945
2018	4	30	0	0	202.748478234674
2018	5	1	0	0	94.546031219046
2018	5	2	0	0	250.201758720744
2018	5	3	0	0	94.55786242738132
2018	5	4	0	0	276.288842995668
2018	5	5	0	0	279.489442636968
2018	5	6	0	0	287.550648563768
2018	5	7	0	0	277.622352835144
2018	5	8	0	0	97.84043930078808
2018	5	9	0	0	100.128647465203
2018	5	10	0	0	100.415887528632
2018	5	11	0	0	205.12092705177
2018	5	12	0	0	175.792060772423
2018	5	13	0	0	100.467631593791
2018	5	14	0	0	106.225696481774
2018	5	15	0	0	93.54704723334048
2018	5	16	0	0	144.958179537826
2018	5	17	0	0	77.82506186247541
2018	5	18	0	0	199.87745028415296
2018	5	19	0	0	164.681578200807
2018	5	20	0	0	311.959663261501
2018	5	21	0	0	307.517377508818
2018	5	22	0	0	128.10267764043002
2018	5	23	0	0	132.244311592325
2018	5	24	0	0	127.984063161691
2018	5	25	0	0	145.280468100081
2018	5	26	0	0	170.303633641087
2018	5	27	0	0	145.908665228134
2018	5	28	0	0	162.421167681684
2018	5	29	0	0	313.454723857175
2018	5	30	0	0	176.32216877296798
2018	5	31	0	0	157.499723613452
2018	6	1	0	0	223.947928908668
2018	6	2	0	0	125.159821605988
2018	6	3	0	0	76.6990828274891
2018	6	4	0	0	117.551012234625
2018	6	5	0	0	86.6372767397147
2018	6	6	0	0	105.981376843934
2018	6	7	0	0	232.080714477676
2018	6	8	0	0	235.728236308568
2018	6	9	0	0	172.68180592142895
2018	6	10	0	0	204.85069111236697
2018	6	11	0	0	232.903729658868
2018	6	12	0	0	252.435129043791
2018	6	13	0	0	201.298142227513
2018	6	14	0	0	242.547470106597
2018	6	15	0	0	264.35626358145
2018	6	16	0	0	164.590355907631
2018	6	17	0	0	154.722099087651
2018	6	18	0	0	323.304655069216
2018	6	19	0	0	317.491773014689
2018	6	20	0	0	269.072548441906
2018	6	21	0	0	335.176101168734
2018	6	22	0	0	297.681008145457
2018	6	23	0	0	248.273710863211
2018	6	24	0	0	235.787206135282
2018	6	25	0	0	144.95990246443898
2018	6	26	0	0	186.63364312273495
2018	6	27	0	0	214.068206912495
2018	6	28	0	0	189.906752771939
2018	6	29	0	0	198.880980971014
2018	6	30	0	0	267.38203972110296
2018	7	1	0	0	292.44324087966703
2018	7	2	0	0	268.94326113315
2018	7	3	0	0	227.385883800645
2018	7	4	0	0	171.56687170167402
2018	7	5	0	0	88.8564226423414
2018	7	6	0	0	254.97974105197895
2018	7	7	0	0	114.662473739191
2018	7	8	0	0	92.54699395051192
2018	7	9	0	0	76.8684190754033
2018	7	10	0	0	149.006706478209
2018	7	11	0	0	255.438050214362
2018	7	12	0	0	186.11037849773
2018	7	13	0	0	250.24467187637
2018	7	14	0	0	164.05395507643
2018	7	15	0	0	249.530084555012
2018	7	16	0	0	249.070774896433
2018	7	17	0	0	196.79030611266103
2018	7	18	0	0	177.68146530003102
2018	7	19	0	0	167.291692928031
2018	7	20	0	0	188.074274782672
2018	7	21	0	0	251.404744746847
2018	7	22	0	0	188.818581570441
2018	7	23	0	0	129.117318284336
2018	7	24	0	0	159.710382491495
2018	7	25	0	0	240.258209349438
2018	7	26	0	0	174.230357159648
2018	7	27	0	0	248.515130604943
2018	7	28	0	0	109.946521036956
2018	7	29	0	0	199.74036813502
2018	7	30	0	0	296.626602993427
2018	7	31	0	0	282.029304853319
2018	8	1	0	0	178.18458270457802
2018	8	2	0	0	272.01985000276903
2018	8	3	0	0	215.212547286739
2018	8	4	0	0	171.199916500766
2018	8	5	0	0	145.701670743218
2018	8	6	0	0	95.6755607122873
2018	8	7	0	0	235.7810838301
2018	8	8	0	0	138.978077320992
2018	8	9	0	0	243.807871651842
2018	8	10	0	0	194.189045989423
2018	8	11	0	0	184.836507161401
2018	8	12	0	0	257.749707149879
2018	8	13	0	0	258.415710258176
2018	8	14	0	0	172.94413225152198
2018	8	15	0	0	101.85490818908
2018	8	16	0	0	242.924514640917
2018	8	17	0	0	192.704944728662
2018	8	18	0	0	230.53125747435905
2018	8	19	0	0	224.19865079848
2018	8	20	0	0	116.262626063517
2018	8	21	0	0	159.59438968826402
2018	8	22	0	0	221.25215539806305
2018	8	23	0	0	84.7123875458257
2018	8	24	0	0	125.016405226124
2018	8	25	0	0	184.89872646462
2018	8	26	0	0	153.809384923638
2018	8	27	0	0	66.1561487444796
2018	8	28	0	0	112.535095722789
2018	8	29	0	0	95.6806226922801
2018	8	30	0	0	143.302910421583
2018	8	31	0	0	170.674527652916
2018	9	1	0	0	172.858240989277
2018	9	2	0	0	206.37239127553505
2018	9	3	0	0	215.554015211705
2018	9	4	0	0	207.427862396471
2018	9	5	0	0	205.065375448306
2018	9	6	0	0	204.26590830131695
2018	9	7	0	0	113.647452325243
2018	9	8	0	0	122.481363401637
2018	9	9	0	0	110.265600074013
2018	9	10	0	0	141.661690416629
2018	9	11	0	0	112.116155173451
2018	9	12	0	0	192.327699195102
2018	9	13	0	0	75.8851864436311
2018	9	14	0	0	59.2875963569281
2018	9	15	0	0	88.2065275151837
2018	9	16	0	0	176.468707290471
2018	9	17	0	0	166.494027368711
2018	9	18	0	0	114.764221887415
2018	9	19	0	0	170.900032931052
2018	9	20	0	0	150.656560920639
2018	9	21	0	0	56.1203784881564
2018	9	22	0	0	40.901850501580206
2018	9	23	0	0	32.6273987933925
2018	9	24	0	0	147.29427669237498
2018	9	25	0	0	40.2923385239044
2018	9	26	0	0	118.645574412974
2018	9	27	0	0	50.8324286211053
2018	9	28	0	0	60.0360763318543
2018	9	29	0	0	81.505278450031
2018	9	30	0	0	145.00143446419798
2018	10	1	0	0	139.570977262008
2018	10	2	0	0	88.661644550465
2018	10	3	0	0	67.3958329811917
2018	10	4	0	0	91.69794868630328
2018	10	5	0	0	78.4916615240794
2018	10	6	0	0	121.436802974031
2018	10	7	0	0	80.3090695849475
2018	10	8	0	0	134.346358482321
2018	10	9	0	0	126.807524490389
2018	10	10	0	0	27.309408617406
2018	10	11	0	0	105.619831810787
2018	10	12	0	0	82.48589531650559
2018	10	13	0	0	46.3729407099789
2018	10	14	0	0	99.895448650747
2018	10	15	0	0	98.0958686788138
2018	10	16	0	0	80.6982539217366
2018	10	17	0	0	94.2628598027115
2018	10	18	0	0	55.437220513741
2018	10	19	0	0	67.8391125800691
2018	10	20	0	0	56.70666286304871
2018	10	21	0	0	52.475686249209794
2018	10	22	0	0	99.6742306215032
2018	10	23	0	0	34.6382053194752
2018	10	24	0	0	51.5788607860925
2018	10	25	0	0	92.3027972467735
2018	10	26	0	0	69.9437534866616
2018	10	27	0	0	21.4201072271073
2018	10	28	0	0	91.3162767484422
2018	10	29	0	0	85.04001866174009
2018	10	30	0	0	62.101183342456
2018	10	31	0	0	75.123486929045
2018	11	1	0	0	20.5201440235584
2018	11	2	0	0	66.5844568344539
2018	11	3	0	0	72.6881454789267
2018	11	4	0	0	74.16860011332
2018	11	5	0	0	71.53701031599451
2018	11	6	0	0	71.9704025588286
2018	11	7	0	0	68.733002090848
2018	11	8	0	0	62.40285359563439
2018	11	9	0	0	64.68263159124679
2018	11	10	0	0	51.9661367531328
2018	11	11	0	0	16.8454529256129
2018	11	12	0	0	33.63456707546089
2018	11	13	0	0	20.2855508353119
2018	11	14	0	0	26.2448082069282
2018	11	15	0	0	55.5427066848913
2018	11	16	0	0	53.57438066693071
2018	11	17	0	0	54.07397437997089
2018	11	18	0	0	53.1362002488657
2018	11	19	0	0	18.1219838806312
2018	11	20	0	0	50.7090586067945
2018	11	21	0	0	44.771326505637
2018	11	22	0	0	53.4252422946554
2018	11	23	0	0	22.0831348134403
2018	11	24	0	0	16.6603734580119
2018	11	25	0	0	24.629304042104803
2018	11	26	0	0	22.780857418895696
2018	11	27	0	0	23.533004792704897
2018	11	28	0	0	25.419522618454295
2018	11	29	0	0	23.5810536921202
2018	11	30	0	0	22.4467135953131
2018	12	1	0	0	23.350510120957495
2018	12	2	0	0	38.0762445209696
2018	12	3	0	0	22.2384692898395
2018	12	4	0	0	21.9759765840986
2018	12	5	0	0	21.4929369454813
2018	12	6	0	0	25.31561706022761
2018	12	7	0	0	32.7761744547862
2018	12	8	0	0	19.6509502666842
2018	12	9	0	0	39.8943969153791
2018	12	10	0	0	22.4329401052252
2018	12	11	0	0	16.8049856688854
2018	12	12	0	0	14.1379163662372
2018	12	13	0	0	31.9096524724895
2018	12	14	0	0	16.0173087270714
2018	12	15	0	0	16.393552114726
2018	12	16	0	0	29.3586113191909
2018	12	17	0	0	25.665672293671
2018	12	18	0	0	27.720865544122898
2018	12	19	0	0	21.805724050827894
2018	12	20	0	0	21.0593790542447
2018	12	21	0	0	17.7593457547434
2018	12	22	0	0	26.5290050341516
2018	12	23	0	0	16.396853237268
2018	12	24	0	0	19.4534158850952
2018	12	25	0	0	17.2349871632764
2018	12	26	0	0	23.2862942669212
2018	12	27	0	0	25.0898618398365
2018	12	28	0	0	23.3223891107089
2018	12	29	0	0	31.401807404598102
2018	12	30	0	0	20.4058393552341
2018	12	31	0	0	17.745932999730602
2019	1	1	0	0	27.8240177996868
2019	1	2	0	0	18.6505163536532
2019	1	3	0	0	20.913912086450104
2019	1	4	0	0	26.7074079841608
2019	1	5	0	0	22.7742355676046
2019	1	6	0	0	33.0912043508914
2019	1	7	0	0	27.117671743352105
2019	1	8	0	0	36.5025155165344
2019	1	9	0	0	18.9842156093616
2019	1	10	0	0	50.6511463107439
2019	1	11	0	0	42.5453982743725
2019	1	12	0	0	19.983441690531603
2019	1	13	0	0	16.776765691107
2019	1	14	0	0	20.0303773250527
2019	1	15	0	0	18.8487232682744
2019	1	16	0	0	31.4901640771144
2019	1	17	0	0	20.9931733320212
2019	1	18	0	0	35.557371943719
2019	1	19	0	0	26.698322115682696
2019	1	20	0	0	17.8200669490385
2019	1	21	0	0	16.6625291621495
2019	1	22	0	0	38.3187430060468
2019	1	23	0	0	19.9074184238218
2019	1	24	0	0	23.734638257442104
2019	1	25	0	0	21.1718409045385
2019	1	26	0	0	38.8386675685764
2019	1	27	0	0	60.74608364304029
2019	1	28	0	0	25.5398055708512
2019	1	29	0	0	15.3079460312694
2019	1	30	0	0	16.9444286215116
2019	1	31	0	0	33.9756642743008
2019	2	1	0	0	19.6604879085356
2019	2	2	0	0	28.0444053708154
2019	2	3	0	0	21.7572255871242
2019	2	4	0	0	28.782473332989603
2019	2	5	0	0	46.8298840059304
2019	2	6	0	0	49.5448788837635
2019	2	7	0	0	21.363725722932
2019	2	8	0	0	31.280368591359892
2019	2	9	0	0	77.95163280710521
2019	2	10	0	0	23.3068388966773
2019	2	11	0	0	37.0645515281854
2019	2	12	0	0	28.808104029717
2019	2	13	0	0	28.0411508448937
2019	2	14	0	0	39.72294360809
2019	2	15	0	0	24.694994591300603
2019	2	16	0	0	36.2027036080689
2019	2	17	0	0	23.5627389646815
2019	2	18	0	0	22.9611155134574
2019	2	19	0	0	35.223185124400395
2019	2	20	0	0	28.9465727044125
2019	2	21	0	0	50.1025001104957
2019	2	22	0	0	91.7844048451242
2019	2	23	0	0	47.1703445039727
2019	2	24	0	0	47.8207500355806
2019	2	25	0	0	117.900515243761
2019	2	26	0	0	108.361836551431
2019	2	27	0	0	60.5468698269594
2019	2	28	0	0	51.550896219793394
2019	3	1	0	0	39.904460345209706
2019	3	2	0	0	102.136449691891
2019	3	3	0	0	99.23102379303042
2019	3	4	0	0	26.4905293486029
2019	3	5	0	0	72.2284828209871
2019	3	6	0	0	153.202331669659
2019	3	7	0	0	150.529173759631
2019	3	8	0	0	59.303676397599205
2019	3	9	0	0	144.684253713834
2019	3	10	0	0	52.8583205941259
2019	3	11	0	0	54.6917723165944
2019	3	12	0	0	136.868214914009
2019	3	13	0	0	151.812347371367
2019	3	14	0	0	51.0312116006568
2019	3	15	0	0	137.683018047626
2019	3	16	0	0	63.19226239960821
2019	3	17	0	0	114.754013409698
2019	3	18	0	0	97.2815589698003
2019	3	19	0	0	75.7935827594868
2019	3	20	0	0	60.4299562138385
2019	3	21	0	0	59.8031500887985
2019	3	22	0	0	43.5776443435727
2019	3	23	0	0	51.89906747029311
2019	3	24	0	0	45.7159655695006
2019	3	25	0	0	61.050874757208206
2019	3	26	0	0	162.223585642145
2019	3	27	0	0	186.990306939156
2019	3	28	0	0	98.5199076564875
2019	3	29	0	0	113.663514351504
2019	3	30	0	0	85.5952403516821
2019	3	31	0	0	77.8722510802025
2019	4	1	0	0	200.241483687412
2019	4	2	0	0	215.39325487759
2019	4	3	0	0	213.414219383052
2019	4	4	0	0	209.90666236135505
2019	4	5	0	0	214.430851750874
2019	4	6	0	0	217.527780684016
2019	4	7	0	0	214.917487760462
2019	4	8	0	0	171.07807330748997
2019	4	9	0	0	117.598104308902
2019	4	10	0	0	149.679169516349
2019	4	11	0	0	66.3465881349394
2019	4	12	0	0	99.8289830839537
2019	4	13	0	0	103.330701900586
2019	4	14	0	0	244.847124020316
2019	4	15	0	0	130.364648895028
2019	4	16	0	0	188.63488317677
2019	4	17	0	0	93.44230637127028
2019	4	18	0	0	132.215462290023
2019	4	19	0	0	161.025350785861
2019	4	20	0	0	187.903048097106
2019	4	21	0	0	263.577724697132
2019	4	22	0	0	264.995158733781
2019	4	23	0	0	270.94824162179003
2019	4	24	0	0	265.985648226874
2019	4	25	0	0	275.800553236254
2019	4	26	0	0	280.485032262533
2019	4	27	0	0	261.265277624442
2019	4	28	0	0	260.734152258288
2019	4	29	0	0	136.542024383588
2019	4	30	0	0	274.600315914196
2019	5	1	0	0	264.54583659180304
2019	5	2	0	0	280.076287673976
2019	5	3	0	0	259.06194475301896
2019	5	4	0	0	210.703662088582
2019	5	5	0	0	269.263109955068
2019	5	6	0	0	279.112267606532
2019	5	7	0	0	224.376467618969
2019	5	8	0	0	100.290157331618
2019	5	9	0	0	284.996595088573
2019	5	10	0	0	270.165797649505
2019	5	11	0	0	178.095720858339
2019	5	12	0	0	232.888978611748
2019	5	13	0	0	103.7739757099
2019	5	14	0	0	114.453807272773
2019	5	15	0	0	111.33486822665002
2019	5	16	0	0	143.48532365301702
2019	5	17	0	0	237.945242957035
2019	5	18	0	0	265.113430331228
2019	5	19	0	0	181.74815218093104
2019	5	20	0	0	143.726409326893
2019	5	21	0	0	215.902580138815
2019	5	22	0	0	213.197460833515
2019	5	23	0	0	105.352160491168
2019	5	24	0	0	83.13163947353159
2019	5	25	0	0	100.106755058194
2019	5	26	0	0	288.800271924682
2019	5	27	0	0	113.466006059249
2019	5	28	0	0	168.18323983909
2019	5	29	0	0	309.615646877203
2019	5	30	0	0	231.962225417487
2019	5	31	0	0	182.11348041276295
2019	6	1	0	0	192.49169644927
2019	6	2	0	0	279.356679058134
2019	6	3	0	0	114.844877940959
2019	6	4	0	0	116.753544634531
2019	6	5	0	0	254.89443826274
2019	6	6	0	0	274.383054964751
2019	6	7	0	0	306.51856951010103
2019	6	8	0	0	309.438230732175
2019	6	9	0	0	316.191251193769
2019	6	10	0	0	308.367650844524
2019	6	11	0	0	114.352421753885
2019	6	12	0	0	98.530399645837
2019	6	13	0	0	294.858639081529
2019	6	14	0	0	173.080781039453
2019	6	15	0	0	154.909831776604
2019	6	16	0	0	135.69675295762198
2019	6	17	0	0	100.340271109612
2019	6	18	0	0	226.47417828019
2019	6	19	0	0	230.42984357880297
2019	6	20	0	0	185.156262352634
2019	6	21	0	0	208.508118208399
2019	6	22	0	0	282.26009940339696
2019	6	23	0	0	233.691793823749
2019	6	24	0	0	197.184196116682
2019	6	25	0	0	227.083959132482
2019	6	26	0	0	100.945373757342
2019	6	27	0	0	83.4289517289927
2019	6	28	0	0	178.52580775366502
2019	6	29	0	0	236.51801054524103
2019	6	30	0	0	312.451989184598
2019	7	1	0	0	312.723144565506
2019	7	2	0	0	88.81140400203009
2019	7	3	0	0	93.6072982429239
2019	7	4	0	0	88.6593267318433
2019	7	5	0	0	87.0348501445973
2019	7	6	0	0	64.23598707597239
2019	7	7	0	0	88.8399621391733
2019	7	8	0	0	88.7841537125256
2019	7	9	0	0	283.63767643193404
2019	7	10	0	0	221.48517385578
2019	7	11	0	0	288.655326129379
2019	7	12	0	0	262.289897389596
2019	7	13	0	0	255.321204367642
2019	7	14	0	0	260.446838162811
2019	7	15	0	0	283.81454584168
2019	7	16	0	0	268.119953514784
2019	7	17	0	0	274.013481550286
2019	7	18	0	0	150.146945773923
2019	7	19	0	0	191.59313998644
2019	7	20	0	0	238.438658888492
2019	7	21	0	0	201.955232653093
2019	7	22	0	0	186.483274313632
2019	7	23	0	0	113.706175913239
2019	7	24	0	0	184.39187311094105
2019	7	25	0	0	225.736613001584
2019	7	26	0	0	252.757368586732
2019	7	27	0	0	95.0731935039708
2019	7	28	0	0	199.570602142281
2019	7	29	0	0	223.473054571742
2019	7	30	0	0	186.46171575318505
2019	7	31	0	0	117.06028786871
2019	8	1	0	0	194.094624630556
2019	8	2	0	0	116.775296888304
2019	8	3	0	0	179.42238921184398
2019	8	4	0	0	117.741906736851
2019	8	5	0	0	187.20305058568297
2019	8	6	0	0	96.0087475660656
2019	8	7	0	0	237.04570366152
2019	8	8	0	0	77.5785823102716
2019	8	9	0	0	75.10941528983341
2019	8	10	0	0	184.26130621971905
2019	8	11	0	0	200.135584454338
2019	8	12	0	0	111.889863184934
2019	8	13	0	0	67.8039673881384
2019	8	14	0	0	95.98950526847808
2019	8	15	0	0	150.43850148152
2019	8	16	0	0	117.670468621571
2019	8	17	0	0	169.733656650098
2019	8	18	0	0	221.03590638378
2019	8	19	0	0	172.333178813414
2019	8	20	0	0	178.059940326213
2019	8	21	0	0	214.331355453391
2019	8	22	0	0	209.908068889689
2019	8	23	0	0	167.753312502314
2019	8	24	0	0	149.993215597791
2019	8	25	0	0	216.17388869705505
2019	8	26	0	0	209.37326752125
2019	8	27	0	0	99.0378730492736
2019	8	28	0	0	103.971599769336
2019	8	29	0	0	99.02653116227432
2019	8	30	0	0	70.3197000670977
2019	8	31	0	0	104.892847467002
2019	9	1	0	0	67.2542771054687
2019	9	2	0	0	110.922037262287
2019	9	3	0	0	82.2611038517603
2019	9	4	0	0	73.21185763550791
2019	9	5	0	0	58.2121085188089
2019	9	6	0	0	61.550981353668696
2019	9	7	0	0	52.8611859566846
2019	9	8	0	0	119.017313223963
2019	9	9	0	0	197.95679096770695
2019	9	10	0	0	198.41810845583305
2019	9	11	0	0	171.37796887356
2019	9	12	0	0	142.85610472478902
2019	9	13	0	0	180.28005155502
2019	9	14	0	0	71.5865951490294
2019	9	15	0	0	178.22570229009202
2019	9	16	0	0	175.738645538676
2019	9	17	0	0	113.053600474593
2019	9	18	0	0	67.3309439600829
2019	9	19	0	0	34.0107358235342
2019	9	20	0	0	90.06847407682709
2019	9	21	0	0	44.3202686443466
2019	9	22	0	0	162.320892691385
2019	9	23	0	0	157.141267224475
2019	9	24	0	0	132.04303519110002
2019	9	25	0	0	148.596845589445
2019	9	26	0	0	67.42992326295361
2019	9	27	0	0	33.2350709924825
2019	9	28	0	0	91.22214270101428
2019	9	29	0	0	66.611810088447
2019	9	30	0	0	130.671658775174
2019	10	1	0	0	137.906155782981
2019	10	2	0	0	133.161878697216
2019	10	3	0	0	88.31697568461729
2019	10	4	0	0	97.2559187467226
2019	10	5	0	0	64.796814842505
2019	10	6	0	0	59.8733854462324
2019	10	7	0	0	59.3205396745558
2019	10	8	0	0	87.1772180368325
2019	10	9	0	0	65.9521932288801
2019	10	10	0	0	43.214115046643705
2019	10	11	0	0	64.6320943580295
2019	10	12	0	0	65.2629381141229
2019	10	13	0	0	116.561770424741
2019	10	14	0	0	112.627704402519
2019	10	15	0	0	112.547121538805
2019	10	16	0	0	105.914401954895
2019	10	17	0	0	99.46118038833772
2019	10	18	0	0	96.52669132120408
2019	10	19	0	0	95.94656397434092
2019	10	20	0	0	93.2522920868067
2019	10	21	0	0	89.9117766034376
2019	10	22	0	0	48.066092655838496
2019	10	23	0	0	72.72438956475929
2019	10	24	0	0	76.2807275229888
2019	10	25	0	0	26.4191564496274
2019	10	26	0	0	27.7582494803989
2019	10	27	0	0	73.5021012278959
2019	10	28	0	0	91.63773725494173
2019	10	29	0	0	87.87161455965469
2019	10	30	0	0	87.3312800198792
2019	10	31	0	0	73.286785446126
2019	11	1	0	0	45.30669534351591
2019	11	2	0	0	38.9675423270272
2019	11	3	0	0	70.3281350754366
2019	11	4	0	0	56.5064105944594
2019	11	5	0	0	26.3325703290385
2019	11	6	0	0	74.8713693231137
2019	11	7	0	0	72.7188281000211
2019	11	8	0	0	58.6980878895642
2019	11	9	0	0	22.7448657371943
2019	11	10	0	0	13.4477414727515
2019	11	11	0	0	22.730316786269103
2019	11	12	0	0	25.573788286321395
2019	11	13	0	0	49.0517466413748
2019	11	14	0	0	57.54430820170921
2019	11	15	0	0	34.7789447657493
2019	11	16	0	0	38.7004114988644
2019	11	17	0	0	58.2978458405816
2019	11	18	0	0	55.84606700167829
2019	11	19	0	0	53.911736604197
2019	11	20	0	0	48.4574972713912
2019	11	21	0	0	19.8731933482289
2019	11	22	0	0	20.4947719190152
2019	11	23	0	0	23.425340339453697
2019	11	24	0	0	16.8674231957271
2019	11	25	0	0	39.1366079980444
2019	11	26	0	0	23.3103682989385
2019	11	27	0	0	36.9647795135997
2019	11	28	0	0	16.0266857345692
2019	11	29	0	0	42.059355443296205
2019	11	30	0	0	38.6380571525637
2019	12	1	0	0	21.4833055454826
2019	12	2	0	0	18.038580257304897
2019	12	3	0	0	20.364188617677897
2019	12	4	0	0	17.1240272649968
2019	12	5	0	0	24.5308636190174
2019	12	6	0	0	43.156958134848
2019	12	7	0	0	38.3749730339698
2019	12	8	0	0	28.689853319576105
2019	12	9	0	0	39.9819640471189
2019	12	10	0	0	40.2676397467562
2019	12	11	0	0	38.2408871147778
2019	12	12	0	0	16.9149049507968
2019	12	13	0	0	38.534901538125794
2019	12	14	0	0	28.6545305448115
2019	12	15	0	0	32.5605371709484
2019	12	16	0	0	31.6822557002715
2019	12	17	0	0	22.268308548019
2019	12	18	0	0	34.2171013572872
2019	12	19	0	0	33.7887728300649
2019	12	20	0	0	25.755219036898
2019	12	21	0	0	19.7062891953145
2019	12	22	0	0	31.6226264709852
2019	12	23	0	0	14.5294985129632
2019	12	24	0	0	18.344942738994103
2019	12	25	0	0	36.6292531293301
2019	12	26	0	0	33.8093977444275
2019	12	27	0	0	19.5487900789148
2019	12	28	0	0	35.3328031073436
2019	12	29	0	0	15.6141187877376
2019	12	30	0	0	33.7978690207233
2019	12	31	0	0	34.074897224604804
2020	1	1	0	0	29.045666640162697
2020	1	2	0	0	14.5783768499957
2020	1	3	0	0	10.7008026914169
2020	1	4	0	0	14.4739997184334
2020	1	5	0	0	20.2484543319696
2020	1	6	0	0	37.468008369364
2020	1	7	0	0	29.344729825266
2020	1	8	0	0	15.9289114807867
2020	1	9	0	0	22.529098165370694
2020	1	10	0	0	14.9233850999569
2020	1	11	0	0	24.5495624019769
2020	1	12	0	0	21.5755955661544
2020	1	13	0	0	24.0383882012206
2020	1	14	0	0	15.7341987060039
2020	1	15	0	0	34.9728144419158
2020	1	16	0	0	50.06531014678799
2020	1	17	0	0	25.8169332782376
2020	1	18	0	0	23.7544268605942
2020	1	19	0	0	18.297273662036897
2020	1	20	0	0	40.4405011422526
2020	1	21	0	0	49.31752318695379
2020	1	22	0	0	57.0814257335886
2020	1	23	0	0	59.5084937867846
2020	1	24	0	0	60.35387212604029
2020	1	25	0	0	60.44381704799561
2020	1	26	0	0	56.6289592056995
2020	1	27	0	0	30.612161728718
2020	1	28	0	0	56.5278369140633
2020	1	29	0	0	31.3651750930278
2020	1	30	0	0	20.814377480356
2020	1	31	0	0	20.2431952760984
2020	2	1	0	0	67.89917628963529
2020	2	2	0	0	20.300610311900694
2020	2	3	0	0	17.078603579906098
2020	2	4	0	0	38.5491784029247
2020	2	5	0	0	39.7579493798017
2020	2	6	0	0	15.9884760286881
2020	2	7	0	0	33.7493634350819
2020	2	8	0	0	81.520305260195
2020	2	9	0	0	57.997363060473496
2020	2	10	0	0	86.4812194599318
2020	2	11	0	0	27.4334752085575
2020	2	12	0	0	88.7605372142849
2020	2	13	0	0	57.646816074737
2020	2	14	0	0	91.0418376424447
2020	2	15	0	0	59.8825164227778
2020	2	16	0	0	59.69965644950089
2020	2	17	0	0	46.9103621235894
2020	2	18	0	0	60.5386993310753
2020	2	19	0	0	78.7437780493924
2020	2	20	0	0	125.639634083414
2020	2	21	0	0	21.4563046035534
2020	2	22	0	0	118.056462434706
2020	2	23	0	0	111.52366789991
2020	2	24	0	0	28.5763952630511
2020	2	25	0	0	118.409583778794
2020	2	26	0	0	122.260505074419
2020	2	27	0	0	130.431536364967
2020	2	28	0	0	80.2217387628214
2020	2	29	0	0	
2020	3	1	0	0	102.568239276595
2020	3	2	0	0	59.9133072455716
2020	3	3	0	0	124.942359649626
2020	3	4	0	0	89.93156245819071
2020	3	5	0	0	43.8531259344039
2020	3	6	0	0	82.4693146524593
2020	3	7	0	0	27.656457706473304
2020	3	8	0	0	71.58900199946191
2020	3	9	0	0	39.132289757837
2020	3	10	0	0	88.41485744004841
2020	3	11	0	0	77.58239879958809
2020	3	12	0	0	153.817411665867
2020	3	13	0	0	86.4237653026991
2020	3	14	0	0	50.7159991993273
2020	3	15	0	0	71.44783270355359
2020	3	16	0	0	64.8426537831016
2020	3	17	0	0	70.0625855213602
2020	3	18	0	0	53.99716519396871
2020	3	19	0	0	183.085675422199
2020	3	20	0	0	180.841927006725
2020	3	21	0	0	187.0448144192
2020	3	22	0	0	108.302882215327
2020	3	23	0	0	98.474910679565
2020	3	24	0	0	43.23870956018029
2020	3	25	0	0	51.165639559346
2020	3	26	0	0	61.5487589531682
2020	3	27	0	0	171.464257119781
2020	3	28	0	0	108.187359011806
2020	3	29	0	0	91.9190045122353
2020	3	30	0	0	101.657721194407
2020	3	31	0	0	70.99571228787491
2020	4	1	0	0	108.064511513244
2020	4	2	0	0	98.3401019924627
2020	4	3	0	0	66.34936695506529
2020	4	4	0	0	92.24028850714942
2020	4	5	0	0	89.2963993034085
2020	4	6	0	0	185.354526962943
2020	4	7	0	0	87.6825345489435
2020	4	8	0	0	96.8547511675665
2020	4	9	0	0	179.33638839484
2020	4	10	0	0	169.615356854777
2020	4	11	0	0	236.74998730534
2020	4	12	0	0	106.330691573045
2020	4	13	0	0	90.76597185127252
2020	4	14	0	0	90.2795339486376
2020	4	15	0	0	86.8840364529261
2020	4	16	0	0	89.2923275711616
2020	4	17	0	0	214.725882431245
2020	4	18	0	0	246.494418835097
2020	4	19	0	0	203.144067800796
2020	4	20	0	0	148.674751150382
2020	4	21	0	0	55.3255400536139
2020	4	22	0	0	109.384618099895
2020	4	23	0	0	197.862267459092
2020	4	24	0	0	118.532373060045
2020	4	25	0	0	84.29284694462599
2020	4	26	0	0	191.535953182656
2020	4	27	0	0	208.00202148840305
2020	4	28	0	0	80.8026082280215
2020	4	29	0	0	175.913613056502
2020	4	30	0	0	290.911240171902
2020	5	1	0	0	273.427909795167
2020	5	2	0	0	129.84920102430002
2020	5	3	0	0	213.42484679417
2020	5	4	0	0	162.934534638783
2020	5	5	0	0	94.9467003362677
2020	5	6	0	0	246.57758298927
2020	5	7	0	0	174.637758235725
2020	5	8	0	0	113.780110706379
2020	5	9	0	0	158.066451554909
2020	5	10	0	0	264.94428408724
2020	5	11	0	0	292.115273227767
2020	5	12	0	0	248.065354087639
2020	5	13	0	0	183.38981444864
2020	5	14	0	0	186.678932609711
2020	5	15	0	0	111.208386036966
2020	5	16	0	0	210.211605054628
2020	5	17	0	0	225.758053417598
2020	5	18	0	0	202.591567040812
2020	5	19	0	0	183.331799084892
2020	5	20	0	0	302.053928591797
2020	5	21	0	0	115.452499657436
2020	5	22	0	0	179.20624277844502
2020	5	23	0	0	189.238740480674
2020	5	24	0	0	187.1608954574
2020	5	25	0	0	231.921113077122
2020	5	26	0	0	292.493338717825
2020	5	27	0	0	302.888098171399
2020	5	28	0	0	295.193840022318
2020	5	29	0	0	318.706577979246
2020	5	30	0	0	315.732678938049
2020	5	31	0	0	178.099920377128
2020	6	1	0	0	138.574609662917
2020	6	2	0	0	294.33269522179296
2020	6	3	0	0	237.233141452873
2020	6	4	0	0	234.515885378062
2020	6	5	0	0	320.235971639787
2020	6	6	0	0	284.947145293143
2020	6	7	0	0	302.424905894444
2020	6	8	0	0	244.229464841894
2020	6	9	0	0	165.689455822237
2020	6	10	0	0	243.196508145977
2020	6	11	0	0	323.56951797523703
2020	6	12	0	0	277.131546986417
2020	6	13	0	0	259.14027116281
2020	6	14	0	0	118.21064908452
2020	6	15	0	0	162.533136098085
2020	6	16	0	0	128.890102089799
2020	6	17	0	0	169.15393064572902
2020	6	18	0	0	166.45051005646602
2020	6	19	0	0	161.468196509282
2020	6	20	0	0	212.240984619596
2020	6	21	0	0	223.37167306943297
2020	6	22	0	0	328.51322104204604
2020	6	23	0	0	220.667112572266
2020	6	24	0	0	319.706013747448
2020	6	25	0	0	238.31914300667003
2020	6	26	0	0	317.663937004124
2020	6	27	0	0	311.88490176192903
2020	6	28	0	0	290.12264346947
2020	6	29	0	0	248.61798642035703
2020	6	30	0	0	284.978706637291
2020	7	1	0	0	300.539231248999
2020	7	2	0	0	296.999725079599
2020	7	3	0	0	187.503359078286
2020	7	4	0	0	159.152438244364
2020	7	5	0	0	174.24879211262902
2020	7	6	0	0	153.761033415236
2020	7	7	0	0	173.23428781639197
2020	7	8	0	0	89.82274505918258
2020	7	9	0	0	126.814417469061
2020	7	10	0	0	199.021123395986
2020	7	11	0	0	291.844277675138
2020	7	12	0	0	287.686414770617
2020	7	13	0	0	230.64431485135896
2020	7	14	0	0	248.711876492562
2020	7	15	0	0	200.045134074673
2020	7	16	0	0	107.523127081345
2020	7	17	0	0	152.782132690305
2020	7	18	0	0	226.227807359879
2020	7	19	0	0	172.504129531168
2020	7	20	0	0	200.90141763957803
2020	7	21	0	0	199.748112191074
2020	7	22	0	0	290.858973986501
2020	7	23	0	0	281.11564828061404
2020	7	24	0	0	195.69156650725
2020	7	25	0	0	249.548827848881
2020	7	26	0	0	262.984734747991
2020	7	27	0	0	236.53823563624695
2020	7	28	0	0	113.969090102395
2020	7	29	0	0	281.843256576134
2020	7	30	0	0	100.025589987297
2020	7	31	0	0	187.323579075663
2020	8	1	0	0	286.1214516531
2020	8	2	0	0	278.979372576341
2020	8	3	0	0	285.492627112703
2020	8	4	0	0	256.623873090831
2020	8	5	0	0	298.368516020431
2020	8	6	0	0	287.17087649827704
2020	8	7	0	0	282.107509577959
2020	8	8	0	0	263.433837330461
2020	8	9	0	0	248.390496031621
2020	8	10	0	0	109.796021517617
2020	8	11	0	0	104.821744042176
2020	8	12	0	0	224.024159917595
2020	8	13	0	0	178.796578162378
2020	8	14	0	0	273.366724904139
2020	8	15	0	0	273.044360753629
2020	8	16	0	0	262.830695781876
2020	8	17	0	0	269.876953357634
2020	8	18	0	0	261.442117710323
2020	8	19	0	0	235.720123762082
2020	8	20	0	0	241.589032397589
2020	8	21	0	0	169.924001387262
2020	8	22	0	0	204.135978662979
2020	8	23	0	0	233.615054917973
2020	8	24	0	0	228.74634175470905
2020	8	25	0	0	237.622214330548
2020	8	26	0	0	246.257997912955
2020	8	27	0	0	235.28867000904896
2020	8	28	0	0	225.392557584182
2020	8	29	0	0	147.710206598427
2020	8	30	0	0	190.15099996039
2020	8	31	0	0	198.430078062202
2020	9	1	0	0	218.646466057495
2020	9	2	0	0	194.062337378274
2020	9	3	0	0	111.803815402865
2020	9	4	0	0	200.37093150811
2020	9	5	0	0	195.436430154504
2020	9	6	0	0	181.76698423877104
2020	9	7	0	0	207.147128424813
2020	9	8	0	0	214.2338814869
2020	9	9	0	0	210.527467151424
2020	9	10	0	0	216.10871936141004
2020	9	11	0	0	202.85723899719503
2020	9	12	0	0	128.817285745164
2020	9	13	0	0	167.377257075139
2020	9	14	0	0	161.498092457288
2020	9	15	0	0	112.048678891394
2020	9	16	0	0	107.915430483778
2020	9	17	0	0	170.153002675393
2020	9	18	0	0	113.571274333383
2020	9	19	0	0	146.669567797572
2020	9	20	0	0	124.849379678912
2020	9	21	0	0	121.58729505186
2020	9	22	0	0	155.297723723594
2020	9	23	0	0	144.51416840232702
2020	9	24	0	0	133.162014693659
2020	9	25	0	0	155.52946491196198
2020	9	26	0	0	155.54383677562902
2020	9	27	0	0	158.039162646169
2020	9	28	0	0	159.0822698024
2020	9	29	0	0	153.432396092057
2020	9	30	0	0	146.948074726304
2020	10	1	0	0	135.61629184822
2020	10	2	0	0	134.026685608503
2020	10	3	0	0	128.545675958666
2020	10	4	0	0	122.278094982324
2020	10	5	0	0	122.500998040724
2020	10	6	0	0	127.040517457497
2020	10	7	0	0	125.429362910704
2020	10	8	0	0	71.8457044815844
2020	10	9	0	0	31.5513710916108
2020	10	10	0	0	126.962282348541
2020	10	11	0	0	49.547810303571
2020	10	12	0	0	44.2341490640784
2020	10	13	0	0	115.857766283131
2020	10	14	0	0	115.494327005784
2020	10	15	0	0	104.286332110535
2020	10	16	0	0	134.235352790087
2020	10	17	0	0	116.268558593707
2020	10	18	0	0	116.64296286593
2020	10	19	0	0	23.8198607149774
2020	10	20	0	0	34.9720648879458
2020	10	21	0	0	57.1326518507545
2020	10	22	0	0	47.6724898363622
2020	10	23	0	0	83.14307972664679
2020	10	24	0	0	35.4393751279024
2020	10	25	0	0	73.27704639627979
2020	10	26	0	0	26.1225516897917
2020	10	27	0	0	38.689663990648896
2020	10	28	0	0	68.1452199901352
2020	10	29	0	0	53.6261139497525
2020	10	30	0	0	38.9578329030616
2020	10	31	0	0	35.3127397555693
2020	11	1	0	0	32.0043221706488
2020	11	2	0	0	73.42162475125279
2020	11	3	0	0	36.53556138291071
2020	11	4	0	0	52.082916873906605
2020	11	5	0	0	59.4656085767182
2020	11	6	0	0	38.87245043699711
2020	11	7	0	0	27.876638552176495
2020	11	8	0	0	42.5606038396952
2020	11	9	0	0	43.639233065732896
2020	11	10	0	0	59.2750867640561
2020	11	11	0	0	56.5105713442919
2020	11	12	0	0	29.7805107301837
2020	11	13	0	0	60.4120045204732
2020	11	14	0	0	25.780379589822896
2020	11	15	0	0	47.33541092633921
2020	11	16	0	0	48.080373358008096
2020	11	17	0	0	32.0682218618324
2020	11	18	0	0	52.924307579314096
2020	11	19	0	0	19.1230661528455
2020	11	20	0	0	36.1567385034588
2020	11	21	0	0	53.3385704185719
2020	11	22	0	0	24.725626108720103
2020	11	23	0	0	49.3531797113852
2020	11	24	0	0	47.9502670900909
2020	11	25	0	0	34.4740289437074
2020	11	26	0	0	15.6244551130231
2020	11	27	0	0	46.19839374218739
2020	11	28	0	0	27.041547172795894
2020	11	29	0	0	45.1346689728479
2020	11	30	0	0	39.4203546979728
2020	12	1	0	0	28.9143506549459
2020	12	2	0	0	26.1253826608641
2020	12	3	0	0	45.347956969106
2020	12	4	0	0	48.3648146707211
2020	12	5	0	0	47.7400834184992
2020	12	6	0	0	46.8185722919911
2020	12	7	0	0	39.5494951131702
2020	12	8	0	0	14.967362323305302
2020	12	9	0	0	43.2273748294233
2020	12	10	0	0	31.5546599756226
2020	12	11	0	0	15.733798196042
2020	12	12	0	0	20.1460334006676
2020	12	13	0	0	16.059936674066
2020	12	14	0	0	26.4605873421014
2020	12	15	0	0	25.689502938166
2020	12	16	0	0	14.8989385474236
2020	12	17	0	0	15.705647058083198
2020	12	18	0	0	27.89286928843
2020	12	19	0	0	24.9161410785225
2020	12	20	0	0	21.1712062121652
2020	12	21	0	0	32.3668934911127
2020	12	22	0	0	16.7338899323316
2020	12	23	0	0	15.9612748256516
2020	12	24	0	0	31.8626025422855
2020	12	25	0	0	21.1791301711619
2020	12	26	0	0	27.314873010869004
2020	12	27	0	0	25.4908615961834
2020	12	28	0	0	16.0694062092026
2020	12	29	0	0	26.4944120717495
2020	12	30	0	0	26.453191189508
2020	12	31	0	0	29.748603170936605
2021	1	1	0	0	19.2499604547001
2021	1	2	0	0	16.73144512943
2021	1	3	0	0	16.6760381260728
2021	1	4	0	0	18.290125004258897
2021	1	5	0	0	19.36018017642
2021	1	6	0	0	15.518290833341998
2021	1	7	0	0	32.0706165591289
2021	1	8	0	0	43.471005761025495
2021	1	9	0	0	40.4991981189733
2021	1	10	0	0	14.509608769312802
2021	1	11	0	0	36.8523211585612
2021	1	12	0	0	49.3221013393548
2021	1	13	0	0	50.89936834749211
2021	1	14	0	0	46.62469449788961
2021	1	15	0	0	14.9327588435186
2021	1	16	0	0	18.3203056843175
2021	1	17	0	0	16.754023368995
2021	1	18	0	0	21.054106103887506
2021	1	19	0	0	21.0863520658322
2021	1	20	0	0	25.5515959956802
2021	1	21	0	0	15.441464903118598
2021	1	22	0	0	55.6852660244666
2021	1	23	0	0	14.7904938476981
2021	1	24	0	0	62.3205951734328
2021	1	25	0	0	24.55379429632089
2021	1	26	0	0	31.352963512917
2021	1	27	0	0	22.7617526154082
2021	1	28	0	0	21.1865318810244
2021	1	29	0	0	15.4501772040028
2021	1	30	0	0	41.1344975830836
2021	1	31	0	0	80.143509599868
2021	2	1	0	0	64.34484231236361
2021	2	2	0	0	25.0197201442618
2021	2	3	0	0	16.649895933907498
2021	2	4	0	0	50.0073425398832
2021	2	5	0	0	20.7392705657382
2021	2	6	0	0	51.9514914992949
2021	2	7	0	0	32.3949609010552
2021	2	8	0	0	22.853053864851898
2021	2	9	0	0	92.40024014386351
2021	2	10	0	0	19.1755927077885
2021	2	11	0	0	47.3444054855566
2021	2	12	0	0	19.471494052655803
2021	2	13	0	0	30.3122266183247
2021	2	14	0	0	31.571378832027303
2021	2	15	0	0	28.4598424273535
2021	2	16	0	0	19.4200081829105
2021	2	17	0	0	32.4811558511109
2021	2	18	0	0	28.3530131747365
2021	2	19	0	0	88.31279289479771
2021	2	20	0	0	34.2856994436761
2021	2	21	0	0	48.6979937015549
2021	2	22	0	0	71.7392107170606
2021	2	23	0	0	116.960865116103
2021	2	24	0	0	73.2295481680783
2021	2	25	0	0	47.7856557045375
2021	2	26	0	0	97.315562215877
2021	2	27	0	0	23.4967767878748
2021	2	28	0	0	55.9279896213861
2021	3	1	0	0	125.337414556452
2021	3	2	0	0	149.599354304279
2021	3	3	0	0	71.6856540698813
2021	3	4	0	0	36.8838889785668
2021	3	5	0	0	125.60769677543
2021	3	6	0	0	104.770258799326
2021	3	7	0	0	100.698900740322
2021	3	8	0	0	128.528814811755
2021	3	9	0	0	158.251984083208
2021	3	10	0	0	146.77742021960302
2021	3	11	0	0	55.5234468045323
2021	3	12	0	0	31.498506005022502
2021	3	13	0	0	32.1771274109942
2021	3	14	0	0	58.351619858681005
2021	3	15	0	0	137.494282243654
2021	3	16	0	0	165.068961262206
2021	3	17	0	0	75.0157650722621
2021	3	18	0	0	57.10663298436089
2021	3	19	0	0	107.671600589177
2021	3	20	0	0	74.9875805288153
2021	3	21	0	0	131.47868501336902
2021	3	22	0	0	50.822828429732105
2021	3	23	0	0	65.2805527716599
2021	3	24	0	0	96.7943829295504
2021	3	25	0	0	158.613686740683
2021	3	26	0	0	145.142450412427
2021	3	27	0	0	133.531506421405
2021	3	28	0	0	71.0109601280446
2021	3	29	0	0	72.7740620967387
2021	3	30	0	0	95.00620060713008
2021	3	31	0	0	127.83491894533998
2021	4	1	0	0	72.543176171457
2021	4	2	0	0	45.8683281461056
2021	4	3	0	0	105.662173539086
2021	4	4	0	0	149.341925006628
2021	4	5	0	0	216.30139519721695
2021	4	6	0	0	114.345401691797
2021	4	7	0	0	113.234272914913
2021	4	8	0	0	87.2129286583276
2021	4	9	0	0	89.2343257833648
2021	4	10	0	0	53.0763384769466
2021	4	11	0	0	166.254188190723
2021	4	12	0	0	69.1738130058164
2021	4	13	0	0	248.439330125961
2021	4	14	0	0	174.60478152978902
2021	4	15	0	0	96.6504745896766
2021	4	16	0	0	94.6308952793459
2021	4	17	0	0	236.423935759588
2021	4	18	0	0	244.279493677257
2021	4	19	0	0	191.154864056248
2021	4	20	0	0	70.3424375720191
2021	4	21	0	0	242.295252614808
2021	4	22	0	0	69.0728611489247
2021	4	23	0	0	168.708846357137
2021	4	24	0	0	142.448953510568
2021	4	25	0	0	89.0036170441296
2021	4	26	0	0	87.1561079571778
2021	4	27	0	0	69.1246487826196
2021	4	28	0	0	79.5529159749982
2021	4	29	0	0	129.023315849993
2021	4	30	0	0	176.56898449389598
2021	5	1	0	0	206.44139949256
2021	5	2	0	0	173.622625009165
2021	5	3	0	0	111.699822142517
2021	5	4	0	0	90.1224859785295
2021	5	5	0	0	84.19173247438249
2021	5	6	0	0	113.84204806103996
2021	5	7	0	0	111.08281102737
2021	5	8	0	0	229.47003637465
2021	5	9	0	0	247.359649102519
2021	5	10	0	0	120.021148654347
2021	5	11	0	0	133.524682326634
2021	5	12	0	0	179.092806221655
2021	5	13	0	0	239.645099617332
2021	5	14	0	0	238.384608700277
2021	5	15	0	0	271.680264536303
2021	5	16	0	0	194.018763921688
2021	5	17	0	0	151.494613893146
2021	5	18	0	0	210.97817006113
2021	5	19	0	0	164.42499857423098
2021	5	20	0	0	249.057297797012
2021	5	21	0	0	154.144920220639
2021	5	22	0	0	228.986762005495
2021	5	23	0	0	287.56060232507804
2021	5	24	0	0	291.479091919288
2021	5	25	0	0	184.937416220266
2021	5	26	0	0	190.175446759939
2021	5	27	0	0	153.742221107419
2021	5	28	0	0	236.39178536551003
2021	5	29	0	0	200.003620524667
2021	5	30	0	0	88.14781821452709
2021	5	31	0	0	98.70917845767642
2021	6	1	0	0	251.466320106741
2021	6	2	0	0	274.542317368829
2021	6	3	0	0	156.00498132286302
2021	6	4	0	0	273.823460207503
2021	6	5	0	0	306.428014702809
2021	6	6	0	0	236.721260314374
2021	6	7	0	0	183.980215727805
2021	6	8	0	0	203.15280187845295
2021	6	9	0	0	224.78100653173303
2021	6	10	0	0	312.74960388406504
2021	6	11	0	0	308.539960094398
2021	6	12	0	0	285.600986537173
2021	6	13	0	0	107.48725831312
2021	6	14	0	0	102.43068745902
2021	6	15	0	0	103.922767989207
2021	6	16	0	0	149.22964392569202
2021	6	17	0	0	170.559847167208
2021	6	18	0	0	181.57269988652695
2021	6	19	0	0	117.704014930094
2021	6	20	0	0	134.089318305391
2021	6	21	0	0	168.223613640326
2021	6	22	0	0	180.528451233476
2021	6	23	0	0	296.96792494375
2021	6	24	0	0	251.728773818878
2021	6	25	0	0	306.524507321277
2021	6	26	0	0	320.997560811793
2021	6	27	0	0	179.401638121463
2021	6	28	0	0	247.143408551562
2021	6	29	0	0	158.858587096307
2021	6	30	0	0	103.191209596282
2021	7	1	0	0	271.199571018539
2021	7	2	0	0	309.970889711033
2021	7	3	0	0	292.344958208865
2021	7	4	0	0	109.18002290576
2021	7	5	0	0	175.499372397784
2021	7	6	0	0	203.723450936442
2021	7	7	0	0	103.678818171371
2021	7	8	0	0	297.071526042956
2021	7	9	0	0	160.46005839209698
2021	7	10	0	0	271.66120956807003
2021	7	11	0	0	317.093250093359
2021	7	12	0	0	305.09200780468
2021	7	13	0	0	320.684577935014
2021	7	14	0	0	320.80641648013903
2021	7	15	0	0	314.87700448717897
2021	7	16	0	0	306.515140688972
2021	7	17	0	0	299.569914749815
2021	7	18	0	0	287.59646336125303
2021	7	19	0	0	174.701964421168
2021	7	20	0	0	179.456868382113
2021	7	21	0	0	310.218121400413
2021	7	22	0	0	308.684353729254
2021	7	23	0	0	307.285928105843
2021	7	24	0	0	147.371897703559
2021	7	25	0	0	255.005841295814
2021	7	26	0	0	149.47600407239798
2021	7	27	0	0	214.618854220874
2021	7	28	0	0	199.255886899993
2021	7	29	0	0	272.956169156245
2021	7	30	0	0	291.861058644826
2021	7	31	0	0	228.06835515130905
2021	8	1	0	0	164.581283136539
2021	8	2	0	0	61.4464857922991
2021	8	3	0	0	125.632117542258
2021	8	4	0	0	135.99086695603
2021	8	5	0	0	266.797522946749
2021	8	6	0	0	277.120212522711
2021	8	7	0	0	281.009991988286
2021	8	8	0	0	218.36681400636
2021	8	9	0	0	177.415620319107
2021	8	10	0	0	166.042690646146
2021	8	11	0	0	221.561603728016
2021	8	12	0	0	187.74636649308
2021	8	13	0	0	243.820754848212
2021	8	14	0	0	220.840984273064
2021	8	15	0	0	259.632648024023
2021	8	16	0	0	259.847780414441
2021	8	17	0	0	251.133483375821
2021	8	18	0	0	256.911503730442
2021	8	19	0	0	273.73815958425
2021	8	20	0	0	108.312847850864
2021	8	21	0	0	139.772332247978
2021	8	22	0	0	240.513735402363
2021	8	23	0	0	107.297164756183
2021	8	24	0	0	112.727098138065
2021	8	25	0	0	171.232538702129
2021	8	26	0	0	196.964282616504
2021	8	27	0	0	163.51163130485702
2021	8	28	0	0	91.4999816836829
2021	8	29	0	0	153.712671830516
2021	8	30	0	0	63.3967074271391
2021	8	31	0	0	213.92225757674305
2021	9	1	0	0	210.719321993054
2021	9	2	0	0	199.10865683506304
2021	9	3	0	0	209.27545486395695
2021	9	4	0	0	155.80595786993402
2021	9	5	0	0	157.535741640835
2021	9	6	0	0	176.33873101395
2021	9	7	0	0	224.53247500706505
2021	9	8	0	0	221.432905039217
2021	9	9	0	0	195.2095241162
2021	9	10	0	0	199.5114367023
2021	9	11	0	0	199.683249912058
2021	9	12	0	0	198.094549553622
2021	9	13	0	0	195.787889377134
2021	9	14	0	0	193.96972332822105
2021	9	15	0	0	191.438857276417
2021	9	16	0	0	152.249658522595
2021	9	17	0	0	190.25443467025104
2021	9	18	0	0	177.957981343127
2021	9	19	0	0	177.77925733330102
2021	9	20	0	0	132.98875119104798
2021	9	21	0	0	129.333479989205
2021	9	22	0	0	40.8025987023355
2021	9	23	0	0	114.954456306163
2021	9	24	0	0	139.34140352141
2021	9	25	0	0	44.748700718013104
2021	9	26	0	0	139.63836422707
2021	9	27	0	0	70.9613469712663
2021	9	28	0	0	100.568992497929
2021	9	29	0	0	53.6344463547289
2021	9	30	0	0	82.04065266054249
2021	10	1	0	0	84.72960952068149
2021	10	2	0	0	62.5162245857404
2021	10	3	0	0	140.66937388977502
2021	10	4	0	0	140.953990383423
2021	10	5	0	0	60.2210917671329
2021	10	6	0	0	136.903144858128
2021	10	7	0	0	131.01595002458998
2021	10	8	0	0	123.196871895446
2021	10	9	0	0	107.79721707918002
2021	10	10	0	0	113.439789634099
2021	10	11	0	0	37.7195550777322
2021	10	12	0	0	38.1675784919984
2021	10	13	0	0	24.1518549354977
2021	10	14	0	0	52.918781900495006
2021	10	15	0	0	106.950790079043
2021	10	16	0	0	104.857358322408
2021	10	17	0	0	99.22098102437548
2021	10	18	0	0	73.2984611772537
2021	10	19	0	0	62.0187611428435
2021	10	20	0	0	75.8844473300653
2021	10	21	0	0	56.598283684090205
2021	10	22	0	0	73.12214778633191
2021	10	23	0	0	82.1310106149792
2021	10	24	0	0	83.3921720195202
2021	10	25	0	0	82.6885938725444
2021	10	26	0	0	83.0055931714586
2021	10	27	0	0	79.71922157671871
2021	10	28	0	0	60.83210579042901
2021	10	29	0	0	39.683594511213606
2021	10	30	0	0	60.4618920407461
2021	10	31	0	0	73.0974669848588
2021	11	1	0	0	56.0470921772186
2021	11	2	0	0	38.0411281537617
2021	11	3	0	0	59.355928108455
2021	11	4	0	0	25.7372194706791
2021	11	5	0	0	42.144791782549206
2021	11	6	0	0	56.255647607965706
2021	11	7	0	0	52.4603742447505
2021	11	8	0	0	34.91616770311
2021	11	9	0	0	18.7888171117847
2021	11	10	0	0	28.7746022449625
2021	11	11	0	0	45.06354191316521
2021	11	12	0	0	30.5695104981765
2021	11	13	0	0	47.360881378175606
2021	11	14	0	0	24.7138140464006
2021	11	15	0	0	58.8268215174164
2021	11	16	0	0	20.34472882243
2021	11	17	0	0	27.6286809574752
2021	11	18	0	0	43.1212806941796
2021	11	19	0	0	21.4818314297471
2021	11	20	0	0	57.8133920294485
2021	11	21	0	0	23.0058820592483
2021	11	22	0	0	51.12768512649961
2021	11	23	0	0	22.731964278333503
2021	11	24	0	0	15.7815006803531
2021	11	25	0	0	39.6938920223619
2021	11	26	0	0	44.38935852149511
2021	11	27	0	0	44.284243434732
2021	11	28	0	0	42.30084931297621
2021	11	29	0	0	30.560890963327605
2021	11	30	0	0	27.191518076912494
2021	12	1	0	0	17.038645184060098
2021	12	2	0	0	16.3172968355486
2021	12	3	0	0	38.2411386139632
2021	12	4	0	0	22.1740872010221
2021	12	5	0	0	44.7956546932516
2021	12	6	0	0	41.073716160155
2021	12	7	0	0	29.445192677276506
2021	12	8	0	0	15.7204156588593
2021	12	9	0	0	16.137947089792302
2021	12	10	0	0	22.2122438407439
2021	12	11	0	0	21.138379826336894
2021	12	12	0	0	16.1326964441616
2021	12	13	0	0	15.6541338977493
2021	12	14	0	0	27.740335055398603
2021	12	15	0	0	16.1239255730659
2021	12	16	0	0	21.1492101162754
2021	12	17	0	0	17.028844070159
2021	12	18	0	0	16.7448260065679
2021	12	19	0	0	12.4516218251603
2021	12	20	0	0	22.8118058074236
2021	12	21	0	0	37.8721316984369
2021	12	22	0	0	32.9274207003904
2021	12	23	0	0	8.122716816932781
2021	12	24	0	0	20.1479067096196
2021	12	25	0	0	26.4182307904459
2021	12	26	0	0	23.003202009254604
2021	12	27	0	0	13.8144722289711
2021	12	28	0	0	19.0862984354237
2021	12	29	0	0	13.9438148554338
2021	12	30	0	0	15.8593191266228
2021	12	31	0	0	15.4624098452885
