YYYY	MM	DD	hh	mm	RS
2015	1	1	0	0	
2015	1	2	0	0	
2015	1	3	0	0	
2015	1	4	0	0	
2015	1	5	0	0	
2015	1	6	0	0	
2015	1	7	0	0	
2015	1	8	0	0	
2015	1	9	0	0	
2015	1	10	0	0	
2015	1	11	0	0	
2015	1	12	0	0	
2015	1	13	0	0	
2015	1	14	0	0	
2015	1	15	0	0	
2015	1	16	0	0	
2015	1	17	0	0	
2015	1	18	0	0	
2015	1	19	0	0	
2015	1	20	0	0	
2015	1	21	0	0	
2015	1	22	0	0	
2015	1	23	0	0	
2015	1	24	0	0	
2015	1	25	0	0	
2015	1	26	0	0	
2015	1	27	0	0	
2015	1	28	0	0	
2015	1	29	0	0	
2015	1	30	0	0	
2015	1	31	0	0	
2015	2	1	0	0	
2015	2	2	0	0	
2015	2	3	0	0	
2015	2	4	0	0	
2015	2	5	0	0	
2015	2	6	0	0	
2015	2	7	0	0	
2015	2	8	0	0	
2015	2	9	0	0	
2015	2	10	0	0	
2015	2	11	0	0	
2015	2	12	0	0	
2015	2	13	0	0	
2015	2	14	0	0	
2015	2	15	0	0	
2015	2	16	0	0	
2015	2	17	0	0	
2015	2	18	0	0	
2015	2	19	0	0	
2015	2	20	0	0	
2015	2	21	0	0	
2015	2	22	0	0	
2015	2	23	0	0	
2015	2	24	0	0	
2015	2	25	0	0	
2015	2	26	0	0	
2015	2	27	0	0	
2015	2	28	0	0	
2015	3	1	0	0	
2015	3	2	0	0	
2015	3	3	0	0	
2015	3	4	0	0	
2015	3	5	0	0	
2015	3	6	0	0	
2015	3	7	0	0	
2015	3	8	0	0	
2015	3	9	0	0	
2015	3	10	0	0	
2015	3	11	0	0	
2015	3	12	0	0	
2015	3	13	0	0	
2015	3	14	0	0	
2015	3	15	0	0	
2015	3	16	0	0	
2015	3	17	0	0	
2015	3	18	0	0	
2015	3	19	0	0	
2015	3	20	0	0	
2015	3	21	0	0	
2015	3	22	0	0	
2015	3	23	0	0	
2015	3	24	0	0	
2015	3	25	0	0	
2015	3	26	0	0	
2015	3	27	0	0	
2015	3	28	0	0	
2015	3	29	0	0	
2015	3	30	0	0	
2015	3	31	0	0	
2015	4	1	0	0	
2015	4	2	0	0	
2015	4	3	0	0	
2015	4	4	0	0	
2015	4	5	0	0	
2015	4	6	0	0	
2015	4	7	0	0	
2015	4	8	0	0	
2015	4	9	0	0	
2015	4	10	0	0	
2015	4	11	0	0	
2015	4	12	0	0	
2015	4	13	0	0	
2015	4	14	0	0	
2015	4	15	0	0	
2015	4	16	0	0	
2015	4	17	0	0	
2015	4	18	0	0	
2015	4	19	0	0	
2015	4	20	0	0	
2015	4	21	0	0	
2015	4	22	0	0	
2015	4	23	0	0	
2015	4	24	0	0	
2015	4	25	0	0	
2015	4	26	0	0	
2015	4	27	0	0	
2015	4	28	0	0	
2015	4	29	0	0	
2015	4	30	0	0	
2015	5	1	0	0	
2015	5	2	0	0	
2015	5	3	0	0	
2015	5	4	0	0	
2015	5	5	0	0	
2015	5	6	0	0	
2015	5	7	0	0	
2015	5	8	0	0	
2015	5	9	0	0	
2015	5	10	0	0	
2015	5	11	0	0	
2015	5	12	0	0	
2015	5	13	0	0	
2015	5	14	0	0	
2015	5	15	0	0	
2015	5	16	0	0	
2015	5	17	0	0	
2015	5	18	0	0	
2015	5	19	0	0	
2015	5	20	0	0	
2015	5	21	0	0	
2015	5	22	0	0	
2015	5	23	0	0	
2015	5	24	0	0	
2015	5	25	0	0	
2015	5	26	0	0	
2015	5	27	0	0	
2015	5	28	0	0	
2015	5	29	0	0	
2015	5	30	0	0	
2015	5	31	0	0	
2015	6	1	0	0	
2015	6	2	0	0	
2015	6	3	0	0	
2015	6	4	0	0	
2015	6	5	0	0	
2015	6	6	0	0	
2015	6	7	0	0	
2015	6	8	0	0	
2015	6	9	0	0	
2015	6	10	0	0	
2015	6	11	0	0	
2015	6	12	0	0	
2015	6	13	0	0	
2015	6	14	0	0	
2015	6	15	0	0	
2015	6	16	0	0	
2015	6	17	0	0	
2015	6	18	0	0	
2015	6	19	0	0	
2015	6	20	0	0	
2015	6	21	0	0	
2015	6	22	0	0	
2015	6	23	0	0	
2015	6	24	0	0	
2015	6	25	0	0	
2015	6	26	0	0	
2015	6	27	0	0	
2015	6	28	0	0	
2015	6	29	0	0	
2015	6	30	0	0	
2015	7	1	0	0	
2015	7	2	0	0	
2015	7	3	0	0	
2015	7	4	0	0	
2015	7	5	0	0	
2015	7	6	0	0	
2015	7	7	0	0	
2015	7	8	0	0	
2015	7	9	0	0	
2015	7	10	0	0	
2015	7	11	0	0	
2015	7	12	0	0	
2015	7	13	0	0	
2015	7	14	0	0	
2015	7	15	0	0	
2015	7	16	0	0	
2015	7	17	0	0	
2015	7	18	0	0	
2015	7	19	0	0	
2015	7	20	0	0	
2015	7	21	0	0	
2015	7	22	0	0	
2015	7	23	0	0	
2015	7	24	0	0	
2015	7	25	0	0	
2015	7	26	0	0	
2015	7	27	0	0	
2015	7	28	0	0	
2015	7	29	0	0	
2015	7	30	0	0	
2015	7	31	0	0	
2015	8	1	0	0	
2015	8	2	0	0	
2015	8	3	0	0	
2015	8	4	0	0	
2015	8	5	0	0	
2015	8	6	0	0	
2015	8	7	0	0	
2015	8	8	0	0	
2015	8	9	0	0	
2015	8	10	0	0	
2015	8	11	0	0	
2015	8	12	0	0	
2015	8	13	0	0	
2015	8	14	0	0	
2015	8	15	0	0	
2015	8	16	0	0	
2015	8	17	0	0	
2015	8	18	0	0	
2015	8	19	0	0	
2015	8	20	0	0	
2015	8	21	0	0	
2015	8	22	0	0	
2015	8	23	0	0	
2015	8	24	0	0	
2015	8	25	0	0	
2015	8	26	0	0	
2015	8	27	0	0	
2015	8	28	0	0	
2015	8	29	0	0	
2015	8	30	0	0	
2015	8	31	0	0	
2015	9	1	0	0	
2015	9	2	0	0	
2015	9	3	0	0	
2015	9	4	0	0	
2015	9	5	0	0	
2015	9	6	0	0	
2015	9	7	0	0	
2015	9	8	0	0	
2015	9	9	0	0	
2015	9	10	0	0	
2015	9	11	0	0	
2015	9	12	0	0	
2015	9	13	0	0	
2015	9	14	0	0	
2015	9	15	0	0	
2015	9	16	0	0	
2015	9	17	0	0	
2015	9	18	0	0	
2015	9	19	0	0	
2015	9	20	0	0	
2015	9	21	0	0	
2015	9	22	0	0	
2015	9	23	0	0	
2015	9	24	0	0	
2015	9	25	0	0	
2015	9	26	0	0	
2015	9	27	0	0	
2015	9	28	0	0	
2015	9	29	0	0	
2015	9	30	0	0	
2015	10	1	0	0	
2015	10	2	0	0	
2015	10	3	0	0	
2015	10	4	0	0	
2015	10	5	0	0	
2015	10	6	0	0	
2015	10	7	0	0	
2015	10	8	0	0	
2015	10	9	0	0	
2015	10	10	0	0	
2015	10	11	0	0	
2015	10	12	0	0	
2015	10	13	0	0	
2015	10	14	0	0	
2015	10	15	0	0	
2015	10	16	0	0	
2015	10	17	0	0	
2015	10	18	0	0	
2015	10	19	0	0	
2015	10	20	0	0	
2015	10	21	0	0	
2015	10	22	0	0	
2015	10	23	0	0	
2015	10	24	0	0	
2015	10	25	0	0	
2015	10	26	0	0	
2015	10	27	0	0	
2015	10	28	0	0	
2015	10	29	0	0	
2015	10	30	0	0	
2015	10	31	0	0	
2015	11	1	0	0	
2015	11	2	0	0	
2015	11	3	0	0	
2015	11	4	0	0	
2015	11	5	0	0	
2015	11	6	0	0	
2015	11	7	0	0	
2015	11	8	0	0	
2015	11	9	0	0	
2015	11	10	0	0	
2015	11	11	0	0	
2015	11	12	0	0	
2015	11	13	0	0	
2015	11	14	0	0	
2015	11	15	0	0	
2015	11	16	0	0	
2015	11	17	0	0	
2015	11	18	0	0	
2015	11	19	0	0	
2015	11	20	0	0	
2015	11	21	0	0	
2015	11	22	0	0	
2015	11	23	0	0	
2015	11	24	0	0	
2015	11	25	0	0	
2015	11	26	0	0	
2015	11	27	0	0	
2015	11	28	0	0	
2015	11	29	0	0	
2015	11	30	0	0	
2015	12	1	0	0	
2015	12	2	0	0	
2015	12	3	0	0	
2015	12	4	0	0	
2015	12	5	0	0	
2015	12	6	0	0	
2015	12	7	0	0	
2015	12	8	0	0	
2015	12	9	0	0	
2015	12	10	0	0	
2015	12	11	0	0	
2015	12	12	0	0	
2015	12	13	0	0	
2015	12	14	0	0	
2015	12	15	0	0	
2015	12	16	0	0	
2015	12	17	0	0	
2015	12	18	0	0	
2015	12	19	0	0	
2015	12	20	0	0	
2015	12	21	0	0	
2015	12	22	0	0	
2015	12	23	0	0	
2015	12	24	0	0	
2015	12	25	0	0	
2015	12	26	0	0	
2015	12	27	0	0	
2015	12	28	0	0	
2015	12	29	0	0	
2015	12	30	0	0	
2015	12	31	0	0	
2016	1	1	0	0	20.818849167435697
2016	1	2	0	0	33.014196920469
2016	1	3	0	0	30.0874245836128
2016	1	4	0	0	7.44373812528761
2016	1	5	0	0	35.4667837414354
2016	1	6	0	0	26.0143690618617
2016	1	7	0	0	39.4501337761786
2016	1	8	0	0	24.680163832887
2016	1	9	0	0	27.563554307080604
2016	1	10	0	0	42.05918548664821
2016	1	11	0	0	51.802294900533504
2016	1	12	0	0	33.579689507526105
2016	1	13	0	0	36.7935756319194
2016	1	14	0	0	35.8756750799074
2016	1	15	0	0	26.400131866318603
2016	1	16	0	0	41.4239349102239
2016	1	17	0	0	34.354160606145804
2016	1	18	0	0	24.8009744768472
2016	1	19	0	0	49.6048164569332
2016	1	20	0	0	24.0320632756783
2016	1	21	0	0	18.2490282095282
2016	1	22	0	0	23.681795526858306
2016	1	23	0	0	50.9461483326686
2016	1	24	0	0	23.7838979450403
2016	1	25	0	0	54.0490644628131
2016	1	26	0	0	34.5394504557827
2016	1	27	0	0	25.772134116714803
2016	1	28	0	0	29.687773965886
2016	1	29	0	0	47.3946584152773
2016	1	30	0	0	58.8082440317838
2016	1	31	0	0	58.3587825027086
2016	2	1	0	0	41.1143846552925
2016	2	2	0	0	60.2318939596605
2016	2	3	0	0	27.7812166593064
2016	2	4	0	0	68.7441913370516
2016	2	5	0	0	63.5148043769355
2016	2	6	0	0	54.32969489006621
2016	2	7	0	0	82.4745192364843
2016	2	8	0	0	58.377102135312
2016	2	9	0	0	74.370807719652
2016	2	10	0	0	76.924095513308
2016	2	11	0	0	61.7281581145475
2016	2	12	0	0	83.1237191688513
2016	2	13	0	0	47.08783038996761
2016	2	14	0	0	61.0127560942414
2016	2	15	0	0	48.4186938803575
2016	2	16	0	0	31.893891778622
2016	2	17	0	0	105.032768336239
2016	2	18	0	0	35.9256860696301
2016	2	19	0	0	68.9740299647781
2016	2	20	0	0	99.7461343030566
2016	2	21	0	0	116.458475087089
2016	2	22	0	0	97.25875814267891
2016	2	23	0	0	91.72119147720753
2016	2	24	0	0	23.024505991027603
2016	2	25	0	0	106.533571899895
2016	2	26	0	0	118.643395833016
2016	2	27	0	0	105.594616495757
2016	2	28	0	0	77.6074747997416
2016	2	29	0	0	57.7534171732592
2016	3	1	0	0	117.102047393034
2016	3	2	0	0	85.00455542437
2016	3	3	0	0	48.807586488193294
2016	3	4	0	0	81.3461148271444
2016	3	5	0	0	124.779208321849
2016	3	6	0	0	54.234040826076495
2016	3	7	0	0	61.1633911922823
2016	3	8	0	0	60.89741161227101
2016	3	9	0	0	58.5743485401122
2016	3	10	0	0	138.105175547155
2016	3	11	0	0	145.018553747423
2016	3	12	0	0	150.064840113391
2016	3	13	0	0	155.033302075782
2016	3	14	0	0	159.933789091371
2016	3	15	0	0	156.246543040954
2016	3	16	0	0	117.503789240727
2016	3	17	0	0	96.5518861049234
2016	3	18	0	0	125.274866688615
2016	3	19	0	0	124.934997014214
2016	3	20	0	0	164.291815275237
2016	3	21	0	0	123.039293800959
2016	3	22	0	0	76.1371527918765
2016	3	23	0	0	106.010636380119
2016	3	24	0	0	174.528220614599
2016	3	25	0	0	72.0912018025478
2016	3	26	0	0	121.328434171311
2016	3	27	0	0	212.698979364165
2016	3	28	0	0	92.54472959794072
2016	3	29	0	0	208.343001244195
2016	3	30	0	0	81.5769261818487
2016	3	31	0	0	110.944624775906
2016	4	1	0	0	113.742734962101
2016	4	2	0	0	93.186862094567
2016	4	3	0	0	131.12764037280002
2016	4	4	0	0	137.8885489912
2016	4	5	0	0	127.921550051234
2016	4	6	0	0	102.188742531888
2016	4	7	0	0	121.629843711726
2016	4	8	0	0	86.03039646139358
2016	4	9	0	0	188.847390885541
2016	4	10	0	0	115.34836538329
2016	4	11	0	0	147.862728610556
2016	4	12	0	0	259.549823403427
2016	4	13	0	0	233.091608600635
2016	4	14	0	0	195.697622704906
2016	4	15	0	0	132.866336254794
2016	4	16	0	0	148.256875137366
2016	4	17	0	0	110.604929887414
2016	4	18	0	0	158.91849106680598
2016	4	19	0	0	148.03410129186
2016	4	20	0	0	73.91273377706891
2016	4	21	0	0	115.177047092448
2016	4	22	0	0	110.768471502373
2016	4	23	0	0	110.931999218407
2016	4	24	0	0	137.411960717541
2016	4	25	0	0	140.70636682954202
2016	4	26	0	0	196.089989010421
2016	4	27	0	0	196.490595089361
2016	4	28	0	0	131.306451877759
2016	4	29	0	0	138.41695445197598
2016	4	30	0	0	94.9883292677205
2016	5	1	0	0	146.540315828517
2016	5	2	0	0	195.646328794471
2016	5	3	0	0	100.167555380737
2016	5	4	0	0	114.169620741844
2016	5	5	0	0	238.44911912477696
2016	5	6	0	0	298.554605872911
2016	5	7	0	0	286.951151883131
2016	5	8	0	0	238.703460188412
2016	5	9	0	0	139.860334222663
2016	5	10	0	0	296.74414941781504
2016	5	11	0	0	123.179400239839
2016	5	12	0	0	111.781663394712
2016	5	13	0	0	125.864207369855
2016	5	14	0	0	154.943690053337
2016	5	15	0	0	113.542368125741
2016	5	16	0	0	123.839128012452
2016	5	17	0	0	161.8790071606
2016	5	18	0	0	117.219633640574
2016	5	19	0	0	148.837543983495
2016	5	20	0	0	167.65918705507798
2016	5	21	0	0	244.339388221386
2016	5	22	0	0	291.437632300364
2016	5	23	0	0	191.114787468135
2016	5	24	0	0	207.887240536878
2016	5	25	0	0	239.609978467462
2016	5	26	0	0	117.372742734873
2016	5	27	0	0	150.775305037612
2016	5	28	0	0	179.59347428083998
2016	5	29	0	0	114.128489890884
2016	5	30	0	0	234.60765053158696
2016	5	31	0	0	336.884341039862
2016	6	1	0	0	186.027763177548
2016	6	2	0	0	313.954799225704
2016	6	3	0	0	311.469158760514
2016	6	4	0	0	140.550874523348
2016	6	5	0	0	171.83991572655398
2016	6	6	0	0	268.61066086585
2016	6	7	0	0	338.925023527211
2016	6	8	0	0	317.269602043664
2016	6	9	0	0	329.933420208736
2016	6	10	0	0	320.49285368518
2016	6	11	0	0	310.028056800104
2016	6	12	0	0	259.456843340909
2016	6	13	0	0	206.77299788720904
2016	6	14	0	0	262.784487258473
2016	6	15	0	0	276.95477459515
2016	6	16	0	0	271.025881479051
2016	6	17	0	0	248.018269807615
2016	6	18	0	0	338.002106543134
2016	6	19	0	0	133.541153241106
2016	6	20	0	0	278.156427584925
2016	6	21	0	0	288.372005678159
2016	6	22	0	0	273.652476728204
2016	6	23	0	0	242.68986897135
2016	6	24	0	0	233.020616865737
2016	6	25	0	0	327.902851401219
2016	6	26	0	0	262.01816401160704
2016	6	27	0	0	150.811355116165
2016	6	28	0	0	262.68515804190497
2016	6	29	0	0	317.533122316784
2016	6	30	0	0	320.791597340745
2016	7	1	0	0	330.923556154679
2016	7	2	0	0	284.62571166178
2016	7	3	0	0	328.534980436138
2016	7	4	0	0	153.817862560686
2016	7	5	0	0	126.74495911609
2016	7	6	0	0	142.886001172071
2016	7	7	0	0	124.475389743606
2016	7	8	0	0	169.921111968018
2016	7	9	0	0	208.093911405411
2016	7	10	0	0	166.331320830185
2016	7	11	0	0	290.234900662225
2016	7	12	0	0	233.383699549183
2016	7	13	0	0	297.859258304062
2016	7	14	0	0	123.890482642579
2016	7	15	0	0	238.71261524897
2016	7	16	0	0	110.438637190753
2016	7	17	0	0	114.875818921553
2016	7	18	0	0	127.684484642224
2016	7	19	0	0	294.557182731931
2016	7	20	0	0	289.28099083153097
2016	7	21	0	0	271.389820887674
2016	7	22	0	0	292.648034286611
2016	7	23	0	0	243.667310004949
2016	7	24	0	0	262.157942546625
2016	7	25	0	0	211.993959918718
2016	7	26	0	0	183.37978425541095
2016	7	27	0	0	268.834137099539
2016	7	28	0	0	299.030070252533
2016	7	29	0	0	250.954261437421
2016	7	30	0	0	309.381592227725
2016	7	31	0	0	114.10736788303998
2016	8	1	0	0	186.949050923479
2016	8	2	0	0	124.337987225997
2016	8	3	0	0	160.03366338088
2016	8	4	0	0	131.503230625962
2016	8	5	0	0	260.225477424676
2016	8	6	0	0	287.688041495178
2016	8	7	0	0	267.185531501661
2016	8	8	0	0	222.603656188278
2016	8	9	0	0	172.554684225583
2016	8	10	0	0	281.683864622152
2016	8	11	0	0	284.116910646805
2016	8	12	0	0	282.06004316257
2016	8	13	0	0	270.62631445212503
2016	8	14	0	0	290.717051571895
2016	8	15	0	0	172.383508463265
2016	8	16	0	0	133.597698099545
2016	8	17	0	0	230.486395688084
2016	8	18	0	0	242.055760870895
2016	8	19	0	0	265.996215899305
2016	8	20	0	0	85.43550487140179
2016	8	21	0	0	105.383698684799
2016	8	22	0	0	168.169280430879
2016	8	23	0	0	124.15938218416
2016	8	24	0	0	230.035658344394
2016	8	25	0	0	227.523861148163
2016	8	26	0	0	237.84190304689704
2016	8	27	0	0	192.645103057834
2016	8	28	0	0	190.438554768332
2016	8	29	0	0	229.26877310846697
2016	8	30	0	0	235.293565014461
2016	8	31	0	0	197.582599023427
2016	9	1	0	0	134.508932811987
2016	9	2	0	0	142.56205681282
2016	9	3	0	0	234.816720588296
2016	9	4	0	0	145.912366725075
2016	9	5	0	0	141.196782337706
2016	9	6	0	0	104.105898147101
2016	9	7	0	0	144.640161067792
2016	9	8	0	0	211.835887333755
2016	9	9	0	0	147.479295110196
2016	9	10	0	0	90.0742767714252
2016	9	11	0	0	195.802143862165
2016	9	12	0	0	84.9635052928069
2016	9	13	0	0	136.329693152778
2016	9	14	0	0	86.5592866072928
2016	9	15	0	0	185.817701160868
2016	9	16	0	0	183.954624798684
2016	9	17	0	0	59.65875842262421
2016	9	18	0	0	95.5883477695599
2016	9	19	0	0	84.8999388489425
2016	9	20	0	0	131.803108378675
2016	9	21	0	0	51.741475200221394
2016	9	22	0	0	73.48046226738141
2016	9	23	0	0	145.770507245381
2016	9	24	0	0	142.015000829958
2016	9	25	0	0	78.8598910843562
2016	9	26	0	0	141.69481513801
2016	9	27	0	0	75.47464954120599
2016	9	28	0	0	105.612628733404
2016	9	29	0	0	144.158563126261
2016	9	30	0	0	142.00730968274
2016	10	1	0	0	39.7539580144269
2016	10	2	0	0	46.1654379481363
2016	10	3	0	0	147.629266855551
2016	10	4	0	0	28.547518049307698
2016	10	5	0	0	62.8511578656147
2016	10	6	0	0	109.35652469792
2016	10	7	0	0	131.391059861753
2016	10	8	0	0	119.45742473663
2016	10	9	0	0	65.4865243469782
2016	10	10	0	0	87.85084757539481
2016	10	11	0	0	89.49950616800209
2016	10	12	0	0	120.267734427776
2016	10	13	0	0	36.406634290251006
2016	10	14	0	0	67.1292976582469
2016	10	15	0	0	53.77296698830629
2016	10	16	0	0	22.044915801117
2016	10	17	0	0	49.1881444327417
2016	10	18	0	0	50.45829586978889
2016	10	19	0	0	70.3783834710532
2016	10	20	0	0	61.8161266643589
2016	10	21	0	0	112.269255230854
2016	10	22	0	0	42.9795228053104
2016	10	23	0	0	53.8235637762356
2016	10	24	0	0	98.52229021333858
2016	10	25	0	0	40.5751372038594
2016	10	26	0	0	93.7047227811273
2016	10	27	0	0	27.7183251783331
2016	10	28	0	0	82.38885587229879
2016	10	29	0	0	81.3475492830018
2016	10	30	0	0	73.90356119964109
2016	10	31	0	0	54.0313601299794
2016	11	1	0	0	75.9654225810651
2016	11	2	0	0	80.3741506244938
2016	11	3	0	0	69.4670734797881
2016	11	4	0	0	38.9667394241299
2016	11	5	0	0	60.302364419527294
2016	11	6	0	0	62.920138618413
2016	11	7	0	0	60.7755290011265
2016	11	8	0	0	22.799229288793896
2016	11	9	0	0	34.6413786865027
2016	11	10	0	0	35.484057019152004
2016	11	11	0	0	37.0620817529193
2016	11	12	0	0	58.0384936492347
2016	11	13	0	0	55.7765957898681
2016	11	14	0	0	60.071541862206296
2016	11	15	0	0	55.777793817214096
2016	11	16	0	0	51.98022246511189
2016	11	17	0	0	53.7623258142132
2016	11	18	0	0	24.51342789060489
2016	11	19	0	0	52.0659788163375
2016	11	20	0	0	52.0631653183351
2016	11	21	0	0	30.2231774564738
2016	11	22	0	0	46.092239804168
2016	11	23	0	0	31.7484755788749
2016	11	24	0	0	34.9717729137856
2016	11	25	0	0	16.353541367620803
2016	11	26	0	0	21.3455716508832
2016	11	27	0	0	40.3664639193261
2016	11	28	0	0	41.50116167280879
2016	11	29	0	0	34.6114888418419
2016	11	30	0	0	42.068666359130894
2016	12	1	0	0	23.8869087978303
2016	12	2	0	0	22.805358876486
2016	12	3	0	0	27.5016106248735
2016	12	4	0	0	29.855776767680695
2016	12	5	0	0	22.7838333560993
2016	12	6	0	0	20.7657183666214
2016	12	7	0	0	30.699986895686003
2016	12	8	0	0	19.799853099771106
2016	12	9	0	0	24.7277436898943
2016	12	10	0	0	31.9067129077031
2016	12	11	0	0	22.928511421512297
2016	12	12	0	0	26.546592663949298
2016	12	13	0	0	21.8903483466157
2016	12	14	0	0	27.5103416117204
2016	12	15	0	0	20.7815203944067
2016	12	16	0	0	24.6809303802179
2016	12	17	0	0	19.6220439978734
2016	12	18	0	0	21.0177027645064
2016	12	19	0	0	25.643612590385104
2016	12	20	0	0	21.8814721432522
2016	12	21	0	0	18.3882222066158
2016	12	22	0	0	19.944046924840897
2016	12	23	0	0	30.6140019943515
2016	12	24	0	0	26.8288697857589
2016	12	25	0	0	23.795838051930104
2016	12	26	0	0	26.4384391399831
2016	12	27	0	0	19.7889325123521
2016	12	28	0	0	21.940487381883106
2016	12	29	0	0	21.822572361519605
2016	12	30	0	0	30.8323764186744
2016	12	31	0	0	27.6278922426894
2017	1	1	0	0	31.919988948981104
2017	1	2	0	0	32.8497367304669
2017	1	3	0	0	42.689725873212105
2017	1	4	0	0	42.90434749137321
2017	1	5	0	0	25.7650558396185
2017	1	6	0	0	21.7494677790886
2017	1	7	0	0	22.799031836917
2017	1	8	0	0	49.7394496754749
2017	1	9	0	0	38.4738524022417
2017	1	10	0	0	50.4178151460279
2017	1	11	0	0	52.6204755877695
2017	1	12	0	0	42.394763009724606
2017	1	13	0	0	37.5149925923865
2017	1	14	0	0	45.460442930196
2017	1	15	0	0	44.63408370247829
2017	1	16	0	0	27.534550331107003
2017	1	17	0	0	43.01169074270471
2017	1	18	0	0	44.34919377846
2017	1	19	0	0	36.640190464998895
2017	1	20	0	0	20.9301627340692
2017	1	21	0	0	44.2773160782755
2017	1	22	0	0	35.2332544740349
2017	1	23	0	0	51.2092186329105
2017	1	24	0	0	48.6631634361924
2017	1	25	0	0	47.8374517734954
2017	1	26	0	0	50.570415077445
2017	1	27	0	0	50.27697524929821
2017	1	28	0	0	58.03628006426471
2017	1	29	0	0	20.7086820434975
2017	1	30	0	0	57.0873442110091
2017	1	31	0	0	57.39142905297529
2017	2	1	0	0	40.6963747850309
2017	2	2	0	0	50.21488620175779
2017	2	3	0	0	71.3891030931426
2017	2	4	0	0	51.68009634765671
2017	2	5	0	0	64.5526768454408
2017	2	6	0	0	68.0248088359616
2017	2	7	0	0	32.827854589234
2017	2	8	0	0	73.3503063293182
2017	2	9	0	0	74.5562969576758
2017	2	10	0	0	72.1107767559586
2017	2	11	0	0	44.2116584268034
2017	2	12	0	0	31.3108784133904
2017	2	13	0	0	74.5975144753566
2017	2	14	0	0	44.458058604037504
2017	2	15	0	0	52.7738319891584
2017	2	16	0	0	76.4058681167283
2017	2	17	0	0	50.406561952155705
2017	2	18	0	0	95.2287862094487
2017	2	19	0	0	47.4992933359374
2017	2	20	0	0	115.664921320663
2017	2	21	0	0	111.302679490845
2017	2	22	0	0	120.946043236954
2017	2	23	0	0	32.500476844443895
2017	2	24	0	0	34.959763065518
2017	2	25	0	0	46.250530491619394
2017	2	26	0	0	118.324597167481
2017	2	27	0	0	99.1309968096846
2017	2	28	0	0	57.1398548261808
2017	3	1	0	0	39.785024434635
2017	3	2	0	0	108.237348525956
2017	3	3	0	0	46.9499882846202
2017	3	4	0	0	44.4801380660491
2017	3	5	0	0	37.426266266967
2017	3	6	0	0	89.9151482098963
2017	3	7	0	0	84.51046557484679
2017	3	8	0	0	123.830191704768
2017	3	9	0	0	56.09930539543571
2017	3	10	0	0	86.13257358672969
2017	3	11	0	0	86.1260750269363
2017	3	12	0	0	107.810346915823
2017	3	13	0	0	147.603291495086
2017	3	14	0	0	70.4434955791427
2017	3	15	0	0	67.1918021207238
2017	3	16	0	0	82.0167293876175
2017	3	17	0	0	173.510040292067
2017	3	18	0	0	47.9555295280857
2017	3	19	0	0	175.82987701049302
2017	3	20	0	0	173.768443234891
2017	3	21	0	0	167.505164767859
2017	3	22	0	0	162.949003040931
2017	3	23	0	0	168.523833015756
2017	3	24	0	0	187.644676374059
2017	3	25	0	0	204.640414143418
2017	3	26	0	0	222.196563190864
2017	3	27	0	0	192.0942178229
2017	3	28	0	0	207.469878595835
2017	3	29	0	0	208.730885195914
2017	3	30	0	0	210.871075263261
2017	3	31	0	0	88.90305823578001
2017	4	1	0	0	185.649103773884
2017	4	2	0	0	192.129533045478
2017	4	3	0	0	199.807455169688
2017	4	4	0	0	200.085688183674
2017	4	5	0	0	206.76221214784
2017	4	6	0	0	212.249621901479
2017	4	7	0	0	217.23223395147
2017	4	8	0	0	106.202808011869
2017	4	9	0	0	239.04955183293495
2017	4	10	0	0	169.89705764397
2017	4	11	0	0	86.947392158228
2017	4	12	0	0	90.9649478390944
2017	4	13	0	0	178.51518265655
2017	4	14	0	0	252.992962611024
2017	4	15	0	0	252.43536704904
2017	4	16	0	0	90.2469863119496
2017	4	17	0	0	179.305885349153
2017	4	18	0	0	96.0305211138346
2017	4	19	0	0	102.281049124534
2017	4	20	0	0	186.847692241126
2017	4	21	0	0	270.47350010094
2017	4	22	0	0	215.338957490458
2017	4	23	0	0	189.403083181625
2017	4	24	0	0	145.667436615755
2017	4	25	0	0	104.102876401569
2017	4	26	0	0	186.682376110363
2017	4	27	0	0	151.838174745005
2017	4	28	0	0	185.606646358255
2017	4	29	0	0	276.161639054276
2017	4	30	0	0	276.702764460079
2017	5	1	0	0	271.638430581251
2017	5	2	0	0	276.02147361607103
2017	5	3	0	0	214.13891032152
2017	5	4	0	0	266.347834206482
2017	5	5	0	0	262.87647957436
2017	5	6	0	0	112.245647041734
2017	5	7	0	0	286.632713577831
2017	5	8	0	0	143.362835721485
2017	5	9	0	0	289.32419281301003
2017	5	10	0	0	146.722436097497
2017	5	11	0	0	296.284356864519
2017	5	12	0	0	257.556587415846
2017	5	13	0	0	111.882087089493
2017	5	14	0	0	261.879315869592
2017	5	15	0	0	196.587024170616
2017	5	16	0	0	293.038946040653
2017	5	17	0	0	249.187956975441
2017	5	18	0	0	106.789107595573
2017	5	19	0	0	308.929387640473
2017	5	20	0	0	314.053222594544
2017	5	21	0	0	324.529421716826
2017	5	22	0	0	259.604048143002
2017	5	23	0	0	298.343661995476
2017	5	24	0	0	298.343661995476
2017	5	25	0	0	271.391066795538
2017	5	26	0	0	280.880515363246
2017	5	27	0	0	105.830434492162
2017	5	28	0	0	180.845755406802
2017	5	29	0	0	257.807037097458
2017	5	30	0	0	340.245467678883
2017	5	31	0	0	106.381193022168
2017	6	1	0	0	232.278734118892
2017	6	2	0	0	280.453951632672
2017	6	3	0	0	246.073914165977
2017	6	4	0	0	184.424474254781
2017	6	5	0	0	329.0024412372
2017	6	6	0	0	111.128101043989
2017	6	7	0	0	269.507807403836
2017	6	8	0	0	300.965795264403
2017	6	9	0	0	137.137790974383
2017	6	10	0	0	110.877357355587
2017	6	11	0	0	145.139821593681
2017	6	12	0	0	205.49292027736303
2017	6	13	0	0	114.581641518672
2017	6	14	0	0	118.073094752567
2017	6	15	0	0	312.122768729362
2017	6	16	0	0	331.81652536856603
2017	6	17	0	0	325.50635451763304
2017	6	18	0	0	117.30462941332
2017	6	19	0	0	291.423800237199
2017	6	20	0	0	298.483363369194
2017	6	21	0	0	318.547241687701
2017	6	22	0	0	190.61918955147095
2017	6	23	0	0	199.817720382025
2017	6	24	0	0	130.918942637312
2017	6	25	0	0	243.518433434635
2017	6	26	0	0	187.03494258084095
2017	6	27	0	0	326.103499250015
2017	6	28	0	0	293.646356595714
2017	6	29	0	0	203.168450468349
2017	6	30	0	0	257.314399690226
2017	7	1	0	0	204.433569467184
2017	7	2	0	0	188.353471805652
2017	7	3	0	0	306.23037972963
2017	7	4	0	0	208.992337286428
2017	7	5	0	0	192.88615256983
2017	7	6	0	0	302.14358626855
2017	7	7	0	0	239.097954869414
2017	7	8	0	0	330.377020388522
2017	7	9	0	0	332.07943298033297
2017	7	10	0	0	322.578065654598
2017	7	11	0	0	318.02646230343703
2017	7	12	0	0	297.908087775017
2017	7	13	0	0	167.66818286357
2017	7	14	0	0	303.99985200297
2017	7	15	0	0	310.635451801857
2017	7	16	0	0	318.253643602947
2017	7	17	0	0	316.07621052444
2017	7	18	0	0	290.310160140081
2017	7	19	0	0	308.054510010785
2017	7	20	0	0	79.4019682738517
2017	7	21	0	0	233.616532715114
2017	7	22	0	0	118.723596977083
2017	7	23	0	0	158.948525762092
2017	7	24	0	0	216.955142616842
2017	7	25	0	0	192.265966654897
2017	7	26	0	0	257.520714208819
2017	7	27	0	0	283.468890978115
2017	7	28	0	0	269.87108755561
2017	7	29	0	0	208.85477037567
2017	7	30	0	0	275.423107001546
2017	7	31	0	0	293.89225572577703
2017	8	1	0	0	299.845258425798
2017	8	2	0	0	213.61956291314095
2017	8	3	0	0	260.50680238061403
2017	8	4	0	0	158.550595235239
2017	8	5	0	0	219.33430802734
2017	8	6	0	0	265.10805206206004
2017	8	7	0	0	273.279988092827
2017	8	8	0	0	105.857222823665
2017	8	9	0	0	86.0504242130233
2017	8	10	0	0	159.080820886543
2017	8	11	0	0	252.141137491193
2017	8	12	0	0	262.544097429061
2017	8	13	0	0	259.693016023589
2017	8	14	0	0	163.629396770586
2017	8	15	0	0	278.247448356711
2017	8	16	0	0	261.448144684168
2017	8	17	0	0	232.337585030687
2017	8	18	0	0	159.30793681036698
2017	8	19	0	0	223.82420187552003
2017	8	20	0	0	176.60438604407798
2017	8	21	0	0	249.691479320638
2017	8	22	0	0	129.865631963713
2017	8	23	0	0	159.83049499251
2017	8	24	0	0	224.633413107176
2017	8	25	0	0	115.984839599366
2017	8	26	0	0	244.020772187533
2017	8	27	0	0	67.5427266281947
2017	8	28	0	0	134.27633244127
2017	8	29	0	0	87.6759848889591
2017	8	30	0	0	231.225563895475
2017	8	31	0	0	234.296581735956
2017	9	1	0	0	233.377950866465
2017	9	2	0	0	201.936273297526
2017	9	3	0	0	203.127216142902
2017	9	4	0	0	194.91715691030495
2017	9	5	0	0	207.07119484314495
2017	9	6	0	0	109.110770521722
2017	9	7	0	0	221.87005671439096
2017	9	8	0	0	213.334540523922
2017	9	9	0	0	196.01042800552105
2017	9	10	0	0	191.677591560742
2017	9	11	0	0	195.93467336717603
2017	9	12	0	0	193.599555378014
2017	9	13	0	0	86.51797876269708
2017	9	14	0	0	128.793343165442
2017	9	15	0	0	93.5895671499512
2017	9	16	0	0	86.0447420933188
2017	9	17	0	0	128.997039536642
2017	9	18	0	0	176.576797062371
2017	9	19	0	0	99.3161066180044
2017	9	20	0	0	71.9353704371588
2017	9	21	0	0	73.8081972653438
2017	9	22	0	0	159.60898034387898
2017	9	23	0	0	67.3381845987469
2017	9	24	0	0	103.320031482317
2017	9	25	0	0	170.251665717281
2017	9	26	0	0	64.5469659965234
2017	9	27	0	0	85.7743259630119
2017	9	28	0	0	61.362340088322
2017	9	29	0	0	112.866996399414
2017	9	30	0	0	97.82273689785288
2017	10	1	0	0	80.47492497075959
2017	10	2	0	0	53.0445076022937
2017	10	3	0	0	133.49043985517798
2017	10	4	0	0	135.55480732904
2017	10	5	0	0	45.297432126071904
2017	10	6	0	0	77.9546607996363
2017	10	7	0	0	132.319557684273
2017	10	8	0	0	122.126423138268
2017	10	9	0	0	119.247310430125
2017	10	10	0	0	95.2021686977664
2017	10	11	0	0	67.9070519127978
2017	10	12	0	0	65.314298497485
2017	10	13	0	0	53.1074403254216
2017	10	14	0	0	105.724742330481
2017	10	15	0	0	112.233602129527
2017	10	16	0	0	100.11549574418
2017	10	17	0	0	51.284348833490895
2017	10	18	0	0	89.3163470941782
2017	10	19	0	0	35.111415425390895
2017	10	20	0	0	29.679586134833897
2017	10	21	0	0	87.05373164059391
2017	10	22	0	0	48.245680242777006
2017	10	23	0	0	97.51171748637093
2017	10	24	0	0	26.864912146785603
2017	10	25	0	0	60.498323758784
2017	10	26	0	0	39.7282138970175
2017	10	27	0	0	33.6600698137648
2017	10	28	0	0	89.4828556002832
2017	10	29	0	0	27.7720597585745
2017	10	30	0	0	77.6648826781344
2017	10	31	0	0	54.8206445798355
2017	11	1	0	0	71.41876679635591
2017	11	2	0	0	48.0372037296584
2017	11	3	0	0	58.7978740847566
2017	11	4	0	0	49.29082767082
2017	11	5	0	0	25.5941604664931
2017	11	6	0	0	65.7407300835236
2017	11	7	0	0	28.3163446089747
2017	11	8	0	0	33.1236125111968
2017	11	9	0	0	9.106524932941038
2017	11	10	0	0	39.1939975388484
2017	11	11	0	0	33.7003830075456
2017	11	12	0	0	60.2100326001503
2017	11	13	0	0	50.693215073272704
2017	11	14	0	0	67.0412875636577
2017	11	15	0	0	52.0656569166736
2017	11	16	0	0	21.775532040158897
2017	11	17	0	0	35.484057019152004
2017	11	18	0	0	56.5784394678721
2017	11	19	0	0	56.589476841324704
2017	11	20	0	0	42.93794922462779
2017	11	21	0	0	60.6823224006148
2017	11	22	0	0	44.1059308999365
2017	11	23	0	0	45.6670836187323
2017	11	24	0	0	47.30595030643539
2017	11	25	0	0	44.29134889210171
2017	11	26	0	0	42.3891655375374
2017	11	27	0	0	40.833125827634
2017	11	28	0	0	23.6845678445022
2017	11	29	0	0	26.4771704661314
2017	11	30	0	0	22.792939940223494
2017	12	1	0	0	14.5543222576759
2017	12	2	0	0	34.630835612347695
2017	12	3	0	0	31.637305230679697
2017	12	4	0	0	21.957226605336
2017	12	5	0	0	32.5676768039019
2017	12	6	0	0	9.17509719688168
2017	12	7	0	0	20.4815065632477
2017	12	8	0	0	19.7953831280576
2017	12	9	0	0	27.494486178062896
2017	12	10	0	0	28.7285998577415
2017	12	11	0	0	33.5879004076399
2017	12	12	0	0	27.275852557105104
2017	12	13	0	0	33.5877163485111
2017	12	14	0	0	27.6224865194262
2017	12	15	0	0	18.164840632536897
2017	12	16	0	0	20.9862776902783
2017	12	17	0	0	23.8982387475538
2017	12	18	0	0	20.0021471430484
2017	12	19	0	0	26.6111265229932
2017	12	20	0	0	23.0028189917832
2017	12	21	0	0	28.7299659540493
2017	12	22	0	0	21.9522152239382
2017	12	23	0	0	25.6300739568554
2017	12	24	0	0	27.7105793463585
2017	12	25	0	0	28.7290554428596
2017	12	26	0	0	28.8325528822864
2017	12	27	0	0	22.9281918705657
2017	12	28	0	0	20.9862332454702
2017	12	29	0	0	23.7986965095336
2017	12	30	0	0	27.4965268853933
2017	12	31	0	0	21.6235014512673
2018	1	1	0	0	29.2126450021878
2018	1	2	0	0	24.8009744768472
2018	1	3	0	0	25.748167890196
2018	1	4	0	0	22.105304080234603
2018	1	5	0	0	19.3615349067921
2018	1	6	0	0	25.5331795421877
2018	1	7	0	0	25.7920849871585
2018	1	8	0	0	44.4541600784711
2018	1	9	0	0	16.4849755270816
2018	1	10	0	0	38.4945737649036
2018	1	11	0	0	23.759388863927
2018	1	12	0	0	47.4018989700377
2018	1	13	0	0	51.8827839487058
2018	1	14	0	0	45.595151530169
2018	1	15	0	0	43.3469798330184
2018	1	16	0	0	44.3192019310981
2018	1	17	0	0	44.197406139296206
2018	1	18	0	0	29.6954400497823
2018	1	19	0	0	22.7602796031529
2018	1	20	0	0	44.24483442437679
2018	1	21	0	0	41.4604273283518
2018	1	22	0	0	33.6194562172222
2018	1	23	0	0	26.419413105837304
2018	1	24	0	0	27.5740618468603
2018	1	25	0	0	52.42819174500861
2018	1	26	0	0	17.116930661573
2018	1	27	0	0	57.5074869358177
2018	1	28	0	0	59.4872460334499
2018	1	29	0	0	58.1910748964541
2018	1	30	0	0	62.931024029210604
2018	1	31	0	0	35.4682330606595
2018	2	1	0	0	48.6298046090691
2018	2	2	0	0	31.260870917877497
2018	2	3	0	0	32.3237161987434
2018	2	4	0	0	31.0608117482043
2018	2	5	0	0	60.4646973468707
2018	2	6	0	0	34.314522545943696
2018	2	7	0	0	65.0846483660033
2018	2	8	0	0	38.7126711382418
2018	2	9	0	0	37.6229032650869
2018	2	10	0	0	86.84436539482171
2018	2	11	0	0	96.735179463743
2018	2	12	0	0	99.9459854527776
2018	2	13	0	0	83.7171634535718
2018	2	14	0	0	76.55694694066541
2018	2	15	0	0	94.2152048722112
2018	2	16	0	0	57.0716767730993
2018	2	17	0	0	26.4351105769167
2018	2	18	0	0	104.727635709081
2018	2	19	0	0	107.22096127974702
2018	2	20	0	0	110.866979657578
2018	2	21	0	0	44.785358720180994
2018	2	22	0	0	78.95010605373429
2018	2	23	0	0	47.8049791975936
2018	2	24	0	0	85.4024281606475
2018	2	25	0	0	119.950440256772
2018	2	26	0	0	60.3804268857178
2018	2	27	0	0	100.194488598849
2018	2	28	0	0	45.4287703973009
2018	3	1	0	0	110.081884990267
2018	3	2	0	0	85.5160487197538
2018	3	3	0	0	75.7338172877392
2018	3	4	0	0	106.966203470007
2018	3	5	0	0	72.6710878792139
2018	3	6	0	0	80.16252565187959
2018	3	7	0	0	124.793366261562
2018	3	8	0	0	66.59312817174501
2018	3	9	0	0	76.0507051064818
2018	3	10	0	0	111.048789587558
2018	3	11	0	0	85.6660531027005
2018	3	12	0	0	102.839543494772
2018	3	13	0	0	89.8358716963872
2018	3	14	0	0	106.527532055274
2018	3	15	0	0	61.08855979963389
2018	3	16	0	0	85.6692841116677
2018	3	17	0	0	143.33605170457898
2018	3	18	0	0	96.31469673787608
2018	3	19	0	0	108.683670456862
2018	3	20	0	0	95.41184393896098
2018	3	21	0	0	68.1526680779217
2018	3	22	0	0	79.4521676759124
2018	3	23	0	0	169.604289731519
2018	3	24	0	0	188.475927115883
2018	3	25	0	0	199.777385011742
2018	3	26	0	0	211.18872825664903
2018	3	27	0	0	148.820211727454
2018	3	28	0	0	120.41405462928002
2018	3	29	0	0	101.915652550287
2018	3	30	0	0	91.2734796558935
2018	3	31	0	0	58.227335379457294
2018	4	1	0	0	82.53320307946879
2018	4	2	0	0	132.647060266811
2018	4	3	0	0	145.953803593865
2018	4	4	0	0	98.6854068676214
2018	4	5	0	0	191.252107623831
2018	4	6	0	0	212.78341848858895
2018	4	7	0	0	230.142926031911
2018	4	8	0	0	223.761859153875
2018	4	9	0	0	93.9715686000715
2018	4	10	0	0	75.6561927001053
2018	4	11	0	0	81.91576395751929
2018	4	12	0	0	218.043942242126
2018	4	13	0	0	123.009326472772
2018	4	14	0	0	210.648650552396
2018	4	15	0	0	212.712241606642
2018	4	16	0	0	241.083920008499
2018	4	17	0	0	239.49270611483504
2018	4	18	0	0	248.661661965246
2018	4	19	0	0	256.109040575019
2018	4	20	0	0	197.842842210438
2018	4	21	0	0	98.04897168790608
2018	4	22	0	0	104.784065418537
2018	4	23	0	0	112.387902658355
2018	4	24	0	0	253.3779724534
2018	4	25	0	0	261.324273686651
2018	4	26	0	0	245.502188422698
2018	4	27	0	0	271.07313890529497
2018	4	28	0	0	166.839002699144
2018	4	29	0	0	172.76359005400798
2018	4	30	0	0	113.789069790126
2018	5	1	0	0	173.532892991128
2018	5	2	0	0	273.760496686916
2018	5	3	0	0	290.775904076397
2018	5	4	0	0	288.526456194611
2018	5	5	0	0	283.397366740019
2018	5	6	0	0	245.896697265477
2018	5	7	0	0	287.386891085515
2018	5	8	0	0	288.157782907054
2018	5	9	0	0	292.880627690886
2018	5	10	0	0	174.676972371993
2018	5	11	0	0	269.885319705022
2018	5	12	0	0	99.04454923719892
2018	5	13	0	0	323.048555795913
2018	5	14	0	0	331.959733829739
2018	5	15	0	0	332.409132822048
2018	5	16	0	0	317.63707275937304
2018	5	17	0	0	239.899393924067
2018	5	18	0	0	239.88010374163895
2018	5	19	0	0	312.661644631703
2018	5	20	0	0	224.25980897981896
2018	5	21	0	0	137.895812886615
2018	5	22	0	0	157.685400697316
2018	5	23	0	0	115.55586986511
2018	5	24	0	0	154.429378163992
2018	5	25	0	0	259.950867740489
2018	5	26	0	0	147.631585888686
2018	5	27	0	0	117.493036527927
2018	5	28	0	0	152.057790191002
2018	5	29	0	0	185.20094294632705
2018	5	30	0	0	305.565585016414
2018	5	31	0	0	277.989282400909
2018	6	1	0	0	333.36577891826
2018	6	2	0	0	314.926599478681
2018	6	3	0	0	190.39696701934105
2018	6	4	0	0	175.577718083686
2018	6	5	0	0	253.380754353722
2018	6	6	0	0	254.66989046111695
2018	6	7	0	0	326.66066633982496
2018	6	8	0	0	331.910715125523
2018	6	9	0	0	158.089953093074
2018	6	10	0	0	168.135741773873
2018	6	11	0	0	180.222383941366
2018	6	12	0	0	273.320505020337
2018	6	13	0	0	226.270604349724
2018	6	14	0	0	288.77982069484904
2018	6	15	0	0	112.33792080386002
2018	6	16	0	0	120.258791500159
2018	6	17	0	0	106.11171146097
2018	6	18	0	0	172.94483214146302
2018	6	19	0	0	190.077526053406
2018	6	20	0	0	310.058251018928
2018	6	21	0	0	148.565055818319
2018	6	22	0	0	327.727878754484
2018	6	23	0	0	291.768658043999
2018	6	24	0	0	324.90898436877
2018	6	25	0	0	321.435030360282
2018	6	26	0	0	175.448643143786
2018	6	27	0	0	315.60075562762995
2018	6	28	0	0	333.901801548109
2018	6	29	0	0	332.783143109188
2018	6	30	0	0	281.604824236553
2018	7	1	0	0	223.467468996321
2018	7	2	0	0	329.505953658807
2018	7	3	0	0	241.158821308624
2018	7	4	0	0	338.282450574135
2018	7	5	0	0	339.152584907348
2018	7	6	0	0	336.573457593764
2018	7	7	0	0	339.07799220018904
2018	7	8	0	0	285.51587056935
2018	7	9	0	0	312.75931132709803
2018	7	10	0	0	276.235347267638
2018	7	11	0	0	307.461847892925
2018	7	12	0	0	195.455934374038
2018	7	13	0	0	195.64539798166305
2018	7	14	0	0	324.021120685761
2018	7	15	0	0	361.50560524323095
2018	7	16	0	0	148.96564923370198
2018	7	17	0	0	133.933947480143
2018	7	18	0	0	172.78171528671
2018	7	19	0	0	143.22986527599198
2018	7	20	0	0	163.148059427574
2018	7	21	0	0	225.755547417571
2018	7	22	0	0	243.002406027
2018	7	23	0	0	253.47369243481097
2018	7	24	0	0	308.510886250544
2018	7	25	0	0	287.373723066228
2018	7	26	0	0	290.386666715619
2018	7	27	0	0	226.08348573867696
2018	7	28	0	0	192.013658530256
2018	7	29	0	0	318.148790371634
2018	7	30	0	0	307.17766973814497
2018	7	31	0	0	289.649297063991
2018	8	1	0	0	303.559987463513
2018	8	2	0	0	307.488221935318
2018	8	3	0	0	267.851514535497
2018	8	4	0	0	305.234133922334
2018	8	5	0	0	231.988378093507
2018	8	6	0	0	103.551941756451
2018	8	7	0	0	101.665823422307
2018	8	8	0	0	140.44632011252
2018	8	9	0	0	92.3993902945902
2018	8	10	0	0	102.728356855744
2018	8	11	0	0	152.977668686834
2018	8	12	0	0	103.861124665821
2018	8	13	0	0	144.711443380981
2018	8	14	0	0	243.653591272009
2018	8	15	0	0	147.668465256573
2018	8	16	0	0	114.744593955321
2018	8	17	0	0	268.986514659305
2018	8	18	0	0	92.8749634113358
2018	8	19	0	0	233.339041651196
2018	8	20	0	0	164.77238181872602
2018	8	21	0	0	62.4990807737405
2018	8	22	0	0	114.218192259758
2018	8	23	0	0	132.917920298304
2018	8	24	0	0	118.211601308564
2018	8	25	0	0	185.744183854353
2018	8	26	0	0	210.742652127024
2018	8	27	0	0	188.79619170379505
2018	8	28	0	0	170.85675650526198
2018	8	29	0	0	123.276882914601
2018	8	30	0	0	81.00730270499909
2018	8	31	0	0	102.198213400001
2018	9	1	0	0	172.164295454637
2018	9	2	0	0	147.636753364601
2018	9	3	0	0	214.670531365252
2018	9	4	0	0	220.33330795450803
2018	9	5	0	0	176.09010931963402
2018	9	6	0	0	134.158528009955
2018	9	7	0	0	127.002536407977
2018	9	8	0	0	85.3290897234472
2018	9	9	0	0	128.870167333232
2018	9	10	0	0	148.339127988194
2018	9	11	0	0	193.056959193115
2018	9	12	0	0	164.523076694642
2018	9	13	0	0	167.62344569656798
2018	9	14	0	0	186.40543235655
2018	9	15	0	0	76.5509830085858
2018	9	16	0	0	69.4396348767147
2018	9	17	0	0	64.0466316194387
2018	9	18	0	0	50.7883992490629
2018	9	19	0	0	99.1247724887405
2018	9	20	0	0	93.56690706712072
2018	9	21	0	0	86.4518940224097
2018	9	22	0	0	81.7905778568074
2018	9	23	0	0	86.24544153722691
2018	9	24	0	0	128.616245667183
2018	9	25	0	0	154.569138291073
2018	9	26	0	0	157.52220896338002
2018	9	27	0	0	151.29511066145798
2018	9	28	0	0	160.392268917189
2018	9	29	0	0	131.48415435817898
2018	9	30	0	0	102.960617992879
2018	10	1	0	0	96.85875445839147
2018	10	2	0	0	143.288481197323
2018	10	3	0	0	124.871899626826
2018	10	4	0	0	74.06729466846942
2018	10	5	0	0	134.914935819561
2018	10	6	0	0	131.787802729602
2018	10	7	0	0	126.061645346348
2018	10	8	0	0	127.839353496069
2018	10	9	0	0	109.160011965178
2018	10	10	0	0	112.197949035289
2018	10	11	0	0	85.39713779304209
2018	10	12	0	0	119.505643070545
2018	10	13	0	0	87.2467938200756
2018	10	14	0	0	110.303408157983
2018	10	15	0	0	109.438862588037
2018	10	16	0	0	107.61105751894002
2018	10	17	0	0	108.94172782873
2018	10	18	0	0	117.675993670871
2018	10	19	0	0	100.236357847652
2018	10	20	0	0	62.9718069002306
2018	10	21	0	0	96.91042717511972
2018	10	22	0	0	73.56551676240741
2018	10	23	0	0	82.0940457751669
2018	10	24	0	0	87.98409167358808
2018	10	25	0	0	85.1739641270261
2018	10	26	0	0	80.88967482122071
2018	10	27	0	0	81.4129145904069
2018	10	28	0	0	80.67144290555309
2018	10	29	0	0	75.398416346407
2018	10	30	0	0	82.1973533911941
2018	10	31	0	0	79.5368878753941
2018	11	1	0	0	81.0165824614014
2018	11	2	0	0	76.684335504811
2018	11	3	0	0	71.3289901725046
2018	11	4	0	0	68.9788368876003
2018	11	5	0	0	20.9934064773993
2018	11	6	0	0	61.8749760542704
2018	11	7	0	0	68.6890000420449
2018	11	8	0	0	39.1939975388484
2018	11	9	0	0	25.544174390580896
2018	11	10	0	0	57.677447081731
2018	11	11	0	0	69.4990903535101
2018	11	12	0	0	67.8159471891542
2018	11	13	0	0	59.0619306283909
2018	11	14	0	0	21.7549773300735
2018	11	15	0	0	30.6706628959118
2018	11	16	0	0	23.1933966130523
2018	11	17	0	0	49.188221878831605
2018	11	18	0	0	29.1880756388368
2018	11	19	0	0	50.3836841971564
2018	11	20	0	0	22.7856405242518
2018	11	21	0	0	34.6913015665702
2018	11	22	0	0	24.6206246912648
2018	11	23	0	0	48.411320650997496
2018	11	24	0	0	41.2665345508151
2018	11	25	0	0	38.2040291862101
2018	11	26	0	0	42.759308750032
2018	11	27	0	0	41.9973616840019
2018	11	28	0	0	39.3531936153064
2018	11	29	0	0	45.4380747566374
2018	11	30	0	0	38.408776343223
2018	12	1	0	0	46.6126496320997
2018	12	2	0	0	34.6293887820432
2018	12	3	0	0	10.5736684578219
2018	12	4	0	0	28.7272317823846
2018	12	5	0	0	21.8763104094366
2018	12	6	0	0	20.0602482272124
2018	12	7	0	0	19.7345689076947
2018	12	8	0	0	21.0352462670346
2018	12	9	0	0	27.63602637816789
2018	12	10	0	0	22.931378175833306
2018	12	11	0	0	33.5879221607602
2018	12	12	0	0	38.3728864796246
2018	12	13	0	0	27.595283634070803
2018	12	14	0	0	19.7623771744154
2018	12	15	0	0	22.7826850348874
2018	12	16	0	0	25.6630373433158
2018	12	17	0	0	21.9983778305123
2018	12	18	0	0	26.6002650934367
2018	12	19	0	0	18.5014390144875
2018	12	20	0	0	21.0141165737686
2018	12	21	0	0	21.663018252599898
2018	12	22	0	0	21.880861252649304
2018	12	23	0	0	21.888980763313302
2018	12	24	0	0	25.2744836249687
2018	12	25	0	0	21.8767179363753
2018	12	26	0	0	22.0642887134554
2018	12	27	0	0	30.7533749239384
2018	12	28	0	0	24.796164601427694
2018	12	29	0	0	29.484186891250896
2018	12	30	0	0	22.924985039054103
2018	12	31	0	0	26.6002650934367
2019	1	1	0	0	24.126073582505697
2019	1	2	0	0	34.9629783220429
2019	1	3	0	0	45.9225433926074
2019	1	4	0	0	37.86635215197021
2019	1	5	0	0	43.424451268314506
2019	1	6	0	0	12.6375774229616
2019	1	7	0	0	20.830603379172302
2019	1	8	0	0	18.3369077416945
2019	1	9	0	0	21.7888919260002
2019	1	10	0	0	46.2117020822135
2019	1	11	0	0	35.4720185187668
2019	1	12	0	0	37.315469312141104
2019	1	13	0	0	23.6966037137682
2019	1	14	0	0	22.809808801459603
2019	1	15	0	0	24.7925881168867
2019	1	16	0	0	30.7120568103161
2019	1	17	0	0	18.3535025170868
2019	1	18	0	0	24.7228490309413
2019	1	19	0	0	18.31068920373
2019	1	20	0	0	21.824112737897305
2019	1	21	0	0	33.6661212226358
2019	1	22	0	0	51.1566605169471
2019	1	23	0	0	41.4547177270395
2019	1	24	0	0	51.1983402166339
2019	1	25	0	0	53.2258364084539
2019	1	26	0	0	53.5338824781347
2019	1	27	0	0	26.681252736139697
2019	1	28	0	0	31.623281285819804
2019	1	29	0	0	29.7259048930928
2019	1	30	0	0	41.4615088212571
2019	1	31	0	0	50.1596245802403
2019	2	1	0	0	36.903686047672
2019	2	2	0	0	31.602558453681603
2019	2	3	0	0	54.9867321964699
2019	2	4	0	0	40.239971819823
2019	2	5	0	0	35.7605597874721
2019	2	6	0	0	56.4580337639007
2019	2	7	0	0	27.113768591629
2019	2	8	0	0	51.2200212474449
2019	2	9	0	0	49.4137292792725
2019	2	10	0	0	45.7148702002664
2019	2	11	0	0	31.460883501728897
2019	2	12	0	0	27.0813516247858
2019	2	13	0	0	42.0281742611239
2019	2	14	0	0	42.5263844243711
2019	2	15	0	0	87.09031745081249
2019	2	16	0	0	87.39333170240009
2019	2	17	0	0	87.11765203216079
2019	2	18	0	0	74.57690582149179
2019	2	19	0	0	82.16425404052741
2019	2	20	0	0	88.89984477879909
2019	2	21	0	0	106.247883263834
2019	2	22	0	0	105.410789005628
2019	2	23	0	0	105.921320906196
2019	2	24	0	0	98.9396178582933
2019	2	25	0	0	109.727174363623
2019	2	26	0	0	127.684761091091
2019	2	27	0	0	66.9216702464919
2019	2	28	0	0	58.7934459932784
2019	3	1	0	0	122.261613391951
2019	3	2	0	0	123.605894760073
2019	3	3	0	0	82.9603066720672
2019	3	4	0	0	47.5396298325071
2019	3	5	0	0	72.5238258292414
2019	3	6	0	0	84.71686352147759
2019	3	7	0	0	72.6599358445202
2019	3	8	0	0	115.856417297538
2019	3	9	0	0	86.7333304986248
2019	3	10	0	0	82.70650088222429
2019	3	11	0	0	91.6517062692102
2019	3	12	0	0	115.669946451053
2019	3	13	0	0	165.355922272565
2019	3	14	0	0	72.9396362338968
2019	3	15	0	0	84.8757788178213
2019	3	16	0	0	130.51309965742598
2019	3	17	0	0	101.738298684342
2019	3	18	0	0	103.229714659158
2019	3	19	0	0	178.86200777774897
2019	3	20	0	0	67.8274093875443
2019	3	21	0	0	179.267466284554
2019	3	22	0	0	161.837932451986
2019	3	23	0	0	153.872149621397
2019	3	24	0	0	178.70101199170398
2019	3	25	0	0	178.034308855401
2019	3	26	0	0	189.95074626955503
2019	3	27	0	0	192.363011406678
2019	3	28	0	0	125.671341643704
2019	3	29	0	0	85.2955227968379
2019	3	30	0	0	122.805994218924
2019	3	31	0	0	153.500292894356
2019	4	1	0	0	152.056684937865
2019	4	2	0	0	92.9391209952272
2019	4	3	0	0	153.923195712483
2019	4	4	0	0	182.742185959636
2019	4	5	0	0	138.840341660106
2019	4	6	0	0	155.519080038299
2019	4	7	0	0	166.31949976088
2019	4	8	0	0	98.99920038659393
2019	4	9	0	0	162.05495767133002
2019	4	10	0	0	158.906242189604
2019	4	11	0	0	178.722493339921
2019	4	12	0	0	268.537894745824
2019	4	13	0	0	101.611744457984
2019	4	14	0	0	122.266499792436
2019	4	15	0	0	261.527095138053
2019	4	16	0	0	230.300512904525
2019	4	17	0	0	115.125641757461
2019	4	18	0	0	68.9759281439453
2019	4	19	0	0	277.565606605625
2019	4	20	0	0	262.693433401369
2019	4	21	0	0	190.93601368434295
2019	4	22	0	0	139.847863183779
2019	4	23	0	0	217.130785109795
2019	4	24	0	0	173.291903644991
2019	4	25	0	0	103.517374041067
2019	4	26	0	0	152.090287980175
2019	4	27	0	0	281.017535719678
2019	4	28	0	0	250.551670887822
2019	4	29	0	0	179.572164846624
2019	4	30	0	0	262.30462970039
2019	5	1	0	0	263.46992757727503
2019	5	2	0	0	220.647072342406
2019	5	3	0	0	174.050601917651
2019	5	4	0	0	119.52863970696
2019	5	5	0	0	177.279782412239
2019	5	6	0	0	131.611992669859
2019	5	7	0	0	189.32954721756
2019	5	8	0	0	171.784066707834
2019	5	9	0	0	232.705388781701
2019	5	10	0	0	250.014858384296
2019	5	11	0	0	308.332204497744
2019	5	12	0	0	258.046116477717
2019	5	13	0	0	139.685610370456
2019	5	14	0	0	110.386499331551
2019	5	15	0	0	315.131805711293
2019	5	16	0	0	152.652248260372
2019	5	17	0	0	110.860491178576
2019	5	18	0	0	177.34867391743902
2019	5	19	0	0	163.750244486847
2019	5	20	0	0	194.507011687174
2019	5	21	0	0	145.74894308561198
2019	5	22	0	0	217.28418239679905
2019	5	23	0	0	312.934605178647
2019	5	24	0	0	271.088060100913
2019	5	25	0	0	201.504378146879
2019	5	26	0	0	281.25864813773603
2019	5	27	0	0	293.49628724620203
2019	5	28	0	0	304.598622858836
2019	5	29	0	0	322.28481833402697
2019	5	30	0	0	181.664264250986
2019	5	31	0	0	327.607321515155
2019	6	1	0	0	267.06791451076697
2019	6	2	0	0	274.30251379947003
2019	6	3	0	0	143.866540971432
2019	6	4	0	0	292.387411160783
2019	6	5	0	0	342.347770580589
2019	6	6	0	0	262.143778315491
2019	6	7	0	0	153.989106717319
2019	6	8	0	0	268.156840224195
2019	6	9	0	0	329.227304218329
2019	6	10	0	0	309.679740192684
2019	6	11	0	0	342.57599925197
2019	6	12	0	0	317.688835295734
2019	6	13	0	0	206.106353035758
2019	6	14	0	0	270.65407851218
2019	6	15	0	0	243.650451856355
2019	6	16	0	0	148.540110114835
2019	6	17	0	0	342.144899094747
2019	6	18	0	0	354.09797270370103
2019	6	19	0	0	350.739313819489
2019	6	20	0	0	314.170776786422
2019	6	21	0	0	346.160133550223
2019	6	22	0	0	325.944276774067
2019	6	23	0	0	210.63407729868
2019	6	24	0	0	137.527149332706
2019	6	25	0	0	184.629141647467
2019	6	26	0	0	320.41537182137904
2019	6	27	0	0	237.006399804586
2019	6	28	0	0	341.333466505576
2019	6	29	0	0	132.707619576862
2019	6	30	0	0	183.265412209967
2019	7	1	0	0	192.725372702993
2019	7	2	0	0	312.083173327631
2019	7	3	0	0	319.432828553035
2019	7	4	0	0	316.98339632634
2019	7	5	0	0	300.639952671842
2019	7	6	0	0	298.524120187164
2019	7	7	0	0	93.24498471422572
2019	7	8	0	0	232.522270076682
2019	7	9	0	0	290.721496799526
2019	7	10	0	0	172.193565426435
2019	7	11	0	0	317.956554987243
2019	7	12	0	0	242.0199364825
2019	7	13	0	0	202.13430562954105
2019	7	14	0	0	107.31223837518
2019	7	15	0	0	223.02871423865503
2019	7	16	0	0	217.42490343711495
2019	7	17	0	0	217.507618274601
2019	7	18	0	0	201.068978980374
2019	7	19	0	0	227.210855117871
2019	7	20	0	0	286.91329081735
2019	7	21	0	0	150.433049366511
2019	7	22	0	0	208.285494273048
2019	7	23	0	0	267.94099149288
2019	7	24	0	0	88.33858926677472
2019	7	25	0	0	165.938303390834
2019	7	26	0	0	288.378868305772
2019	7	27	0	0	294.981606854929
2019	7	28	0	0	165.226849428346
2019	7	29	0	0	148.385395021787
2019	7	30	0	0	248.95298081409
2019	7	31	0	0	98.7697009909959
2019	8	1	0	0	164.146438593573
2019	8	2	0	0	241.371510008936
2019	8	3	0	0	289.884381856357
2019	8	4	0	0	291.04179292255003
2019	8	5	0	0	294.324543360476
2019	8	6	0	0	180.241735363768
2019	8	7	0	0	248.032894439817
2019	8	8	0	0	239.779089624854
2019	8	9	0	0	262.306469438484
2019	8	10	0	0	124.483101037116
2019	8	11	0	0	246.920756809323
2019	8	12	0	0	211.706385512632
2019	8	13	0	0	64.4325606203543
2019	8	14	0	0	232.87162174423
2019	8	15	0	0	252.380554026188
2019	8	16	0	0	201.931238322108
2019	8	17	0	0	174.78736776338602
2019	8	18	0	0	131.563017709893
2019	8	19	0	0	108.19833439204
2019	8	20	0	0	171.762779235342
2019	8	21	0	0	246.12894722536495
2019	8	22	0	0	251.093485032617
2019	8	23	0	0	136.98119508357598
2019	8	24	0	0	194.891829346339
2019	8	25	0	0	228.031294284142
2019	8	26	0	0	240.837806817518
2019	8	27	0	0	199.470564738498
2019	8	28	0	0	117.752781405015
2019	8	29	0	0	101.821928470723
2019	8	30	0	0	241.508367041997
2019	8	31	0	0	157.105033414607
2019	9	1	0	0	227.28848766046295
2019	9	2	0	0	57.863582616669
2019	9	3	0	0	219.912983968137
2019	9	4	0	0	217.225244072477
2019	9	5	0	0	210.622665689832
2019	9	6	0	0	179.66768438671397
2019	9	7	0	0	148.761897118397
2019	9	8	0	0	152.562761865493
2019	9	9	0	0	78.0599057777958
2019	9	10	0	0	214.82694537440895
2019	9	11	0	0	82.10898362001271
2019	9	12	0	0	80.8997641247494
2019	9	13	0	0	134.230391262467
2019	9	14	0	0	169.23248343231398
2019	9	15	0	0	167.406143968067
2019	9	16	0	0	70.47559814869071
2019	9	17	0	0	101.118351969895
2019	9	18	0	0	66.4377621464831
2019	9	19	0	0	171.292591123463
2019	9	20	0	0	118.989952522136
2019	9	21	0	0	70.1179745975972
2019	9	22	0	0	153.711433940077
2019	9	23	0	0	152.664222290971
2019	9	24	0	0	163.42747651322398
2019	9	25	0	0	159.857758801377
2019	9	26	0	0	55.3585861107874
2019	9	27	0	0	123.819676807613
2019	9	28	0	0	44.1823270228666
2019	9	29	0	0	68.6876433247629
2019	9	30	0	0	102.646049771906
2019	10	1	0	0	161.123341382255
2019	10	2	0	0	74.7505791922036
2019	10	3	0	0	128.601831541504
2019	10	4	0	0	133.382903231652
2019	10	5	0	0	135.825298480389
2019	10	6	0	0	130.14600543873502
2019	10	7	0	0	81.7770035471905
2019	10	8	0	0	84.33099334082759
2019	10	9	0	0	126.219344350021
2019	10	10	0	0	30.0354143866563
2019	10	11	0	0	52.2434752269961
2019	10	12	0	0	125.208499464433
2019	10	13	0	0	68.7738410406981
2019	10	14	0	0	41.4193572088639
2019	10	15	0	0	46.385356901175
2019	10	16	0	0	108.592542237456
2019	10	17	0	0	106.586930309749
2019	10	18	0	0	92.1528616481946
2019	10	19	0	0	44.0749152704117
2019	10	20	0	0	111.877109533304
2019	10	21	0	0	95.258904946689
2019	10	22	0	0	94.05805494817052
2019	10	23	0	0	60.9237393094197
2019	10	24	0	0	52.4909408586154
2019	10	25	0	0	68.091943869034
2019	10	26	0	0	81.1731865323204
2019	10	27	0	0	74.2953981074231
2019	10	28	0	0	80.39301707000949
2019	10	29	0	0	34.5710420964787
2019	10	30	0	0	28.3735946253954
2019	10	31	0	0	22.0114940355154
2019	11	1	0	0	42.371375881387294
2019	11	2	0	0	44.60472994425779
2019	11	3	0	0	47.3925252125766
2019	11	4	0	0	82.801663241665
2019	11	5	0	0	23.669321953792
2019	11	6	0	0	31.230671917750502
2019	11	7	0	0	38.45685913977989
2019	11	8	0	0	74.15733298655009
2019	11	9	0	0	38.4342255103304
2019	11	10	0	0	33.4120679785632
2019	11	11	0	0	46.1412631853083
2019	11	12	0	0	65.8019456457947
2019	11	13	0	0	34.7142053497592
2019	11	14	0	0	16.4408009998699
2019	11	15	0	0	28.9940578130034
2019	11	16	0	0	22.7639237013973
2019	11	17	0	0	40.018069772329504
2019	11	18	0	0	51.5373916548516
2019	11	19	0	0	39.747028155864896
2019	11	20	0	0	45.1922906021595
2019	11	21	0	0	23.644758426539894
2019	11	22	0	0	41.133195847020296
2019	11	23	0	0	55.58078160215071
2019	11	24	0	0	39.1939975388484
2019	11	25	0	0	28.3454306223212
2019	11	26	0	0	35.339310242159705
2019	11	27	0	0	21.655329729573698
2019	11	28	0	0	41.2665345508151
2019	11	29	0	0	44.823380242344896
2019	11	30	0	0	39.0121754943918
2019	12	1	0	0	27.3284057686483
2019	12	2	0	0	21.0308355420188
2019	12	3	0	0	41.2330934813835
2019	12	4	0	0	43.0484611384163
2019	12	5	0	0	47.7410741736083
2019	12	6	0	0	36.0933091305137
2019	12	7	0	0	21.8913769403812
2019	12	8	0	0	30.1751543010274
2019	12	9	0	0	25.6260696459409
2019	12	10	0	0	24.6777596203023
2019	12	11	0	0	33.5877163485111
2019	12	12	0	0	27.6414662441147
2019	12	13	0	0	26.6049136892347
2019	12	14	0	0	17.219381457639802
2019	12	15	0	0	24.6789722450114
2019	12	16	0	0	22.931378175833306
2019	12	17	0	0	20.875101291634603
2019	12	18	0	0	27.4960170959687
2019	12	19	0	0	18.3200016176435
2019	12	20	0	0	28.7448810490504
2019	12	21	0	0	26.4654773454496
2019	12	22	0	0	19.1963878562697
2019	12	23	0	0	22.825831929304105
2019	12	24	0	0	27.4960170959687
2019	12	25	0	0	25.843628441240696
2019	12	26	0	0	29.813912541408506
2019	12	27	0	0	30.709975923914104
2019	12	28	0	0	17.3790403025607
2019	12	29	0	0	40.6021862544764
2019	12	30	0	0	25.6757733702143
2019	12	31	0	0	38.6313494211586
2020	1	1	0	0	26.7942281304738
2020	1	2	0	0	26.7796199600142
2020	1	3	0	0	21.8654982407223
2020	1	4	0	0	36.9498602314143
2020	1	5	0	0	36.1673052021974
2020	1	6	0	0	20.740706559912105
2020	1	7	0	0	42.06907679414
2020	1	8	0	0	41.1714174158409
2020	1	9	0	0	16.836222376113803
2020	1	10	0	0	37.3510950426073
2020	1	11	0	0	21.8832908580017
2020	1	12	0	0	51.1709495946776
2020	1	13	0	0	20.0684174729053
2020	1	14	0	0	23.391101278214
2020	1	15	0	0	23.853011586929604
2020	1	16	0	0	25.7494913048561
2020	1	17	0	0	35.0680740075829
2020	1	18	0	0	36.9498602314143
2020	1	19	0	0	49.7667685278627
2020	1	20	0	0	52.6431446007709
2020	1	21	0	0	21.8788952305976
2020	1	22	0	0	25.7675444281864
2020	1	23	0	0	21.700478618949106
2020	1	24	0	0	43.779907418529504
2020	1	25	0	0	19.7764036116122
2020	1	26	0	0	62.2129777611518
2020	1	27	0	0	47.132185170054
2020	1	28	0	0	20.0313395246144
2020	1	29	0	0	39.707375469640105
2020	1	30	0	0	55.6815698483321
2020	1	31	0	0	21.7302421719588
2020	2	1	0	0	23.033981612904
2020	2	2	0	0	40.6965517241379
2020	2	3	0	0	62.1718102709666
2020	2	4	0	0	65.17809115062231
2020	2	5	0	0	54.6210597100818
2020	2	6	0	0	58.7918547211244
2020	2	7	0	0	49.0874456641348
2020	2	8	0	0	64.7441645169485
2020	2	9	0	0	75.779970804969
2020	2	10	0	0	75.68665594788979
2020	2	11	0	0	74.5743137249332
2020	2	12	0	0	26.2093238268107
2020	2	13	0	0	83.75775161869021
2020	2	14	0	0	34.1610980959306
2020	2	15	0	0	77.2295627658849
2020	2	16	0	0	108.287357625164
2020	2	17	0	0	111.913529395588
2020	2	18	0	0	89.70256249802749
2020	2	19	0	0	84.7885219341705
2020	2	20	0	0	53.1572798629904
2020	2	21	0	0	87.675400982707
2020	2	22	0	0	45.8345565164591
2020	2	23	0	0	93.384822567999
2020	2	24	0	0	94.218037304219
2020	2	25	0	0	46.168509582551096
2020	2	26	0	0	42.7817016547867
2020	2	27	0	0	86.759546591689
2020	2	28	0	0	42.3225223533002
2020	2	29	0	0	75.39108185425529
2020	3	1	0	0	64.9452822950395
2020	3	2	0	0	87.44776473237921
2020	3	3	0	0	75.84653614382309
2020	3	4	0	0	37.1016601327056
2020	3	5	0	0	60.47888972485151
2020	3	6	0	0	51.1069213064118
2020	3	7	0	0	71.178416097691
2020	3	8	0	0	44.4730278090977
2020	3	9	0	0	99.18079738220352
2020	3	10	0	0	92.6342782246755
2020	3	11	0	0	94.9826866494218
2020	3	12	0	0	114.257902725727
2020	3	13	0	0	82.03392215610779
2020	3	14	0	0	136.73754624082198
2020	3	15	0	0	84.20987673193379
2020	3	16	0	0	101.305662961132
2020	3	17	0	0	59.52076845525121
2020	3	18	0	0	58.685923722185706
2020	3	19	0	0	84.4187348692071
2020	3	20	0	0	133.074549344879
2020	3	21	0	0	176.88456543495602
2020	3	22	0	0	75.75605060838029
2020	3	23	0	0	130.853315881326
2020	3	24	0	0	96.39829328071409
2020	3	25	0	0	174.973685686712
2020	3	26	0	0	124.502487319871
2020	3	27	0	0	173.197812887935
2020	3	28	0	0	155.495444886008
2020	3	29	0	0	141.026681351753
2020	3	30	0	0	187.433125964678
2020	3	31	0	0	192.040257513234
2020	4	1	0	0	198.973897074263
2020	4	2	0	0	90.4337962343457
2020	4	3	0	0	192.811071286668
2020	4	4	0	0	81.9012812481954
2020	4	5	0	0	149.919927382086
2020	4	6	0	0	137.107336448584
2020	4	7	0	0	103.563368688989
2020	4	8	0	0	93.8105639950091
2020	4	9	0	0	84.8823169009139
2020	4	10	0	0	217.014353394888
2020	4	11	0	0	75.782052554798
2020	4	12	0	0	174.780037239287
2020	4	13	0	0	104.615985032262
2020	4	14	0	0	231.900238280629
2020	4	15	0	0	196.981814955238
2020	4	16	0	0	117.038739141459
2020	4	17	0	0	198.514456185666
2020	4	18	0	0	209.839156901672
2020	4	19	0	0	95.6061831492962
2020	4	20	0	0	111.604491435889
2020	4	21	0	0	132.56473536052
2020	4	22	0	0	124.391097005211
2020	4	23	0	0	92.9730927023126
2020	4	24	0	0	217.364078766545
2020	4	25	0	0	212.907209479762
2020	4	26	0	0	155.100522504468
2020	4	27	0	0	109.809814207121
2020	4	28	0	0	106.935327061499
2020	4	29	0	0	151.46634017811002
2020	4	30	0	0	173.529695194386
2020	5	1	0	0	217.13908340064705
2020	5	2	0	0	296.300464737398
2020	5	3	0	0	226.966012536625
2020	5	4	0	0	117.570251554384
2020	5	5	0	0	195.198082946585
2020	5	6	0	0	184.264781721025
2020	5	7	0	0	129.000861460243
2020	5	8	0	0	80.1210567864945
2020	5	9	0	0	110.655139554756
2020	5	10	0	0	88.2760887380429
2020	5	11	0	0	142.8946613541
2020	5	12	0	0	114.092832885707
2020	5	13	0	0	122.892559159698
2020	5	14	0	0	119.689876088165
2020	5	15	0	0	99.3039490692661
2020	5	16	0	0	163.972268203414
2020	5	17	0	0	282.715379991647
2020	5	18	0	0	239.948995660976
2020	5	19	0	0	136.404208711819
2020	5	20	0	0	280.53265224482203
2020	5	21	0	0	217.390661574401
2020	5	22	0	0	128.564593511618
2020	5	23	0	0	268.204121881501
2020	5	24	0	0	208.23788564809504
2020	5	25	0	0	187.09769529229695
2020	5	26	0	0	185.401066097755
2020	5	27	0	0	300.301475272383
2020	5	28	0	0	259.215517187275
2020	5	29	0	0	320.14861754517
2020	5	30	0	0	233.043841525434
2020	5	31	0	0	307.853067733831
2020	6	1	0	0	358.13578463863
2020	6	2	0	0	235.914425745615
2020	6	3	0	0	320.91411931857897
2020	6	4	0	0	310.654996688175
2020	6	5	0	0	240.922073056844
2020	6	6	0	0	333.856247004538
2020	6	7	0	0	271.952642053294
2020	6	8	0	0	262.345999954254
2020	6	9	0	0	282.006661339758
2020	6	10	0	0	321.170199982849
2020	6	11	0	0	333.51946190792097
2020	6	12	0	0	279.296560888275
2020	6	13	0	0	342.320973426787
2020	6	14	0	0	343.918490780151
2020	6	15	0	0	326.62655438524604
2020	6	16	0	0	337.458108563671
2020	6	17	0	0	282.794917556727
2020	6	18	0	0	150.437194752936
2020	6	19	0	0	255.73518060905
2020	6	20	0	0	301.378645320807
2020	6	21	0	0	267.081096278256
2020	6	22	0	0	242.679034361857
2020	6	23	0	0	144.130757821077
2020	6	24	0	0	208.192423702736
2020	6	25	0	0	337.582679810439
2020	6	26	0	0	313.828146665039
2020	6	27	0	0	115.49800155931
2020	6	28	0	0	288.443527936535
2020	6	29	0	0	204.78676952624
2020	6	30	0	0	321.556608528157
2020	7	1	0	0	274.55034579264
2020	7	2	0	0	322.647085486275
2020	7	3	0	0	280.38978082592
2020	7	4	0	0	111.433327243804
2020	7	5	0	0	230.721783950872
2020	7	6	0	0	115.327224147903
2020	7	7	0	0	170.084804635747
2020	7	8	0	0	285.288721688423
2020	7	9	0	0	293.951293372811
2020	7	10	0	0	223.797237173195
2020	7	11	0	0	273.65306016127005
2020	7	12	0	0	137.680018513014
2020	7	13	0	0	306.860992117912
2020	7	14	0	0	296.066081392322
2020	7	15	0	0	152.058407170886
2020	7	16	0	0	302.289936960941
2020	7	17	0	0	236.82025347692
2020	7	18	0	0	289.862028714365
2020	7	19	0	0	125.81944217633
2020	7	20	0	0	234.71118954289105
2020	7	21	0	0	160.752596646914
2020	7	22	0	0	242.862049300846
2020	7	23	0	0	184.342859371518
2020	7	24	0	0	115.785335805892
2020	7	25	0	0	308.774208536522
2020	7	26	0	0	171.935375050721
2020	7	27	0	0	128.98530369168802
2020	7	28	0	0	306.363209739344
2020	7	29	0	0	290.60673868948203
2020	7	30	0	0	286.540278133517
2020	7	31	0	0	293.869885827373
2020	8	1	0	0	239.782058356105
2020	8	2	0	0	219.530504501698
2020	8	3	0	0	194.330337256852
2020	8	4	0	0	147.094174877087
2020	8	5	0	0	288.493609956949
2020	8	6	0	0	281.41324274770903
2020	8	7	0	0	221.990617022128
2020	8	8	0	0	273.344599705519
2020	8	9	0	0	290.896546459828
2020	8	10	0	0	91.11414296795108
2020	8	11	0	0	77.22347248634759
2020	8	12	0	0	168.68730996834802
2020	8	13	0	0	255.685311877858
2020	8	14	0	0	209.390707020896
2020	8	15	0	0	157.286277650497
2020	8	16	0	0	137.15046209831002
2020	8	17	0	0	175.259205149588
2020	8	18	0	0	105.798672387996
2020	8	19	0	0	217.448158360408
2020	8	20	0	0	223.500377245656
2020	8	21	0	0	135.795461238104
2020	8	22	0	0	111.18364443073798
2020	8	23	0	0	148.175215128422
2020	8	24	0	0	95.35293610159393
2020	8	25	0	0	123.10481638208
2020	8	26	0	0	134.200758982411
2020	8	27	0	0	159.144038592242
2020	8	28	0	0	64.9679311794761
2020	8	29	0	0	99.49935706614728
2020	8	30	0	0	123.921407938821
2020	8	31	0	0	120.453608311003
2020	9	1	0	0	139.19864024637
2020	9	2	0	0	229.504941814645
2020	9	3	0	0	222.848109185405
2020	9	4	0	0	216.146200395175
2020	9	5	0	0	198.7202742016
2020	9	6	0	0	193.25830153219505
2020	9	7	0	0	60.7633838355964
2020	9	8	0	0	141.737889817574
2020	9	9	0	0	181.120552025275
2020	9	10	0	0	105.293575389201
2020	9	11	0	0	167.508120948451
2020	9	12	0	0	107.765301122113
2020	9	13	0	0	130.8438892453
2020	9	14	0	0	207.369590536746
2020	9	15	0	0	202.312999645588
2020	9	16	0	0	156.24623493241398
2020	9	17	0	0	96.7653587784584
2020	9	18	0	0	93.91416705524952
2020	9	19	0	0	162.663726091236
2020	9	20	0	0	112.821639766095
2020	9	21	0	0	98.4996268029346
2020	9	22	0	0	111.488205885671
2020	9	23	0	0	95.3744385805165
2020	9	24	0	0	113.755711380346
2020	9	25	0	0	143.741452957027
2020	9	26	0	0	66.0479749524777
2020	9	27	0	0	164.255941334277
2020	9	28	0	0	74.27080804991179
2020	9	29	0	0	167.632900510222
2020	9	30	0	0	152.15257040211
2020	10	1	0	0	156.368547187003
2020	10	2	0	0	90.1947145778977
2020	10	3	0	0	67.7564999525848
2020	10	4	0	0	114.412358255407
2020	10	5	0	0	65.930823661755
2020	10	6	0	0	133.984780185197
2020	10	7	0	0	60.75221484877561
2020	10	8	0	0	38.5455206620472
2020	10	9	0	0	122.786502307661
2020	10	10	0	0	37.3892836395919
2020	10	11	0	0	87.2532394483507
2020	10	12	0	0	51.7810529961934
2020	10	13	0	0	91.45239129484352
2020	10	14	0	0	133.569692385005
2020	10	15	0	0	130.910012208899
2020	10	16	0	0	124.663256862321
2020	10	17	0	0	111.270668748879
2020	10	18	0	0	32.7100269857039
2020	10	19	0	0	46.134667714175
2020	10	20	0	0	84.5486850364049
2020	10	21	0	0	115.617773890191
2020	10	22	0	0	97.6544428040394
2020	10	23	0	0	64.48960210173671
2020	10	24	0	0	85.11016735733979
2020	10	25	0	0	90.85841473938628
2020	10	26	0	0	46.03302384775871
2020	10	27	0	0	79.1939512038305
2020	10	28	0	0	68.00723301639461
2020	10	29	0	0	40.6519210328817
2020	10	30	0	0	28.559419776317306
2020	10	31	0	0	47.3382891111541
2020	11	1	0	0	44.0466072808702
2020	11	2	0	0	51.27492091787661
2020	11	3	0	0	35.5168644372781
2020	11	4	0	0	30.096821852868
2020	11	5	0	0	44.0782426309474
2020	11	6	0	0	37.0111684981285
2020	11	7	0	0	69.2701930460831
2020	11	8	0	0	49.1038136382193
2020	11	9	0	0	56.02718299850329
2020	11	10	0	0	54.87307245259029
2020	11	11	0	0	44.9341060207364
2020	11	12	0	0	63.7885100150342
2020	11	13	0	0	66.2723860408198
2020	11	14	0	0	27.8790089549328
2020	11	15	0	0	54.9903433749763
2020	11	16	0	0	45.266019137874096
2020	11	17	0	0	49.9863151241292
2020	11	18	0	0	51.514890913748296
2020	11	19	0	0	42.4490627427782
2020	11	20	0	0	20.0340843341764
2020	11	21	0	0	30.3211577586694
2020	11	22	0	0	20.7271241918144
2020	11	23	0	0	32.755642188698104
2020	11	24	0	0	19.0460676607555
2020	11	25	0	0	44.537120525179205
2020	11	26	0	0	31.425754091167303
2020	11	27	0	0	48.2778972565594
2020	11	28	0	0	44.4069782919762
2020	11	29	0	0	45.2227210598658
2020	11	30	0	0	42.6863795199179
2020	12	1	0	0	14.4019162727295
2020	12	2	0	0	45.56212338028909
2020	12	3	0	0	20.8102990014074
2020	12	4	0	0	32.206777325702
2020	12	5	0	0	13.5573045089058
2020	12	6	0	0	26.497805853835303
2020	12	7	0	0	34.7005831437463
2020	12	8	0	0	25.7153520051017
2020	12	9	0	0	28.1144030525729
2020	12	10	0	0	21.9766608315595
2020	12	11	0	0	22.986893196634803
2020	12	12	0	0	26.819954352601
2020	12	13	0	0	28.9350662065252
2020	12	14	0	0	23.0388771229188
2020	12	15	0	0	16.9232509708598
2020	12	16	0	0	29.316861132402
2020	12	17	0	0	28.1146159140994
2020	12	18	0	0	29.272910881090603
2020	12	19	0	0	28.4627892330468
2020	12	20	0	0	26.731743551781395
2020	12	21	0	0	13.2843463629954
2020	12	22	0	0	18.9497558267629
2020	12	23	0	0	30.077013392780103
2020	12	24	0	0	16.9467744807684
2020	12	25	0	0	34.771526500312
2020	12	26	0	0	28.9013047842088
2020	12	27	0	0	28.1096923543505
2020	12	28	0	0	8.921464109793119
2020	12	29	0	0	20.3696482085598
2020	12	30	0	0	31.2919120261295
2020	12	31	0	0	32.06575133163211
2021	1	1	0	0	40.86730151104629
2021	1	2	0	0	50.3339052274181
2021	1	3	0	0	16.6182037561188
2021	1	4	0	0	22.781615963391104
2021	1	5	0	0	45.1911445833635
2021	1	6	0	0	26.6755708851882
2021	1	7	0	0	25.7565224655216
2021	1	8	0	0	23.8604273527548
2021	1	9	0	0	24.2539712978628
2021	1	10	0	0	16.0923750019726
2021	1	11	0	0	12.2244746499543
2021	1	12	0	0	42.4152138315758
2021	1	13	0	0	19.699787878995103
2021	1	14	0	0	21.729796931586
2021	1	15	0	0	31.1662028838857
2021	1	16	0	0	37.88598127132771
2021	1	17	0	0	45.9808131495529
2021	1	18	0	0	48.210256275236
2021	1	19	0	0	19.6746155712987
2021	1	20	0	0	46.6524159811265
2021	1	21	0	0	50.5172096515663
2021	1	22	0	0	51.61539632880201
2021	1	23	0	0	59.5071269910976
2021	1	24	0	0	61.802768917844105
2021	1	25	0	0	20.050825507365698
2021	1	26	0	0	13.6016973263341
2021	1	27	0	0	47.6354950977736
2021	1	28	0	0	38.710707643657
2021	1	29	0	0	57.9293347766626
2021	1	30	0	0	29.5151859935084
2021	1	31	0	0	43.964043707741205
2021	2	1	0	0	79.39389292335309
2021	2	2	0	0	63.6700356572635
2021	2	3	0	0	22.2635256749516
2021	2	4	0	0	47.6422221675846
2021	2	5	0	0	51.5464086407929
2021	2	6	0	0	59.6695051259385
2021	2	7	0	0	45.698377939511296
2021	2	8	0	0	86.76957626120691
2021	2	9	0	0	75.5678926024332
2021	2	10	0	0	88.31227972222669
2021	2	11	0	0	62.135912977500894
2021	2	12	0	0	49.4023379371767
2021	2	13	0	0	94.64790046079912
2021	2	14	0	0	77.2292806282145
2021	2	15	0	0	41.1193158342937
2021	2	16	0	0	67.0092845574783
2021	2	17	0	0	64.8288318903252
2021	2	18	0	0	42.9905676710398
2021	2	19	0	0	66.0360216470747
2021	2	20	0	0	58.30178088421129
2021	2	21	0	0	52.488140778665
2021	2	22	0	0	64.0647134411999
2021	2	23	0	0	67.7449738104321
2021	2	24	0	0	61.1789002943385
2021	2	25	0	0	120.498383874794
2021	2	26	0	0	117.371208732662
2021	2	27	0	0	142.354404011063
2021	2	28	0	0	70.5901974410728
2021	3	1	0	0	84.00981976794809
2021	3	2	0	0	123.62754308463
2021	3	3	0	0	138.174942714307
2021	3	4	0	0	162.66396726496998
2021	3	5	0	0	108.794618499923
2021	3	6	0	0	141.000223934603
2021	3	7	0	0	171.046309070117
2021	3	8	0	0	175.82212451452202
2021	3	9	0	0	79.8367401574836
2021	3	10	0	0	148.659012830475
2021	3	11	0	0	80.346341449269
2021	3	12	0	0	82.8576518859453
2021	3	13	0	0	111.043249826973
2021	3	14	0	0	168.524742613861
2021	3	15	0	0	180.34483711293
2021	3	16	0	0	131.655799488643
2021	3	17	0	0	172.50046078045898
2021	3	18	0	0	189.590922290729
2021	3	19	0	0	184.34462359005295
2021	3	20	0	0	186.38496471031
2021	3	21	0	0	191.991987693629
2021	3	22	0	0	144.485071033506
2021	3	23	0	0	146.87978243491
2021	3	24	0	0	169.015188383712
2021	3	25	0	0	208.661324678652
2021	3	26	0	0	220.515589731104
2021	3	27	0	0	223.191947161028
2021	3	28	0	0	198.965929655724
2021	3	29	0	0	128.25216866961202
2021	3	30	0	0	230.635651784262
2021	3	31	0	0	79.3808232983642
2021	4	1	0	0	141.03195156955
2021	4	2	0	0	148.779437981056
2021	4	3	0	0	117.256545665547
2021	4	4	0	0	112.769700819478
2021	4	5	0	0	98.0915567106832
2021	4	6	0	0	128.93333129754498
2021	4	7	0	0	98.4024197840917
2021	4	8	0	0	164.217011342075
2021	4	9	0	0	172.06131567474998
2021	4	10	0	0	81.40217952809091
2021	4	11	0	0	180.415052850944
2021	4	12	0	0	55.6389615233896
2021	4	13	0	0	168.980563969536
2021	4	14	0	0	81.6889013796456
2021	4	15	0	0	84.870895630573
2021	4	16	0	0	176.59864211985803
2021	4	17	0	0	192.35611991401
2021	4	18	0	0	146.351645884594
2021	4	19	0	0	201.603548911893
2021	4	20	0	0	110.015023031726
2021	4	21	0	0	82.6359627838269
2021	4	22	0	0	72.83006222409229
2021	4	23	0	0	195.97371239043
2021	4	24	0	0	139.21865080378902
2021	4	25	0	0	167.87737146885
2021	4	26	0	0	194.24626449703496
2021	4	27	0	0	96.9193906267613
2021	4	28	0	0	99.93352976795732
2021	4	29	0	0	238.91764380959705
2021	4	30	0	0	291.789331984444
2021	5	1	0	0	270.67766505538
2021	5	2	0	0	246.05341762847
2021	5	3	0	0	203.811623016581
2021	5	4	0	0	278.827491118425
2021	5	5	0	0	287.110016920299
2021	5	6	0	0	184.570706527935
2021	5	7	0	0	269.940111968858
2021	5	8	0	0	304.86781126422403
2021	5	9	0	0	245.68136341769295
2021	5	10	0	0	253.53238526356705
2021	5	11	0	0	224.677467959712
2021	5	12	0	0	184.089966851413
2021	5	13	0	0	143.846514982738
2021	5	14	0	0	286.654761261678
2021	5	15	0	0	114.282908336331
2021	5	16	0	0	118.170340076087
2021	5	17	0	0	124.310694949371
2021	5	18	0	0	155.600322032359
2021	5	19	0	0	139.591509605912
2021	5	20	0	0	163.251899248939
2021	5	21	0	0	255.450101376094
2021	5	22	0	0	259.238234585742
2021	5	23	0	0	112.181168379482
2021	5	24	0	0	216.21634726412896
2021	5	25	0	0	267.626165706975
2021	5	26	0	0	317.129473694804
2021	5	27	0	0	257.352767806114
2021	5	28	0	0	287.365327523959
2021	5	29	0	0	147.65541919926
2021	5	30	0	0	150.226479970648
2021	5	31	0	0	207.279068874731
2021	6	1	0	0	109.44702141899
2021	6	2	0	0	273.014683176387
2021	6	3	0	0	209.245068023343
2021	6	4	0	0	304.758173127628
2021	6	5	0	0	119.989605758621
2021	6	6	0	0	250.838671499236
2021	6	7	0	0	145.264429193122
2021	6	8	0	0	328.900567548891
2021	6	9	0	0	112.048717530951
2021	6	10	0	0	253.251344647603
2021	6	11	0	0	167.970983011181
2021	6	12	0	0	316.061487687559
2021	6	13	0	0	124.802486575937
2021	6	14	0	0	109.412757616458
2021	6	15	0	0	219.396170497218
2021	6	16	0	0	323.828997630578
2021	6	17	0	0	99.212422892616
2021	6	18	0	0	117.65732006355302
2021	6	19	0	0	330.119397661292
2021	6	20	0	0	253.274006790229
2021	6	21	0	0	313.493686077842
2021	6	22	0	0	200.567393702888
2021	6	23	0	0	227.63627498006
2021	6	24	0	0	327.366362571556
2021	6	25	0	0	333.618511346862
2021	6	26	0	0	328.164320188132
2021	6	27	0	0	339.532801885359
2021	6	28	0	0	225.992103867287
2021	6	29	0	0	260.082390132424
2021	6	30	0	0	268.954329845166
2021	7	1	0	0	275.70906508091497
2021	7	2	0	0	284.245577089341
2021	7	3	0	0	254.774069039831
2021	7	4	0	0	290.313113806914
2021	7	5	0	0	283.257398814339
2021	7	6	0	0	179.456013962716
2021	7	7	0	0	234.118358966643
2021	7	8	0	0	144.625382137964
2021	7	9	0	0	205.11258149337897
2021	7	10	0	0	206.584182877573
2021	7	11	0	0	303.941739544774
2021	7	12	0	0	288.63482798178296
2021	7	13	0	0	313.885398278939
2021	7	14	0	0	315.71218748797
2021	7	15	0	0	283.186053520844
2021	7	16	0	0	180.936053471572
2021	7	17	0	0	126.345564193684
2021	7	18	0	0	181.100665355516
2021	7	19	0	0	231.168612774204
2021	7	20	0	0	235.042479863993
2021	7	21	0	0	179.759429549665
2021	7	22	0	0	187.828030519278
2021	7	23	0	0	125.47125654187
2021	7	24	0	0	124.354804696534
2021	7	25	0	0	80.79108435551309
2021	7	26	0	0	102.726390017199
2021	7	27	0	0	272.286160897681
2021	7	28	0	0	113.131502602739
2021	7	29	0	0	180.491616087656
2021	7	30	0	0	247.22833247503505
2021	7	31	0	0	150.577015116878
2021	8	1	0	0	267.689301576987
2021	8	2	0	0	231.781633325393
2021	8	3	0	0	137.243289867647
2021	8	4	0	0	150.267566908496
2021	8	5	0	0	203.381946488307
2021	8	6	0	0	235.893187784038
2021	8	7	0	0	156.205647587148
2021	8	8	0	0	214.033137959758
2021	8	9	0	0	199.36574032229305
2021	8	10	0	0	132.863166965175
2021	8	11	0	0	266.437791279068
2021	8	12	0	0	253.98221123755505
2021	8	13	0	0	240.946257267508
2021	8	14	0	0	199.39839305010503
2021	8	15	0	0	261.64605741366603
2021	8	16	0	0	259.184499432015
2021	8	17	0	0	187.522591007243
2021	8	18	0	0	153.396865188158
2021	8	19	0	0	123.080872887663
2021	8	20	0	0	155.860091272052
2021	8	21	0	0	240.23070403886905
2021	8	22	0	0	159.025408934784
2021	8	23	0	0	133.13899820253
2021	8	24	0	0	167.336977299569
2021	8	25	0	0	123.644784356769
2021	8	26	0	0	106.438743971626
2021	8	27	0	0	186.047841186554
2021	8	28	0	0	90.158772662447
2021	8	29	0	0	89.0410369652137
2021	8	30	0	0	180.799014175281
2021	8	31	0	0	130.904959591194
2021	9	1	0	0	193.916386911169
2021	9	2	0	0	130.620541896917
2021	9	3	0	0	223.26774241077496
2021	9	4	0	0	107.784375319771
2021	9	5	0	0	201.35806739191105
2021	9	6	0	0	113.42729166168002
2021	9	7	0	0	97.0209859122074
2021	9	8	0	0	187.18632983786
2021	9	9	0	0	146.13279532203302
2021	9	10	0	0	185.97951691800705
2021	9	11	0	0	172.731355778366
2021	9	12	0	0	123.636257766487
2021	9	13	0	0	69.2682678772411
2021	9	14	0	0	170.950594873953
2021	9	15	0	0	201.635856086319
2021	9	16	0	0	181.850134898346
2021	9	17	0	0	179.14527361363602
2021	9	18	0	0	170.217637783415
2021	9	19	0	0	180.55815685743696
2021	9	20	0	0	176.203177525095
2021	9	21	0	0	167.549711511168
2021	9	22	0	0	161.837394576553
2021	9	23	0	0	169.54576627526
2021	9	24	0	0	47.1370640995542
2021	9	25	0	0	43.6824771200043
2021	9	26	0	0	36.96210694076979
2021	9	27	0	0	151.562776805565
2021	9	28	0	0	160.473499989309
2021	9	29	0	0	82.8309538597015
2021	9	30	0	0	67.2450310925618
2021	10	1	0	0	111.504744135061
2021	10	2	0	0	118.080009111434
2021	10	3	0	0	111.221020125823
2021	10	4	0	0	48.7030320578022
2021	10	5	0	0	54.43418466607471
2021	10	6	0	0	81.20630064921609
2021	10	7	0	0	29.0392111678752
2021	10	8	0	0	145.488651372401
2021	10	9	0	0	101.590242040451
2021	10	10	0	0	117.750770380723
2021	10	11	0	0	121.16875155962
2021	10	12	0	0	61.6996892274592
2021	10	13	0	0	112.263205102015
2021	10	14	0	0	95.57380529710709
2021	10	15	0	0	125.075760635224
2021	10	16	0	0	111.912738762982
2021	10	17	0	0	107.798071111304
2021	10	18	0	0	108.33318624209
2021	10	19	0	0	105.978409825493
2021	10	20	0	0	100.216386215577
2021	10	21	0	0	106.448902420044
2021	10	22	0	0	45.83587314979239
2021	10	23	0	0	53.8576908900527
2021	10	24	0	0	35.2467778440982
2021	10	25	0	0	104.78814571564
2021	10	26	0	0	74.6672115827261
2021	10	27	0	0	49.4583720413134
2021	10	28	0	0	25.449547288091804
2021	10	29	0	0	33.3448309579042
2021	10	30	0	0	50.69903739883121
2021	10	31	0	0	27.0400558443678
2021	11	1	0	0	56.5413567084204
2021	11	2	0	0	72.55252289002871
2021	11	3	0	0	22.925895560738503
2021	11	4	0	0	59.40934069577981
2021	11	5	0	0	66.76415966511671
2021	11	6	0	0	60.3160785259933
2021	11	7	0	0	63.5250332645862
2021	11	8	0	0	48.03033429632689
2021	11	9	0	0	50.9353450212118
2021	11	10	0	0	60.2139610508704
2021	11	11	0	0	62.616974555961896
2021	11	12	0	0	60.1261073492233
2021	11	13	0	0	58.8305880190614
2021	11	14	0	0	37.580915707252295
2021	11	15	0	0	44.047319227283296
2021	11	16	0	0	44.8331067961732
2021	11	17	0	0	54.5671810511897
2021	11	18	0	0	49.3577146689709
2021	11	19	0	0	38.1694915608636
2021	11	20	0	0	44.057320624987895
2021	11	21	0	0	20.3219493392157
2021	11	22	0	0	20.0725980267672
2021	11	23	0	0	52.4709836223718
2021	11	24	0	0	20.0203126402542
2021	11	25	0	0	49.2641536872321
2021	11	26	0	0	55.094604989849
2021	11	27	0	0	53.4047159030939
2021	11	28	0	0	53.8840420673367
2021	11	29	0	0	18.9415536002083
2021	11	30	0	0	24.852625110128
2021	12	1	0	0	10.393279677847
2021	12	2	0	0	21.0401598334234
2021	12	3	0	0	47.864218465084704
2021	12	4	0	0	16.8527231288904
2021	12	5	0	0	33.1146665784755
2021	12	6	0	0	26.903421836574
2021	12	7	0	0	38.0712821553474
2021	12	8	0	0	25.7270523910932
2021	12	9	0	0	23.040084306293
2021	12	10	0	0	38.756932422518894
2021	12	11	0	0	30.1533645023352
2021	12	12	0	0	20.1213601112466
2021	12	13	0	0	34.4523397617929
2021	12	14	0	0	18.949052466604
2021	12	15	0	0	12.4756387141084
2021	12	16	0	0	20.9675120497885
2021	12	17	0	0	23.040084306293
2021	12	18	0	0	29.4430746931234
2021	12	19	0	0	20.5827390112274
2021	12	20	0	0	21.997885834036303
2021	12	21	0	0	26.8036851973347
2021	12	22	0	0	23.0171206440877
2021	12	23	0	0	21.9964582723838
2021	12	24	0	0	23.9781035374049
2021	12	25	0	0	21.987830855134696
2021	12	26	0	0	24.278365041458105
2021	12	27	0	0	21.987975754562395
2021	12	28	0	0	18.1982023985056
2021	12	29	0	0	27.047280276723
2021	12	30	0	0	30.8611270901485
2021	12	31	0	0	21.938814062193103
