YYYY	MM	DD	hh	mm	RS
2016	1	1	0	0	2.551890462112967
2016	1	2	0	0	2.988989353878996
2016	1	3	0	0	3.1830398430618962
2016	1	4	0	0	0.2698208522255111
2016	1	5	0	0	3.3959811962485498
2016	1	6	0	0	1.423023728417352
2016	1	7	0	0	2.329067184168177
2016	1	8	0	0	1.5787871850172897
2016	1	9	0	0	1.823157599127273
2016	1	10	0	0	5.010276711207159
2016	1	11	0	0	4.795128418513809
2016	1	12	0	0	3.2079849144127373
2016	1	13	0	0	2.7006023957309226
2016	1	14	0	0	4.399271369611629
2016	1	15	0	0	3.976942049438737
2016	1	16	0	0	1.7353481686727672
2016	1	17	0	0	4.191215518074698
2016	1	18	0	0	3.910388975026724
2016	1	19	0	0	5.0049887700547435
2016	1	20	0	0	1.1201048205386344
2016	1	21	0	0	0.2530701036814899
2016	1	22	0	0	1.0592587236906288
2016	1	23	0	0	4.826413139519276
2016	1	24	0	0	1.2764449949907715
2016	1	25	0	0	5.796984399949547
2016	1	26	0	0	3.3312415975907674
2016	1	27	0	0	1.9801273189235702
2016	1	28	0	0	2.1142927571257295
2016	1	29	0	0	1.9861604510746178
2016	1	30	0	0	5.0060463871534475
2016	1	31	0	0	5.286279298249473
2016	2	1	0	0	1.93670018365536
2016	2	2	0	0	4.933063461025555
2016	2	3	0	0	2.5550432580597153
2016	2	4	0	0	7.055877817593131
2016	2	5	0	0	6.91358026394721
2016	2	6	0	0	7.461620484938007
2016	2	7	0	0	8.04220833984632
2016	2	8	0	0	1.95531420236616
2016	2	9	0	0	5.2432392384468445
2016	2	10	0	0	5.889316946584625
2016	2	11	0	0	4.293238087307543
2016	2	12	0	0	6.8062947504763684
2016	2	13	0	0	1.975733526334311
2016	2	14	0	0	2.8893484017136313
2016	2	15	0	0	1.739771866178833
2016	2	16	0	0	2.8990195216229666
2016	2	17	0	0	8.677345910096621
2016	2	18	0	0	1.4585497889247534
2016	2	19	0	0	8.43580587290343
2016	2	20	0	0	9.013330731793133
2016	2	21	0	0	9.604185364840925
2016	2	22	0	0	8.836640888791967
2016	2	23	0	0	6.319298781145464
2016	2	24	0	0	3.949066734587678
2016	2	25	0	0	7.421135593459083
2016	2	26	0	0	9.516800078424836
2016	2	27	0	0	8.582168778018405
2016	2	28	0	0	6.2784338158940605
2016	2	29	0	0	6.33462532676513
2016	3	1	0	0	9.475375291421358
2016	3	2	0	0	2.8920739222223313
2016	3	3	0	0	6.013266870985483
2016	3	4	0	0	8.466300635534482
2016	3	5	0	0	10.100250131354036
2016	3	6	0	0	4.249882472507234
2016	3	7	0	0	8.713930999878318
2016	3	8	0	0	7.210679490919222
2016	3	9	0	0	3.0434318348076577
2016	3	10	0	0	7.729567372898027
2016	3	11	0	0	11.096043087900672
2016	3	12	0	0	11.684972208081055
2016	3	13	0	0	12.332440988601409
2016	3	14	0	0	11.835099942406877
2016	3	15	0	0	11.710841358343076
2016	3	16	0	0	10.431257008187377
2016	3	17	0	0	3.97322735861552
2016	3	18	0	0	9.152432431150263
2016	3	19	0	0	12.32202068927283
2016	3	20	0	0	12.745095261611846
2016	3	21	0	0	7.717093188687411
2016	3	22	0	0	11.103951825737772
2016	3	23	0	0	4.766311736781412
2016	3	24	0	0	15.777248399711887
2016	3	25	0	0	2.7578272402260433
2016	3	26	0	0	7.982855169110098
2016	3	27	0	0	15.554446894554395
2016	3	28	0	0	7.575419307717372
2016	3	29	0	0	16.090460043846022
2016	3	30	0	0	6.179482919888791
2016	3	31	0	0	11.527530826478545
2016	4	1	0	0	11.043319493352069
2016	4	2	0	0	6.292113974265509
2016	4	3	0	0	9.304278671157725
2016	4	4	0	0	4.913768907250872
2016	4	5	0	0	12.72174229886112
2016	4	6	0	0	6.68795516949338
2016	4	7	0	0	8.915642244185847
2016	4	8	0	0	5.7213174996954415
2016	4	9	0	0	7.862963093332996
2016	4	10	0	0	14.667415710620114
2016	4	11	0	0	9.082308063270846
2016	4	12	0	0	17.824259748181795
2016	4	13	0	0	17.484100300676968
2016	4	14	0	0	7.4535961906530455
2016	4	15	0	0	12.854093304340713
2016	4	16	0	0	17.337062406174972
2016	4	17	0	0	8.03288048872215
2016	4	18	0	0	13.924432452974429
2016	4	19	0	0	13.313824618298256
2016	4	20	0	0	5.647483280867481
2016	4	21	0	0	15.641309311534943
2016	4	22	0	0	15.96244147446767
2016	4	23	0	0	15.03808483337447
2016	4	24	0	0	16.566076024478093
2016	4	25	0	0	12.830336623430929
2016	4	26	0	0	14.345102196086861
2016	4	27	0	0	12.053252864925218
2016	4	28	0	0	8.587720868913792
2016	4	29	0	0	12.531526054610314
2016	4	30	0	0	12.799781606495607
2016	5	1	0	0	12.336514960254018
2016	5	2	0	0	22.621531008378557
2016	5	3	0	0	20.159287184500762
2016	5	4	0	0	23.09366587924849
2016	5	5	0	0	20.950451387586316
2016	5	6	0	0	23.174339440489774
2016	5	7	0	0	22.98242052051365
2016	5	8	0	0	17.64411191564127
2016	5	9	0	0	9.329263824398861
2016	5	10	0	0	23.01910041676513
2016	5	11	0	0	7.682787921005897
2016	5	12	0	0	5.683448320876205
2016	5	13	0	0	13.855146762460638
2016	5	14	0	0	15.70957118170638
2016	5	15	0	0	1.393206211830842
2016	5	16	0	0	7.38401541162956
2016	5	17	0	0	7.678050493230467
2016	5	18	0	0	14.101296413289353
2016	5	19	0	0	24.18649998065672
2016	5	20	0	0	22.29844171954029
2016	5	21	0	0	25.767666464105552
2016	5	22	0	0	27.05349651795913
2016	5	23	0	0	16.154157037105154
2016	5	24	0	0	19.910583595202947
2016	5	25	0	0	16.521315863830562
2016	5	26	0	0	6.4617787439607035
2016	5	27	0	0	9.79649850379732
2016	5	28	0	0	9.85089784060244
2016	5	29	0	0	10.063303783840599
2016	5	30	0	0	27.00389943401685
2016	5	31	0	0	27.47192539899793
2016	6	1	0	0	22.998120549335916
2016	6	2	0	0	28.87641817370047
2016	6	3	0	0	28.50997306106468
2016	6	4	0	0	7.215679164212269
2016	6	5	0	0	20.73090949910231
2016	6	6	0	0	26.525751404027357
2016	6	7	0	0	27.087567334875477
2016	6	8	0	0	26.586212444869105
2016	6	9	0	0	29.269149465376312
2016	6	10	0	0	24.744819878801223
2016	6	11	0	0	27.060843475873583
2016	6	12	0	0	25.985056639400696
2016	6	13	0	0	25.291338004220513
2016	6	14	0	0	29.24848044605382
2016	6	15	0	0	26.039196628686984
2016	6	16	0	0	24.69519975240801
2016	6	17	0	0	24.42464812604739
2016	6	18	0	0	16.034773920546215
2016	6	19	0	0	7.8185603305927875
2016	6	20	0	0	15.901648352479182
2016	6	21	0	0	30.301178057596946
2016	6	22	0	0	29.158912682229143
2016	6	23	0	0	24.678148282369975
2016	6	24	0	0	27.30280540457146
2016	6	25	0	0	29.03144410307673
2016	6	26	0	0	28.867448847736803
2016	6	27	0	0	20.789581605666424
2016	6	28	0	0	26.816430011151027
2016	6	29	0	0	27.70476968867625
2016	6	30	0	0	23.29310238228795
2016	7	1	0	0	26.961838961545933
2016	7	2	0	0	22.934093740760968
2016	7	3	0	0	22.38775270079014
2016	7	4	0	0	19.27907862325756
2016	7	5	0	0	15.845780452054264
2016	7	6	0	0	9.452569810459018
2016	7	7	0	0	2.668352047970697
2016	7	8	0	0	13.286514690805738
2016	7	9	0	0	13.902562625021625
2016	7	10	0	0	20.67460683716837
2016	7	11	0	0	25.98059904611688
2016	7	12	0	0	26.645659869484195
2016	7	13	0	0	20.112232789910447
2016	7	14	0	0	10.069637857141306
2016	7	15	0	0	23.925568092090884
2016	7	16	0	0	7.0051226648004254
2016	7	17	0	0	10.040635983031402
2016	7	18	0	0	12.16538322630748
2016	7	19	0	0	24.186943435355655
2016	7	20	0	0	24.577664821083072
2016	7	21	0	0	22.287322360264177
2016	7	22	0	0	23.889105555136734
2016	7	23	0	0	23.512576046774257
2016	7	24	0	0	22.849269158386626
2016	7	25	0	0	14.41307179160381
2016	7	26	0	0	4.250150354473434
2016	7	27	0	0	22.78478805867527
2016	7	28	0	0	28.318009964485253
2016	7	29	0	0	22.198531511323527
2016	7	30	0	0	23.5427005979784
2016	7	31	0	0	22.024007474058575
2016	8	1	0	0	13.019261231375598
2016	8	2	0	0	6.825835675122955
2016	8	3	0	0	14.679629688923107
2016	8	4	0	0	15.602036118652226
2016	8	5	0	0	23.560315817947895
2016	8	6	0	0	23.03062261487554
2016	8	7	0	0	22.7891925829978
2016	8	8	0	0	18.74938571033507
2016	8	9	0	0	21.388908352377257
2016	8	10	0	0	22.754800764303063
2016	8	11	0	0	22.435848874645284
2016	8	12	0	0	22.455155286726885
2016	8	13	0	0	22.029712468310503
2016	8	14	0	0	21.829110458860026
2016	8	15	0	0	17.1323098149166
2016	8	16	0	0	17.1323098149166
2016	8	17	0	0	16.687498330969458
2016	8	18	0	0	20.581868438881692
2016	8	19	0	0	21.640859985532526
2016	8	20	0	0	5.314293288960426
2016	8	21	0	0	4.311953782736176
2016	8	22	0	0	18.743928184215246
2016	8	23	0	0	14.846336241493828
2016	8	24	0	0	19.119903784619737
2016	8	25	0	0	19.632642407093666
2016	8	26	0	0	18.65622277338391
2016	8	27	0	0	19.06640352923049
2016	8	28	0	0	19.654071891389655
2016	8	29	0	0	18.666408050204975
2016	8	30	0	0	19.202155225912858
2016	8	31	0	0	11.581282098161223
2016	9	1	0	0	15.64346894967239
2016	9	2	0	0	17.111647035081127
2016	9	3	0	0	20.06071986515187
2016	9	4	0	0	17.125779534256626
2016	9	5	0	0	5.593603160940264
2016	9	6	0	0	8.598243391444766
2016	9	7	0	0	14.243464413683858
2016	9	8	0	0	19.71643055041558
2016	9	9	0	0	12.480302254803293
2016	9	10	0	0	9.664932771739153
2016	9	11	0	0	16.88587885860719
2016	9	12	0	0	3.870831991621014
2016	9	13	0	0	14.970433533194969
2016	9	14	0	0	7.6121457896154325
2016	9	15	0	0	16.963844151584823
2016	9	16	0	0	16.50023596576748
2016	9	17	0	0	6.365039231651847
2016	9	18	0	0	6.534962495988207
2016	9	19	0	0	10.921320437442539
2016	9	20	0	0	10.397361228913526
2016	9	21	0	0	4.205920365956728
2016	9	22	0	0	13.195941624676484
2016	9	23	0	0	15.179199678668017
2016	9	24	0	0	11.662761231423849
2016	9	25	0	0	13.65508188974975
2016	9	26	0	0	8.91946836841994
2016	9	27	0	0	9.40254436001906
2016	9	28	0	0	12.996036388374884
2016	9	29	0	0	11.510781108685114
2016	9	30	0	0	12.138024740313227
2016	10	1	0	0	2.9703848773721155
2016	10	2	0	0	10.565817376547347
2016	10	3	0	0	13.139266111827611
2016	10	4	0	0	3.1953549606177685
2016	10	5	0	0	3.05143173105357
2016	10	6	0	0	4.71845123495636
2016	10	7	0	0	5.368027846119448
2016	10	8	0	0	9.038171549775715
2016	10	9	0	0	5.136558706181373
2016	10	10	0	0	9.218640409227792
2016	10	11	0	0	7.165685265824643
2016	10	12	0	0	8.31610945257592
2016	10	13	0	0	6.497711334367506
2016	10	14	0	0	2.599818362779404
2016	10	15	0	0	0.9092191921066282
2016	10	16	0	0	2.182556918746512
2016	10	17	0	0	6.226187284216962
2016	10	18	0	0	6.083408600666874
2016	10	19	0	0	7.130909517279066
2016	10	20	0	0	6.511680603697185
2016	10	21	0	0	9.400439779248961
2016	10	22	0	0	8.321469178768094
2016	10	23	0	0	6.106701905026088
2016	10	24	0	0	8.474588854855394
2016	10	25	0	0	6.437940543383723
2016	10	26	0	0	7.658182784951047
2016	10	27	0	0	1.110974483858665
2016	10	28	0	0	7.861034329679486
2016	10	29	0	0	7.395539403369088
2016	10	30	0	0	2.5290448636352543
2016	10	31	0	0	2.021414136069263
2016	11	1	0	0	6.953782517816285
2016	11	2	0	0	7.544068351446908
2016	11	3	0	0	6.087745516867328
2016	11	4	0	0	5.439610776235574
2016	11	5	0	0	5.831401468487859
2016	11	6	0	0	5.754106349082596
2016	11	7	0	0	5.845984418565642
2016	11	8	0	0	1.7328642387145081
2016	11	9	0	0	3.931656778261998
2016	11	10	0	0	5.789131422783832
2016	11	11	0	0	5.763951142116809
2016	11	12	0	0	5.585709960723554
2016	11	13	0	0	4.877867272505454
2016	11	14	0	0	5.427472491530442
2016	11	15	0	0	5.901891215328637
2016	11	16	0	0	4.4762282175181385
2016	11	17	0	0	4.921716926829687
2016	11	18	0	0	0.7289617595162605
2016	11	19	0	0	4.622601506911384
2016	11	20	0	0	4.930166379414438
2016	11	21	0	0	3.2031640718338497
2016	11	22	0	0	3.2466439245640863
2016	11	23	0	0	1.471002900050978
2016	11	24	0	0	2.104268829272565
2016	11	25	0	0	0.36126424434235743
2016	11	26	0	0	1.9162072048388428
2016	11	27	0	0	2.5580133862408543
2016	11	28	0	0	3.6408694729923163
2016	11	29	0	0	3.519000289055022
2016	11	30	0	0	4.091517472011301
2016	12	1	0	0	3.3260955537292616
2016	12	2	0	0	1.5309854460886265
2016	12	3	0	0	1.2547719103001356
2016	12	4	0	0	1.2640244747498641
2016	12	5	0	0	1.8720253357235108
2016	12	6	0	0	2.986448770843229
2016	12	7	0	0	2.7743245051636864
2016	12	8	0	0	0.8981962268178298
2016	12	9	0	0	1.2634065730645172
2016	12	10	0	0	3.084114260270999
2016	12	11	0	0	2.4253798480360187
2016	12	12	0	0	0.9090655951350933
2016	12	13	0	0	1.210333305724949
2016	12	14	0	0	1.410149269331326
2016	12	15	0	0	1.6217038579758165
2016	12	16	0	0	1.2606290194061116
2016	12	17	0	0	1.8109047860701866
2016	12	18	0	0	0.8403724917160497
2016	12	19	0	0	1.0058494311531303
2016	12	20	0	0	0.8770417811228478
2016	12	21	0	0	0.8089824086905655
2016	12	22	0	0	2.9233192664146808
2016	12	23	0	0	3.7091356070929313
2016	12	24	0	0	3.4726604968448522
2016	12	25	0	0	0.7790775153449119
2016	12	26	0	0	1.3654613634807082
2016	12	27	0	0	0.5278031646570308
2016	12	28	0	0	0.7453365411963002
2016	12	29	0	0	2.4360778355838746
2016	12	30	0	0	2.381142637483229
2016	12	31	0	0	2.494362277786147
2017	1	1	0	0	3.5148144592271557
2017	1	2	0	0	4.315788127329288
2017	1	3	0	0	3.490075335594381
2017	1	4	0	0	2.63050339026361
2017	1	5	0	0	1.7718452547943195
2017	1	6	0	0	1.2448562959622016
2017	1	7	0	0	2.271729658137535
2017	1	8	0	0	2.71111575338117
2017	1	9	0	0	2.5978770201581884
2017	1	10	0	0	4.584656123260241
2017	1	11	0	0	4.105330927791918
2017	1	12	0	0	3.4653085996822366
2017	1	13	0	0	2.2600715347767943
2017	1	14	0	0	3.7031012170775317
2017	1	15	0	0	4.386437512961521
2017	1	16	0	0	1.9130077924036966
2017	1	17	0	0	4.315788127329288
2017	1	18	0	0	4.767573022405088
2017	1	19	0	0	1.072259234897115
2017	1	20	0	0	4.836206654174085
2017	1	21	0	0	4.3213824300621715
2017	1	22	0	0	4.859037488201933
2017	1	23	0	0	5.154854775060926
2017	1	24	0	0	5.261259429265554
2017	1	25	0	0	3.9155389059397048
2017	1	26	0	0	5.0049887700547435
2017	1	27	0	0	4.803004308559095
2017	1	28	0	0	5.725724773305159
2017	1	29	0	0	1.441010284392721
2017	1	30	0	0	3.4585063021712363
2017	1	31	0	0	5.447713382456685
2017	2	1	0	0	1.8077253385018466
2017	2	2	0	0	5.1648825406482635
2017	2	3	0	0	5.9445103107617605
2017	2	4	0	0	2.068613969224133
2017	2	5	0	0	6.092215296214626
2017	2	6	0	0	3.241550158749052
2017	2	7	0	0	4.370246727574009
2017	2	8	0	0	6.266175991362403
2017	2	9	0	0	5.3769826223961585
2017	2	10	0	0	6.4107357389331705
2017	2	11	0	0	1.2791602208567694
2017	2	12	0	0	3.1606229693920214
2017	2	13	0	0	5.402049430295209
2017	2	14	0	0	5.237303393402116
2017	2	15	0	0	4.002805681709584
2017	2	16	0	0	6.655373075894012
2017	2	17	0	0	6.752359009480443
2017	2	18	0	0	7.336581406896424
2017	2	19	0	0	5.166069821135537
2017	2	20	0	0	7.072401559330483
2017	2	21	0	0	7.1500345761353445
2017	2	22	0	0	9.687962486000794
2017	2	23	0	0	2.8082416219010007
2017	2	24	0	0	1.725596612057045
2017	2	25	0	0	6.826056223903589
2017	2	26	0	0	9.868549997330438
2017	2	27	0	0	2.283841896292241
2017	2	28	0	0	6.14263708591721
2017	3	1	0	0	2.5428119053206557
2017	3	2	0	0	7.800271715382155
2017	3	3	0	0	10.053463836068957
2017	3	4	0	0	7.598108477712589
2017	3	5	0	0	3.4642158009112456
2017	3	6	0	0	8.609964562794376
2017	3	7	0	0	10.206969451219095
2017	3	8	0	0	10.916679479672853
2017	3	9	0	0	3.2311801191921465
2017	3	10	0	0	6.571494130232686
2017	3	11	0	0	6.45121296456137
2017	3	12	0	0	5.668995081909554
2017	3	13	0	0	11.372511818305611
2017	3	14	0	0	3.891172574696991
2017	3	15	0	0	2.995038484688036
2017	3	16	0	0	11.373460865572435
2017	3	17	0	0	12.146640669552038
2017	3	18	0	0	3.7365433660185787
2017	3	19	0	0	13.341769092696817
2017	3	20	0	0	13.206385416372425
2017	3	21	0	0	13.1391403956754
2017	3	22	0	0	12.924625059870134
2017	3	23	0	0	12.82350520878454
2017	3	24	0	0	13.211989166915915
2017	3	25	0	0	15.36185978531928
2017	3	26	0	0	15.495548069587135
2017	3	27	0	0	15.51448262370649
2017	3	28	0	0	14.837586190595166
2017	3	29	0	0	14.419894638918816
2017	3	30	0	0	14.777149234663211
2017	3	31	0	0	5.759774940971088
2017	4	1	0	0	10.633719958671515
2017	4	2	0	0	12.635196203090418
2017	4	3	0	0	14.140012326569167
2017	4	4	0	0	16.026536770153285
2017	4	5	0	0	13.911760071815099
2017	4	6	0	0	14.954244332306345
2017	4	7	0	0	16.45260443564138
2017	4	8	0	0	14.411340127621036
2017	4	9	0	0	16.59789799738563
2017	4	10	0	0	15.20920052384092
2017	4	11	0	0	10.039029302312152
2017	4	12	0	0	7.58401427022915
2017	4	13	0	0	18.62405222204788
2017	4	14	0	0	19.77179507311277
2017	4	15	0	0	18.526736275182984
2017	4	16	0	0	14.690317224473109
2017	4	17	0	0	18.079339436321618
2017	4	18	0	0	8.263495074723458
2017	4	19	0	0	14.707287585691372
2017	4	20	0	0	18.692536289546595
2017	4	21	0	0	19.89322634764861
2017	4	22	0	0	19.720132184870813
2017	4	23	0	0	13.970495811880024
2017	4	24	0	0	12.235166669568327
2017	4	25	0	0	12.448607088746794
2017	4	26	0	0	15.343592699630966
2017	4	27	0	0	16.03588154848914
2017	4	28	0	0	20.640597758686166
2017	4	29	0	0	21.194081468404217
2017	4	30	0	0	22.943971576663976
2017	5	1	0	0	21.446214599012716
2017	5	2	0	0	19.76958188769327
2017	5	3	0	0	19.679062779841193
2017	5	4	0	0	21.526885013358555
2017	5	5	0	0	19.254070544334397
2017	5	6	0	0	11.527725288741495
2017	5	7	0	0	21.694595346271587
2017	5	8	0	0	16.394974734607576
2017	5	9	0	0	22.634323315927432
2017	5	10	0	0	16.36299409539246
2017	5	11	0	0	22.508332377687505
2017	5	12	0	0	10.128931285957547
2017	5	13	0	0	13.758937553222353
2017	5	14	0	0	24.14798739304822
2017	5	15	0	0	20.572965262205397
2017	5	16	0	0	20.335291787335393
2017	5	17	0	0	14.37129823301116
2017	5	18	0	0	9.334746146377181
2017	5	19	0	0	24.622277695523167
2017	5	20	0	0	26.049662756800362
2017	5	21	0	0	26.760187619547352
2017	5	22	0	0	21.276561929109267
2017	5	23	0	0	22.599145577265986
2017	5	24	0	0	24.902498540238334
2017	5	25	0	0	22.845028029585063
2017	5	26	0	0	20.914267802570212
2017	5	27	0	0	10.37862686874171
2017	5	28	0	0	22.758833292452206
2017	5	29	0	0	25.0305043106516
2017	5	30	0	0	27.729805378998904
2017	5	31	0	0	12.929904122079598
2017	6	1	0	0	12.204850989276547
2017	6	2	0	0	14.763895926128354
2017	6	3	0	0	20.233800732562358
2017	6	4	0	0	24.96117118721933
2017	6	5	0	0	29.721077344977637
2017	6	6	0	0	6.399503497960934
2017	6	7	0	0	25.648761372393054
2017	6	8	0	0	27.962542685226705
2017	6	9	0	0	14.247289472354268
2017	6	10	0	0	2.9888139012531436
2017	6	11	0	0	10.939893617055542
2017	6	12	0	0	12.482873446151089
2017	6	13	0	0	7.831686848985159
2017	6	14	0	0	11.517652954343347
2017	6	15	0	0	28.876180669658382
2017	6	16	0	0	28.61378580441998
2017	6	17	0	0	24.78567598478393
2017	6	18	0	0	16.20629195366255
2017	6	19	0	0	26.69081224186184
2017	6	20	0	0	23.84428103008206
2017	6	21	0	0	23.139673311185685
2017	6	22	0	0	11.623073603274317
2017	6	23	0	0	17.07000483169774
2017	6	24	0	0	23.37537958796258
2017	6	25	0	0	20.689497093859572
2017	6	26	0	0	16.83075586783473
2017	6	27	0	0	29.503204132107548
2017	6	28	0	0	18.574841330927022
2017	6	29	0	0	12.926312437469502
2017	6	30	0	0	16.400002565750487
2017	7	1	0	0	21.603796799278175
2017	7	2	0	0	20.221959486625288
2017	7	3	0	0	26.051630277532755
2017	7	4	0	0	17.3456397114874
2017	7	5	0	0	24.36962088142653
2017	7	6	0	0	26.249399195683736
2017	7	7	0	0	14.67940999612058
2017	7	8	0	0	28.900229984141735
2017	7	9	0	0	27.311483743333607
2017	7	10	0	0	27.374620176393236
2017	7	11	0	0	27.82936869619006
2017	7	12	0	0	25.51721017449036
2017	7	13	0	0	9.519957396195409
2017	7	14	0	0	26.328792171986727
2017	7	15	0	0	25.89357392777068
2017	7	16	0	0	27.36314176731621
2017	7	17	0	0	27.328703137012656
2017	7	18	0	0	26.356144818563195
2017	7	19	0	0	25.062943574811055
2017	7	20	0	0	10.720042759793376
2017	7	21	0	0	22.69222483360254
2017	7	22	0	0	8.459312040002741
2017	7	23	0	0	15.557333111044994
2017	7	24	0	0	23.422158493923774
2017	7	25	0	0	23.777772297739286
2017	7	26	0	0	19.383915313156407
2017	7	27	0	0	23.242265077444532
2017	7	28	0	0	23.79681332004868
2017	7	29	0	0	22.491282353950137
2017	7	30	0	0	22.37105651202072
2017	7	31	0	0	23.558386577485106
2017	8	1	0	0	23.460595512503215
2017	8	2	0	0	23.32260950899228
2017	8	3	0	0	21.63864867949705
2017	8	4	0	0	22.96043388440545
2017	8	5	0	0	19.116930162435295
2017	8	6	0	0	22.38222559282828
2017	8	7	0	0	22.54310722553072
2017	8	8	0	0	13.238922724630848
2017	8	9	0	0	10.470425456814164
2017	8	10	0	0	9.608758199954238
2017	8	11	0	0	21.963854153397914
2017	8	12	0	0	21.037890035678
2017	8	13	0	0	21.82562642756163
2017	8	14	0	0	15.55398606065789
2017	8	15	0	0	22.893073394643388
2017	8	16	0	0	21.810530969246535
2017	8	17	0	0	18.671776455602274
2017	8	18	0	0	7.9069623808824865
2017	8	19	0	0	14.509680739260508
2017	8	20	0	0	18.1022787676027
2017	8	21	0	0	19.2762079459808
2017	8	22	0	0	7.681499737050896
2017	8	23	0	0	13.023426638465827
2017	8	24	0	0	17.49869737621914
2017	8	25	0	0	10.265263725621255
2017	8	26	0	0	19.898445790217345
2017	8	27	0	0	7.290472138489639
2017	8	28	0	0	8.087159926694406
2017	8	29	0	0	13.956215520412455
2017	8	30	0	0	18.555498594577728
2017	8	31	0	0	19.365682369396982
2017	9	1	0	0	19.686097637292498
2017	9	2	0	0	19.120047457816685
2017	9	3	0	0	18.341142453167386
2017	9	4	0	0	19.15636990394477
2017	9	5	0	0	17.914488041411598
2017	9	6	0	0	7.703659714769478
2017	9	7	0	0	19.763809339281927
2017	9	8	0	0	18.614122330701978
2017	9	9	0	0	17.648532818741895
2017	9	10	0	0	17.579315841103874
2017	9	11	0	0	17.046739471110307
2017	9	12	0	0	15.425382240425979
2017	9	13	0	0	10.378879525921134
2017	9	14	0	0	11.194854928106775
2017	9	15	0	0	7.442137347069171
2017	9	16	0	0	5.568364996070823
2017	9	17	0	0	14.885685306913334
2017	9	18	0	0	15.258725161854253
2017	9	19	0	0	12.216480335426795
2017	9	20	0	0	12.399139073152398
2017	9	21	0	0	7.851100127603265
2017	9	22	0	0	13.710835685342737
2017	9	23	0	0	9.735130579820142
2017	9	24	0	0	9.143626560291937
2017	9	25	0	0	13.817819014464558
2017	9	26	0	0	4.9157048916622985
2017	9	27	0	0	10.512489391978493
2017	9	28	0	0	4.905786741003988
2017	9	29	0	0	13.368802272056353
2017	9	30	0	0	6.052120181460953
2017	10	1	0	0	8.752785432166283
2017	10	2	0	0	2.198010893713508
2017	10	3	0	0	11.340661724429443
2017	10	4	0	0	12.400317158462439
2017	10	5	0	0	3.7789837569589655
2017	10	6	0	0	12.155495268648787
2017	10	7	0	0	11.261561272118726
2017	10	8	0	0	11.424652326649758
2017	10	9	0	0	10.736811150315408
2017	10	10	0	0	8.957077061678957
2017	10	11	0	0	7.188872771522803
2017	10	12	0	0	8.27805856322076
2017	10	13	0	0	10.079552418244216
2017	10	14	0	0	9.79386253400494
2017	10	15	0	0	8.974362474766398
2017	10	16	0	0	9.236341690729517
2017	10	17	0	0	3.1723381636529275
2017	10	18	0	0	10.190381055521328
2017	10	19	0	0	4.95178765715145
2017	10	20	0	0	2.3041027458471945
2017	10	21	0	0	6.0958955660779335
2017	10	22	0	0	5.970151511724711
2017	10	23	0	0	8.031605128681326
2017	10	24	0	0	2.6642481762025696
2017	10	25	0	0	4.068980584762317
2017	10	26	0	0	5.3264883258551485
2017	10	27	0	0	2.9972432160164852
2017	10	28	0	0	7.573195643749396
2017	10	29	0	0	7.065258176111389
2017	10	30	0	0	7.386123207680785
2017	10	31	0	0	4.6692379982835535
2017	11	1	0	0	6.860093976614829
2017	11	2	0	0	3.698256409752027
2017	11	3	0	0	6.774717944528784
2017	11	4	0	0	2.2670628766366554
2017	11	5	0	0	2.429363725945569
2017	11	6	0	0	6.510374500757638
2017	11	7	0	0	1.691122487744641
2017	11	8	0	0	4.345838865536959
2017	11	9	0	0	0.5283168398388086
2017	11	10	0	0	2.087106336193179
2017	11	11	0	0	2.815423274921141
2017	11	12	0	0	6.06708937018246
2017	11	13	0	0	1.973290631386772
2017	11	14	0	0	5.153055822339296
2017	11	15	0	0	4.416067564373659
2017	11	16	0	0	2.2061732794591737
2017	11	17	0	0	3.488130806804125
2017	11	18	0	0	4.970535495676405
2017	11	19	0	0	5.147063653588989
2017	11	20	0	0	3.888807179427616
2017	11	21	0	0	2.1276589329502418
2017	11	22	0	0	4.3611834185351235
2017	11	23	0	0	4.414790749816449
2017	11	24	0	0	4.241317435103443
2017	11	25	0	0	3.942177155446153
2017	11	26	0	0	4.246458232051164
2017	11	27	0	0	3.9292290512382326
2017	11	28	0	0	1.5847662517294607
2017	11	29	0	0	1.819052913465366
2017	11	30	0	0	2.7351687611237767
2017	12	1	0	0	1.257240990108145
2017	12	2	0	0	3.678023157850507
2017	12	3	0	0	2.161230175124263
2017	12	4	0	0	1.5604052206431402
2017	12	5	0	0	3.766298510724437
2017	12	6	0	0	1.0672837257697028
2017	12	7	0	0	1.2122377321379159
2017	12	8	0	0	1.4971900408943846
2017	12	9	0	0	2.2729546814271178
2017	12	10	0	0	0.9408553061728753
2017	12	11	0	0	3.1376539148462843
2017	12	12	0	0	2.0185332411844628
2017	12	13	0	0	2.7508024839767096
2017	12	14	0	0	2.544942202122154
2017	12	15	0	0	2.6779880648059113
2017	12	16	0	0	1.3946355169914646
2017	12	17	0	0	1.111585987161314
2017	12	18	0	0	0.9408553061728753
2017	12	19	0	0	1.787001543034183
2017	12	20	0	0	1.6240966805620343
2017	12	21	0	0	3.3146715660269215
2017	12	22	0	0	2.1857293480843496
2017	12	23	0	0	2.338029390999361
2017	12	24	0	0	2.89489680070003
2017	12	25	0	0	2.377989528791066
2017	12	26	0	0	2.47651141750948
2017	12	27	0	0	1.1855849676286583
2017	12	28	0	0	1.3004758514745245
2017	12	29	0	0	1.9870376792184345
2017	12	30	0	0	2.194773043771132
2017	12	31	0	0	1.6240966805620343
2018	1	1	0	0	2.2795040710368317
2018	1	2	0	0	2.000236199601027
2018	1	3	0	0	2.807095775479263
2018	1	4	0	0	2.4826793155062883
2018	1	5	0	0	1.1765980851799365
2018	1	6	0	0	1.519752301852991
2018	1	7	0	0	1.5367951117067529
2018	1	8	0	0	3.3312415975907674
2018	1	9	0	0	1.6006358212480052
2018	1	10	0	0	3.5010738962921524
2018	1	11	0	0	4.326975757433405
2018	1	12	0	0	3.844685427599054
2018	1	13	0	0	4.492700363786371
2018	1	14	0	0	3.9566122621712383
2018	1	15	0	0	4.048218804598065
2018	1	16	0	0	4.738722640175293
2018	1	17	0	0	4.339352164783879
2018	1	18	0	0	2.261366673980999
2018	1	19	0	0	4.50565995759705
2018	1	20	0	0	4.27940127173329
2018	1	21	0	0	4.975433127651153
2018	1	22	0	0	4.726925316337652
2018	1	23	0	0	4.088411436746397
2018	1	24	0	0	4.318585400718155
2018	1	25	0	0	5.242482056682858
2018	1	26	0	0	0.8323094803376241
2018	1	27	0	0	5.593606027843179
2018	1	28	0	0	5.784843685028147
2018	1	29	0	0	5.934149195432568
2018	1	30	0	0	5.6931888481577895
2018	1	31	0	0	1.2996111070941496
2018	2	1	0	0	4.995271709912169
2018	2	2	0	0	2.0280995027276663
2018	2	3	0	0	2.2117923344323556
2018	2	4	0	0	3.6236694715533475
2018	2	5	0	0	4.251896010763292
2018	2	6	0	0	1.323985914971839
2018	2	7	0	0	4.895713044358183
2018	2	8	0	0	2.079243267832596
2018	2	9	0	0	5.024232524518846
2018	2	10	0	0	8.104616677127098
2018	2	11	0	0	9.061054972766438
2018	2	12	0	0	7.594634542946926
2018	2	13	0	0	4.734535083040051
2018	2	14	0	0	6.502798742128564
2018	2	15	0	0	7.717615960443917
2018	2	16	0	0	6.295800386458909
2018	2	17	0	0	4.251896010763292
2018	2	18	0	0	10.489113825198682
2018	2	19	0	0	9.08677172774641
2018	2	20	0	0	9.095886409967711
2018	2	21	0	0	7.312735983866454
2018	2	22	0	0	3.7697349288588256
2018	2	23	0	0	3.78069892261109
2018	2	24	0	0	6.787696077789083
2018	2	25	0	0	9.147174800710493
2018	2	26	0	0	5.401004963907995
2018	2	27	0	0	6.955675203603347
2018	2	28	0	0	1.3824402394344308
2018	3	1	0	0	8.953594672978483
2018	3	2	0	0	3.237231209560825
2018	3	3	0	0	3.706524990163429
2018	3	4	0	0	9.096961712249549
2018	3	5	0	0	5.80622900297251
2018	3	6	0	0	4.087262088068778
2018	3	7	0	0	9.007722484494337
2018	3	8	0	0	4.780450408186423
2018	3	9	0	0	8.234052097963572
2018	3	10	0	0	10.098377860315738
2018	3	11	0	0	8.705719074990355
2018	3	12	0	0	7.431194707881714
2018	3	13	0	0	9.171331749576606
2018	3	14	0	0	10.472418320297617
2018	3	15	0	0	10.47830401340188
2018	3	16	0	0	4.598435493082708
2018	3	17	0	0	9.982375267893984
2018	3	18	0	0	10.885037274338918
2018	3	19	0	0	12.516059327731748
2018	3	20	0	0	5.75313451945677
2018	3	21	0	0	8.953960655963982
2018	3	22	0	0	11.999827361639724
2018	3	23	0	0	8.3831299762146
2018	3	24	0	0	11.971596905071372
2018	3	25	0	0	15.594403612470856
2018	3	26	0	0	15.241732924227438
2018	3	27	0	0	15.34310872690968
2018	3	28	0	0	12.249573098467852
2018	3	29	0	0	15.244935373936743
2018	3	30	0	0	13.627096475646125
2018	3	31	0	0	6.625620607576459
2018	4	1	0	0	10.184366088027389
2018	4	2	0	0	10.243390366773303
2018	4	3	0	0	15.279704137248565
2018	4	4	0	0	10.205796158106395
2018	4	5	0	0	17.49901817960404
2018	4	6	0	0	18.496054512291945
2018	4	7	0	0	17.71887318945281
2018	4	8	0	0	18.455465887103404
2018	4	9	0	0	7.350378216937912
2018	4	10	0	0	8.287247243228057
2018	4	11	0	0	7.3667744161961135
2018	4	12	0	0	16.51835323573111
2018	4	13	0	0	9.42552266809277
2018	4	14	0	0	12.083455392465027
2018	4	15	0	0	12.483931319607544
2018	4	16	0	0	9.321607188221932
2018	4	17	0	0	18.304480211063762
2018	4	18	0	0	16.859196234655627
2018	4	19	0	0	18.63486536038448
2018	4	20	0	0	3.810596357378863
2018	4	21	0	0	10.631250304765892
2018	4	22	0	0	9.637579781497095
2018	4	23	0	0	9.231074253976148
2018	4	24	0	0	19.48269534877394
2018	4	25	0	0	18.692536289546595
2018	4	26	0	0	18.3877594857248
2018	4	27	0	0	18.393566265361237
2018	4	28	0	0	17.729518354236408
2018	4	29	0	0	17.38654002242211
2018	4	30	0	0	14.577389915705167
2018	5	1	0	0	21.674401543499616
2018	5	2	0	0	21.743955288444212
2018	5	3	0	0	21.63625916259894
2018	5	4	0	0	21.453716463252167
2018	5	5	0	0	21.05659791036242
2018	5	6	0	0	19.61118630059956
2018	5	7	0	0	21.5831469146815
2018	5	8	0	0	21.869571307767753
2018	5	9	0	0	23.29642977756031
2018	5	10	0	0	21.528383299516744
2018	5	11	0	0	23.242962102305817
2018	5	12	0	0	17.78906196898099
2018	5	13	0	0	24.276785626740903
2018	5	14	0	0	26.044881308987097
2018	5	15	0	0	24.665053738221133
2018	5	16	0	0	24.896139908397032
2018	5	17	0	0	23.50058597418246
2018	5	18	0	0	22.75737215618543
2018	5	19	0	0	24.92475412662593
2018	5	20	0	0	15.918844188145101
2018	5	21	0	0	26.25679017069647
2018	5	22	0	0	11.195936371303258
2018	5	23	0	0	10.225482808015125
2018	5	24	0	0	25.27062260732012
2018	5	25	0	0	17.700976283555523
2018	5	26	0	0	24.31576237731938
2018	5	27	0	0	15.020764748711022
2018	5	28	0	0	14.244223303956181
2018	5	29	0	0	21.17158543253339
2018	5	30	0	0	10.756953745263562
2018	5	31	0	0	26.271744169914925
2018	6	1	0	0	26.400589657913006
2018	6	2	0	0	25.197316209061405
2018	6	3	0	0	19.645937759114926
2018	6	4	0	0	27.988024745959635
2018	6	5	0	0	29.449181185650897
2018	6	6	0	0	27.4757345529088
2018	6	7	0	0	28.72876215403388
2018	6	8	0	0	29.909240244968434
2018	6	9	0	0	8.751978860871139
2018	6	10	0	0	14.385005303283792
2018	6	11	0	0	16.885208950481378
2018	6	12	0	0	22.470088017804105
2018	6	13	0	0	26.854223031394675
2018	6	14	0	0	15.12002625744816
2018	6	15	0	0	3.4648536333036293
2018	6	16	0	0	6.963579234022552
2018	6	17	0	0	10.856993698773332
2018	6	18	0	0	17.88994420568055
2018	6	19	0	0	20.487636717403078
2018	6	20	0	0	26.277097679994643
2018	6	21	0	0	25.395767444508998
2018	6	22	0	0	28.18789563250803
2018	6	23	0	0	23.18173265156769
2018	6	24	0	0	27.949802873495127
2018	6	25	0	0	28.127454975336413
2018	6	26	0	0	23.116504624456205
2018	6	27	0	0	27.380308647043382
2018	6	28	0	0	30.09731367787379
2018	6	29	0	0	29.900042780282558
2018	6	30	0	0	27.430088251507517
2018	7	1	0	0	21.067664691654663
2018	7	2	0	0	27.50874040560753
2018	7	3	0	0	26.428307415103415
2018	7	4	0	0	27.65019927154346
2018	7	5	0	0	28.6565623688821
2018	7	6	0	0	28.135852211941
2018	7	7	0	0	29.222217385329
2018	7	8	0	0	27.71007209682607
2018	7	9	0	0	27.18662458676158
2018	7	10	0	0	27.027034452979517
2018	7	11	0	0	27.11750540403249
2018	7	12	0	0	25.248521024097496
2018	7	13	0	0	13.632400288088409
2018	7	14	0	0	28.12332728690197
2018	7	15	0	0	30.410952842270476
2018	7	16	0	0	10.677769325836964
2018	7	17	0	0	5.857638308404144
2018	7	18	0	0	13.973187762668104
2018	7	19	0	0	19.4695216010564
2018	7	20	0	0	20.494262984766856
2018	7	21	0	0	22.85835807040169
2018	7	22	0	0	22.246158697282514
2018	7	23	0	0	23.669714579796
2018	7	24	0	0	24.506309310646
2018	7	25	0	0	19.84185977487561
2018	7	26	0	0	24.254382336705046
2018	7	27	0	0	22.08965712562535
2018	7	28	0	0	19.638999737747945
2018	7	29	0	0	25.045155636217142
2018	7	30	0	0	24.779173029533656
2018	7	31	0	0	23.7627225916852
2018	8	1	0	0	23.9886386785817
2018	8	2	0	0	22.8627693230201
2018	8	3	0	0	24.30245457227716
2018	8	4	0	0	25.141304881908752
2018	8	5	0	0	18.122683686066548
2018	8	6	0	0	9.43508452693277
2018	8	7	0	0	18.81920021236992
2018	8	8	0	0	20.88725412209365
2018	8	9	0	0	5.1340450082725555
2018	8	10	0	0	13.991507534499267
2018	8	11	0	0	17.80336687315513
2018	8	12	0	0	12.619422735976801
2018	8	13	0	0	17.118794654884887
2018	8	14	0	0	21.58126335899986
2018	8	15	0	0	20.56307202396308
2018	8	16	0	0	21.03559036484466
2018	8	17	0	0	20.916509756958778
2018	8	18	0	0	16.60172891844888
2018	8	19	0	0	20.90993542015654
2018	8	20	0	0	15.725363296845199
2018	8	21	0	0	8.849552872066445
2018	8	22	0	0	14.354588132706441
2018	8	23	0	0	15.404298761894111
2018	8	24	0	0	6.124531331511267
2018	8	25	0	0	18.25043819386412
2018	8	26	0	0	15.538730328127066
2018	8	27	0	0	15.264258704924487
2018	8	28	0	0	8.442240852160245
2018	8	29	0	0	9.553901198646615
2018	8	30	0	0	11.20882918619255
2018	8	31	0	0	15.655261744806712
2018	9	1	0	0	18.32050273817912
2018	9	2	0	0	14.580673793621685
2018	9	3	0	0	16.962680396264286
2018	9	4	0	0	18.095910645537792
2018	9	5	0	0	13.204469431834301
2018	9	6	0	0	13.082032949892366
2018	9	7	0	0	11.133806155034748
2018	9	8	0	0	11.204190570624739
2018	9	9	0	0	14.811330896348199
2018	9	10	0	0	16.08465161763501
2018	9	11	0	0	16.303496514799594
2018	9	12	0	0	16.76871460981345
2018	9	13	0	0	14.79273856912221
2018	9	14	0	0	16.02887552406801
2018	9	15	0	0	6.553039438774012
2018	9	16	0	0	12.131665499002176
2018	9	17	0	0	14.210672224430795
2018	9	18	0	0	10.644000936213947
2018	9	19	0	0	11.60656649392706
2018	9	20	0	0	13.012992230382203
2018	9	21	0	0	13.43899305117023
2018	9	22	0	0	13.490380631753741
2018	9	23	0	0	13.406431787574366
2018	9	24	0	0	13.319037279682387
2018	9	25	0	0	14.234576926749035
2018	9	26	0	0	13.988719450556697
2018	9	27	0	0	13.528734018082446
2018	9	28	0	0	10.639538347350298
2018	9	29	0	0	12.372149227952274
2018	9	30	0	0	7.533936614544051
2018	10	1	0	0	8.581018276791337
2018	10	2	0	0	12.393032702714152
2018	10	3	0	0	11.838757462225749
2018	10	4	0	0	8.24323753619284
2018	10	5	0	0	11.546858513448433
2018	10	6	0	0	12.142757777870822
2018	10	7	0	0	8.202822483152511
2018	10	8	0	0	11.115454123999296
2018	10	9	0	0	8.844614616207254
2018	10	10	0	0	5.841965869756924
2018	10	11	0	0	10.800849086203796
2018	10	12	0	0	9.84279495890877
2018	10	13	0	0	8.546987535981922
2018	10	14	0	0	9.708122637821116
2018	10	15	0	0	9.38517534229009
2018	10	16	0	0	9.077875451829993
2018	10	17	0	0	9.797141009415947
2018	10	18	0	0	10.375449716907129
2018	10	19	0	0	4.924273034051478
2018	10	20	0	0	4.074852426896656
2018	10	21	0	0	6.88899445590666
2018	10	22	0	0	4.106742125366451
2018	10	23	0	0	6.909865781108397
2018	10	24	0	0	7.787196524154523
2018	10	25	0	0	7.375360457241875
2018	10	26	0	0	6.271210847036323
2018	10	27	0	0	6.713063800381768
2018	10	28	0	0	7.3982295379749425
2018	10	29	0	0	6.3264090723105815
2018	10	30	0	0	6.815551598213916
2018	10	31	0	0	6.716678879459138
2018	11	1	0	0	6.838953820524842
2018	11	2	0	0	6.557735947276075
2018	11	3	0	0	5.72869760800766
2018	11	4	0	0	6.892483670401688
2018	11	5	0	0	2.0780753660428553
2018	11	6	0	0	6.54903502746789
2018	11	7	0	0	6.485273115545961
2018	11	8	0	0	2.7137393540028842
2018	11	9	0	0	4.730872506973543
2018	11	10	0	0	5.832300873406245
2018	11	11	0	0	5.551736352791453
2018	11	12	0	0	5.731508461892642
2018	11	13	0	0	4.846588819443847
2018	11	14	0	0	0.7998446032480224
2018	11	15	0	0	1.6948929308374023
2018	11	16	0	0	1.2797793963398219
2018	11	17	0	0	4.970535495676405
2018	11	18	0	0	3.4061740845285424
2018	11	19	0	0	3.9060629339166146
2018	11	20	0	0	1.9405411415103284
2018	11	21	0	0	4.0898892783099665
2018	11	22	0	0	3.078764228308994
2018	11	23	0	0	3.73672053895992
2018	11	24	0	0	1.2079369772809891
2018	11	25	0	0	4.062197208991259
2018	11	26	0	0	3.1647970492224338
2018	11	27	0	0	4.076860729686066
2018	11	28	0	0	3.360901905454459
2018	11	29	0	0	3.4907470809998147
2018	11	30	0	0	3.429277113848337
2018	12	1	0	0	4.19515813934812
2018	12	2	0	0	0.5376091388104786
2018	12	3	0	0	1.0881046748006584
2018	12	4	0	0	1.8134659668257336
2018	12	5	0	0	1.5010462362693024
2018	12	6	0	0	0.9017365864113102
2018	12	7	0	0	1.3043199785203123
2018	12	8	0	0	1.4559944606314559
2018	12	9	0	0	2.596646246774933
2018	12	10	0	0	2.4735316553607087
2018	12	11	0	0	3.69073976732896
2018	12	12	0	0	3.57795620880442
2018	12	13	0	0	1.9571470900463175
2018	12	14	0	0	1.130290630198966
2018	12	15	0	0	0.54740675827808
2018	12	16	0	0	0.3898848657021494
2018	12	17	0	0	1.5386041532591568
2018	12	18	0	0	1.2192214766896772
2018	12	19	0	0	0.7441731610167209
2018	12	20	0	0	1.965818569245627
2018	12	21	0	0	1.2966322406254935
2018	12	22	0	0	0.8540966631474933
2018	12	23	0	0	0.6653756978813667
2018	12	24	0	0	2.926477953154037
2018	12	25	0	0	3.084114260270999
2018	12	26	0	0	1.000764191350057
2018	12	27	0	0	1.527522904535547
2018	12	28	0	0	2.9586855357281205
2018	12	29	0	0	2.4446344707265713
2018	12	30	0	0	2.7036905072317867
2018	12	31	0	0	2.5549803962658606
2019	1	1	0	0	1.9022773439677398
2019	1	2	0	0	1.2822031955792907
2019	1	3	0	0	3.556464988000997
2019	1	4	0	0	2.6544462948741603
2019	1	5	0	0	3.110197648855959
2019	1	6	0	0	0.49976236485287606
2019	1	7	0	0	0.9828567629601468
2019	1	8	0	0	1.558100835275256
2019	1	9	0	0	1.5699299542231704
2019	1	10	0	0	4.270998395255858
2019	1	11	0	0	3.950515079670465
2019	1	12	0	0	3.7760825880565116
2019	1	13	0	0	2.5467656319836123
2019	1	14	0	0	1.0921323010413457
2019	1	15	0	0	0.9702216794943361
2019	1	16	0	0	1.2977265767326533
2019	1	17	0	0	1.4907942518988644
2019	1	18	0	0	1.2570700505808068
2019	1	19	0	0	2.558970818021304
2019	1	20	0	0	0.6127194993710461
2019	1	21	0	0	4.486222134889888
2019	1	22	0	0	5.0636652679088
2019	1	23	0	0	2.912100684577655
2019	1	24	0	0	4.150103909240972
2019	1	25	0	0	4.558105042710673
2019	1	26	0	0	4.876955865581965
2019	1	27	0	0	1.6849452807231264
2019	1	28	0	0	1.503815723870518
2019	1	29	0	0	1.7082327144677962
2019	1	30	0	0	3.917255679624557
2019	1	31	0	0	4.782004814033669
2019	2	1	0	0	2.258471368437365
2019	2	2	0	0	3.0914296755712214
2019	2	3	0	0	2.2234913803315783
2019	2	4	0	0	2.1636092341055497
2019	2	5	0	0	1.1686860974178461
2019	2	6	0	0	2.8667960486246713
2019	2	7	0	0	1.8716004432137667
2019	2	8	0	0	5.3725447796724835
2019	2	9	0	0	3.6705543677357153
2019	2	10	0	0	1.7968992958998404
2019	2	11	0	0	1.2682226487998334
2019	2	12	0	0	3.3957621269239135
2019	2	13	0	0	3.5105054222145604
2019	2	14	0	0	5.417570969508961
2019	2	15	0	0	6.92200372264645
2019	2	16	0	0	7.263018164593639
2019	2	17	0	0	5.5682162287513925
2019	2	18	0	0	5.880285979011371
2019	2	19	0	0	7.400891738488004
2019	2	20	0	0	7.754508302176621
2019	2	21	0	0	8.98349019294695
2019	2	22	0	0	8.255089142359374
2019	2	23	0	0	8.04351243013041
2019	2	24	0	0	7.976978935760034
2019	2	25	0	0	8.57131944272432
2019	2	26	0	0	8.587176243302597
2019	2	27	0	0	7.850611723295006
2019	2	28	0	0	5.320029291520459
2019	3	1	0	0	9.871035052374058
2019	3	2	0	0	8.788061457288201
2019	3	3	0	0	9.864220932745546
2019	3	4	0	0	7.225114695397129
2019	3	5	0	0	10.497846153396873
2019	3	6	0	0	10.81430435852764
2019	3	7	0	0	8.220777643532562
2019	3	8	0	0	8.176141828870092
2019	3	9	0	0	4.448223784904947
2019	3	10	0	0	10.475515732770663
2019	3	11	0	0	7.328824911816581
2019	3	12	0	0	7.7420426342190805
2019	3	13	0	0	12.101130850493263
2019	3	14	0	0	4.002971706377822
2019	3	15	0	0	6.142236323280862
2019	3	16	0	0	9.88807002797834
2019	3	17	0	0	13.068145052595678
2019	3	18	0	0	11.220997108332472
2019	3	19	0	0	9.30148969600512
2019	3	20	0	0	12.743228471824972
2019	3	21	0	0	9.947115814598785
2019	3	22	0	0	13.686463087919599
2019	3	23	0	0	13.433401629946829
2019	3	24	0	0	10.6877344661909
2019	3	25	0	0	14.4085959535877
2019	3	26	0	0	14.096489584375009
2019	3	27	0	0	10.203222629737613
2019	3	28	0	0	13.296024885694552
2019	3	29	0	0	9.735992956791907
2019	3	30	0	0	13.992954933051822
2019	3	31	0	0	17.422478152950816
2019	4	1	0	0	13.191270693379863
2019	4	2	0	0	6.404544843217971
2019	4	3	0	0	15.840093082427655
2019	4	4	0	0	19.08064349634381
2019	4	5	0	0	14.214713807991401
2019	4	6	0	0	13.418096001846365
2019	4	7	0	0	9.43129217376792
2019	4	8	0	0	15.336935597692195
2019	4	9	0	0	17.90015932367646
2019	4	10	0	0	16.398940914982287
2019	4	11	0	0	20.12682295539818
2019	4	12	0	0	22.882919024777966
2019	4	13	0	0	12.370245828356765
2019	4	14	0	0	14.73380384829889
2019	4	15	0	0	21.54860477697672
2019	4	16	0	0	21.92942859801267
2019	4	17	0	0	11.95202357202623
2019	4	18	0	0	13.664910772749371
2019	4	19	0	0	23.363474701332848
2019	4	20	0	0	21.482297349542584
2019	4	21	0	0	19.626505247152192
2019	4	22	0	0	16.69976455492374
2019	4	23	0	0	10.066387546200039
2019	4	24	0	0	20.086709886423275
2019	4	25	0	0	19.531662250515605
2019	4	26	0	0	17.762336870903052
2019	4	27	0	0	18.257954738450515
2019	4	28	0	0	8.981107215059001
2019	4	29	0	0	21.201165317253487
2019	4	30	0	0	19.826048143157013
2019	5	1	0	0	15.878111452674625
2019	5	2	0	0	14.9137430635925
2019	5	3	0	0	8.727691399278882
2019	5	4	0	0	12.077941285214495
2019	5	5	0	0	21.049359390112436
2019	5	6	0	0	15.358327377619855
2019	5	7	0	0	22.41748425353757
2019	5	8	0	0	22.741477398107453
2019	5	9	0	0	7.29715829316777
2019	5	10	0	0	23.849132320839026
2019	5	11	0	0	24.47794405193789
2019	5	12	0	0	20.89562246475408
2019	5	13	0	0	14.970909699387246
2019	5	14	0	0	20.804055303043672
2019	5	15	0	0	25.249899198626526
2019	5	16	0	0	12.329930256003793
2019	5	17	0	0	8.427800624924627
2019	5	18	0	0	19.41044747983692
2019	5	19	0	0	20.50891405809192
2019	5	20	0	0	20.22770762050962
2019	5	21	0	0	11.527725288741495
2019	5	22	0	0	26.102261918880085
2019	5	23	0	0	25.16177032037165
2019	5	24	0	0	20.912274621955213
2019	5	25	0	0	21.70015962403323
2019	5	26	0	0	20.916679162679053
2019	5	27	0	0	26.745562636053062
2019	5	28	0	0	24.59376304088861
2019	5	29	0	0	15.36439298686217
2019	5	30	0	0	21.365584209606244
2019	5	31	0	0	25.37344394937769
2019	6	1	0	0	24.296736414259122
2019	6	2	0	0	16.613644931134846
2019	6	3	0	0	16.26535098408695
2019	6	4	0	0	25.181366916869774
2019	6	5	0	0	29.573061448360264
2019	6	6	0	0	20.109906591570894
2019	6	7	0	0	14.790185301524486
2019	6	8	0	0	24.941227383058614
2019	6	9	0	0	27.545924886588693
2019	6	10	0	0	28.65484143996074
2019	6	11	0	0	27.080887273345702
2019	6	12	0	0	29.515912685000384
2019	6	13	0	0	12.668758672699383
2019	6	14	0	0	26.993991587797357
2019	6	15	0	0	11.677598974114185
2019	6	16	0	0	22.66571026843914
2019	6	17	0	0	29.58651885704239
2019	6	18	0	0	29.757115761064444
2019	6	19	0	0	29.062451421270836
2019	6	20	0	0	27.26121505406668
2019	6	21	0	0	29.97293429793698
2019	6	22	0	0	27.83836321001145
2019	6	23	0	0	12.144175590440362
2019	6	24	0	0	24.63333545546793
2019	6	25	0	0	26.805090064338003
2019	6	26	0	0	25.992275791487963
2019	6	27	0	0	26.017540115546335
2019	6	28	0	0	27.34998665936049
2019	6	29	0	0	24.660169007772012
2019	6	30	0	0	12.92289637946141
2019	7	1	0	0	19.94819876794616
2019	7	2	0	0	27.2999985388558
2019	7	3	0	0	27.385785828829093
2019	7	4	0	0	27.103033526464916
2019	7	5	0	0	26.75022731446211
2019	7	6	0	0	22.4795957621375
2019	7	7	0	0	13.936366827081159
2019	7	8	0	0	26.655075760598383
2019	7	9	0	0	26.174266124392886
2019	7	10	0	0	12.547229240751669
2019	7	11	0	0	26.941095291793566
2019	7	12	0	0	20.640331632614632
2019	7	13	0	0	3.64608126362363
2019	7	14	0	0	11.484091187865706
2019	7	15	0	0	25.8322629987212
2019	7	16	0	0	24.289902457159855
2019	7	17	0	0	18.817286597122838
2019	7	18	0	0	22.535818922142806
2019	7	19	0	0	24.223497952946634
2019	7	20	0	0	24.662537069560763
2019	7	21	0	0	20.054458687968346
2019	7	22	0	0	19.772633971551368
2019	7	23	0	0	24.09357122581807
2019	7	24	0	0	5.472813150813234
2019	7	25	0	0	16.13365128048773
2019	7	26	0	0	24.035300484571845
2019	7	27	0	0	24.101970262360418
2019	7	28	0	0	15.510345932862405
2019	7	29	0	0	17.317027440883496
2019	7	30	0	0	20.972802975440633
2019	7	31	0	0	13.590622038858422
2019	8	1	0	0	14.067691351760391
2019	8	2	0	0	24.019374497176113
2019	8	3	0	0	24.928224129803727
2019	8	4	0	0	22.534451346256333
2019	8	5	0	0	23.811918326269836
2019	8	6	0	0	21.855818970844442
2019	8	7	0	0	22.22395950336172
2019	8	8	0	0	22.177208184189066
2019	8	9	0	0	22.487732032627324
2019	8	10	0	0	13.845625126644615
2019	8	11	0	0	19.39365869999904
2019	8	12	0	0	17.40834585299687
2019	8	13	0	0	7.170022319894632
2019	8	14	0	0	20.366110184559066
2019	8	15	0	0	21.787306707286685
2019	8	16	0	0	15.389271295480137
2019	8	17	0	0	13.380933268705018
2019	8	18	0	0	13.414632266721686
2019	8	19	0	0	16.867134485040935
2019	8	20	0	0	11.831639354018755
2019	8	21	0	0	20.425089211088455
2019	8	22	0	0	18.38930970889221
2019	8	23	0	0	17.85889694040722
2019	8	24	0	0	17.477306223263973
2019	8	25	0	0	19.23671415636674
2019	8	26	0	0	20.291483306572445
2019	8	27	0	0	16.092723980319324
2019	8	28	0	0	5.914493516735963
2019	8	29	0	0	13.957013004226445
2019	8	30	0	0	18.24615657262964
2019	8	31	0	0	18.352815581494397
2019	9	1	0	0	19.39327201162463
2019	9	2	0	0	9.258717840269473
2019	9	3	0	0	19.787489034432223
2019	9	4	0	0	18.72097801917163
2019	9	5	0	0	14.266870868029681
2019	9	6	0	0	14.30686015099701
2019	9	7	0	0	10.866179257205012
2019	9	8	0	0	10.073176373444458
2019	9	9	0	0	8.66711360133818
2019	9	10	0	0	18.421159459214074
2019	9	11	0	0	5.892336316122037
2019	9	12	0	0	4.929137316378471
2019	9	13	0	0	14.621625350905537
2019	9	14	0	0	17.36280533020683
2019	9	15	0	0	15.52524978238514
2019	9	16	0	0	9.602558036513194
2019	9	17	0	0	12.322086357049978
2019	9	18	0	0	14.42902331656826
2019	9	19	0	0	15.282320027337677
2019	9	20	0	0	5.931396356768586
2019	9	21	0	0	8.446628443776358
2019	9	22	0	0	13.358671598080658
2019	9	23	0	0	14.539710989463725
2019	9	24	0	0	14.472777254247852
2019	9	25	0	0	14.512395175016403
2019	9	26	0	0	12.100578631692251
2019	9	27	0	0	9.398771230891363
2019	9	28	0	0	4.991985339169863
2019	9	29	0	0	4.380750520185699
2019	9	30	0	0	6.613887784568829
2019	10	1	0	0	13.36066210985564
2019	10	2	0	0	6.948619430732831
2019	10	3	0	0	11.280541897968279
2019	10	4	0	0	12.894415949058482
2019	10	5	0	0	11.606041825779688
2019	10	6	0	0	10.940321418610234
2019	10	7	0	0	11.228557315897499
2019	10	8	0	0	4.827271637626978
2019	10	9	0	0	4.396705007522463
2019	10	10	0	0	7.284148479002661
2019	10	11	0	0	6.296036961597308
2019	10	12	0	0	7.050004157159949
2019	10	13	0	0	6.58021646065183
2019	10	14	0	0	2.5119070904860905
2019	10	15	0	0	3.479728735616285
2019	10	16	0	0	9.46339353954242
2019	10	17	0	0	9.672950767195383
2019	10	18	0	0	3.28350918192315
2019	10	19	0	0	7.858443446766047
2019	10	20	0	0	9.879465610504974
2019	10	21	0	0	8.999567401091644
2019	10	22	0	0	7.754813078632062
2019	10	23	0	0	7.078901476610124
2019	10	24	0	0	4.481631709669757
2019	10	25	0	0	5.680996805130253
2019	10	26	0	0	7.012306585791346
2019	10	27	0	0	6.422448190869041
2019	10	28	0	0	6.387334408131555
2019	10	29	0	0	2.1485843802257873
2019	10	30	0	0	3.396969072764798
2019	10	31	0	0	1.8376688388583298
2019	11	1	0	0	5.025601731115147
2019	11	2	0	0	4.093145582627744
2019	11	3	0	0	1.6881058444324635
2019	11	4	0	0	7.529183497944579
2019	11	5	0	0	1.5269177455295762
2019	11	6	0	0	5.788232102735136
2019	11	7	0	0	4.850759534295935
2019	11	8	0	0	7.022107923634535
2019	11	9	0	0	5.79362804987476
2019	11	10	0	0	2.318151003538159
2019	11	11	0	0	2.2550984933811695
2019	11	12	0	0	6.010930506302223
2019	11	13	0	0	3.894199619696615
2019	11	14	0	0	5.213245763728325
2019	11	15	0	0	2.112400083993849
2019	11	16	0	0	1.4810131671466262
2019	11	17	0	0	5.851213675609209
2019	11	18	0	0	6.048916151363802
2019	11	19	0	0	5.716049186367562
2019	11	20	0	0	5.362950428927076
2019	11	21	0	0	1.7688416916850103
2019	11	22	0	0	2.32594191367973
2019	11	23	0	0	4.232749347258166
2019	11	24	0	0	3.820589764567909
2019	11	25	0	0	1.5510164692424977
2019	11	26	0	0	1.0342743362124076
2019	11	27	0	0	0.9931270923426384
2019	11	28	0	0	4.511757005884798
2019	11	29	0	0	4.61230802114892
2019	11	30	0	0	1.8532899677619359
2019	12	1	0	0	2.2805106084275764
2019	12	2	0	0	1.0126595525830129
2019	12	3	0	0	3.669428220336357
2019	12	4	0	0	4.842468558823153
2019	12	5	0	0	4.4590494585639115
2019	12	6	0	0	3.2931993725662636
2019	12	7	0	0	1.1083845337356875
2019	12	8	0	0	1.6410856001809826
2019	12	9	0	0	0.4797679294157654
2019	12	10	0	0	1.430601293041157
2019	12	11	0	0	3.1376539148462843
2019	12	12	0	0	2.491390422920647
2019	12	13	0	0	2.7427527878859013
2019	12	14	0	0	0.5208760454217849
2019	12	15	0	0	1.4117868970035263
2019	12	16	0	0	1.1174548823593287
2019	12	17	0	0	1.8483677172588646
2019	12	18	0	0	0.7804664719475113
2019	12	19	0	0	1.575737214821732
2019	12	20	0	0	2.8507046314688758
2019	12	21	0	0	1.9065993149278224
2019	12	22	0	0	0.8549275073722793
2019	12	23	0	0	0.5139444017027025
2019	12	24	0	0	0.6773932984446505
2019	12	25	0	0	2.3106919965444606
2019	12	26	0	0	3.8410315742839596
2019	12	27	0	0	2.7105361434428143
2019	12	28	0	0	1.1358190223315543
2019	12	29	0	0	3.2958835122534107
2019	12	30	0	0	2.494362277786147
2019	12	31	0	0	2.891739385486207
2020	1	1	0	0	1.6211743347902487
2020	1	2	0	0	2.2483527824965392
2020	1	3	0	0	1.5608946136608488
2020	1	4	0	0	2.769061191545169
2020	1	5	0	0	3.3319288779139193
2020	1	6	0	0	3.844678191240373
2020	1	7	0	0	4.501508374280097
2020	1	8	0	0	3.8054660920843713
2020	1	9	0	0	0.9343279288451694
2020	1	10	0	0	1.0668993286225767
2020	1	11	0	0	1.237686169129629
2020	1	12	0	0	2.0211622646701826
2020	1	13	0	0	1.7588276948057413
2020	1	14	0	0	1.1577847299220283
2020	1	15	0	0	1.4175637235706526
2020	1	16	0	0	0.4833930730247592
2020	1	17	0	0	0.9737019430998394
2020	1	18	0	0	0.9146663008617485
2020	1	19	0	0	4.978993014076608
2020	1	20	0	0	4.989305867567685
2020	1	21	0	0	1.7412583301150575
2020	1	22	0	0	2.4511528340363404
2020	1	23	0	0	1.8474835961735223
2020	1	24	0	0	4.405270679028806
2020	1	25	0	0	1.242824377772687
2020	1	26	0	0	5.710415973508674
2020	1	27	0	0	5.399035395338707
2020	1	28	0	0	3.837547110535456
2020	1	29	0	0	4.817082569372502
2020	1	30	0	0	4.166346971171078
2020	1	31	0	0	2.388103813188418
2020	2	1	0	0	2.1300295520212273
2020	2	2	0	0	2.733611640881979
2020	2	3	0	0	5.263417496618073
2020	2	4	0	0	3.478604666962599
2020	2	5	0	0	4.080920436510955
2020	2	6	0	0	5.181070427495004
2020	2	7	0	0	3.8937767463138906
2020	2	8	0	0	5.784601111651821
2020	2	9	0	0	5.817283976953732
2020	2	10	0	0	5.8693656663665426
2020	2	11	0	0	5.682845366608585
2020	2	12	0	0	2.25072311997833
2020	2	13	0	0	6.188643659340051
2020	2	14	0	0	3.293489251291216
2020	2	15	0	0	3.161202079872004
2020	2	16	0	0	10.113761825768218
2020	2	17	0	0	10.345855873198694
2020	2	18	0	0	10.078970914738887
2020	2	19	0	0	8.179080555070795
2020	2	20	0	0	7.412405046320092
2020	2	21	0	0	9.332333173423038
2020	2	22	0	0	2.1724784346728363
2020	2	23	0	0	6.85561805516103
2020	2	24	0	0	8.782610052514638
2020	2	25	0	0	2.845104485863597
2020	2	26	0	0	1.8753573131962562
2020	2	27	0	0	7.035689369959491
2020	2	28	0	0	2.113785359037363
2020	2	29	0	0	3.351239456084896
2020	3	1	0	0	1.409833332176492
2020	3	2	0	0	3.8136108428322313
2020	3	3	0	0	2.990396828227747
2020	3	4	0	0	3.280512803225801
2020	3	5	0	0	6.551512706533875
2020	3	6	0	0	5.921323897213057
2020	3	7	0	0	4.562311466905801
2020	3	8	0	0	8.914166289578448
2020	3	9	0	0	8.241110978136026
2020	3	10	0	0	9.341609586060356
2020	3	11	0	0	6.170936493781446
2020	3	12	0	0	10.236644172627726
2020	3	13	0	0	6.6340949199192325
2020	3	14	0	0	11.177466635864134
2020	3	15	0	0	10.392721409408026
2020	3	16	0	0	12.17788062768536
2020	3	17	0	0	12.072784050424742
2020	3	18	0	0	7.712103035983346
2020	3	19	0	0	12.255909145250918
2020	3	20	0	0	14.173601422492945
2020	3	21	0	0	14.123934473153586
2020	3	22	0	0	5.546998819366491
2020	3	23	0	0	14.146095497548492
2020	3	24	0	0	10.640656635373785
2020	3	25	0	0	12.047379834208636
2020	3	26	0	0	5.820535030708397
2020	3	27	0	0	16.477385309606706
2020	3	28	0	0	12.726069913578414
2020	3	29	0	0	13.805422967643034
2020	3	30	0	0	15.647861103999519
2020	3	31	0	0	9.92093226353833
2020	4	1	0	0	13.590980025039649
2020	4	2	0	0	8.98382766046271
2020	4	3	0	0	14.342417463411476
2020	4	4	0	0	14.591505076585804
2020	4	5	0	0	15.055761316311475
2020	4	6	0	0	8.969358647644128
2020	4	7	0	0	8.528399791437119
2020	4	8	0	0	7.144353180599551
2020	4	9	0	0	2.544783445659404
2020	4	10	0	0	17.092389181971196
2020	4	11	0	0	4.683183926902454
2020	4	12	0	0	12.581791279899582
2020	4	13	0	0	10.370785986989512
2020	4	14	0	0	18.060678951542638
2020	4	15	0	0	19.94133130304605
2020	4	16	0	0	10.620177730325741
2020	4	17	0	0	13.703254028895628
2020	4	18	0	0	10.717511679712628
2020	4	19	0	0	17.36583873398447
2020	4	20	0	0	20.62556707243104
2020	4	21	0	0	15.654923056391645
2020	4	22	0	0	18.726964634464704
2020	4	23	0	0	6.381885351619591
2020	4	24	0	0	20.048596542013538
2020	4	25	0	0	16.332999445868516
2020	4	26	0	0	16.739727068872313
2020	4	27	0	0	12.91584457622448
2020	4	28	0	0	12.170327991440026
2020	4	29	0	0	12.36991819931951
2020	4	30	0	0	17.51335507792558
2020	5	1	0	0	21.20745760601809
2020	5	2	0	0	22.383237231873103
2020	5	3	0	0	21.554215611181373
2020	5	4	0	0	9.70589385265922
2020	5	5	0	0	15.414384071869057
2020	5	6	0	0	8.550074620697082
2020	5	7	0	0	7.339981939573648
2020	5	8	0	0	12.718027539527043
2020	5	9	0	0	11.414110430997619
2020	5	10	0	0	8.002952487902075
2020	5	11	0	0	10.549270474304343
2020	5	12	0	0	6.623450964663031
2020	5	13	0	0	16.183846826840277
2020	5	14	0	0	23.482007763305468
2020	5	15	0	0	9.359292887102335
2020	5	16	0	0	8.178563664243358
2020	5	17	0	0	22.70159807269145
2020	5	18	0	0	14.867117715623298
2020	5	19	0	0	20.968803501277105
2020	5	20	0	0	26.609007649107774
2020	5	21	0	0	22.526124245887942
2020	5	22	0	0	26.945263596816172
2020	5	23	0	0	26.085521700069066
2020	5	24	0	0	25.502180479055397
2020	5	25	0	0	21.11949541853715
2020	5	26	0	0	18.298131503791478
2020	5	27	0	0	22.303414933842934
2020	5	28	0	0	19.79718151297539
2020	5	29	0	0	26.748419330366268
2020	5	30	0	0	26.924863869369823
2020	5	31	0	0	28.077190587499537
2020	6	1	0	0	16.01744032238233
2020	6	2	0	0	26.49539075751455
2020	6	3	0	0	27.125040374264476
2020	6	4	0	0	28.437131589477463
2020	6	5	0	0	21.794976783484994
2020	6	6	0	0	30.192807799859562
2020	6	7	0	0	25.31825027984434
2020	6	8	0	0	11.401497252907978
2020	6	9	0	0	18.615359138929602
2020	6	10	0	0	28.226655859278125
2020	6	11	0	0	25.606887416086725
2020	6	12	0	0	28.55742942282267
2020	6	13	0	0	30.240294084673835
2020	6	14	0	0	29.275796691876128
2020	6	15	0	0	26.979257548670024
2020	6	16	0	0	29.51995392192479
2020	6	17	0	0	27.030125071128673
2020	6	18	0	0	9.22181471187601
2020	6	19	0	0	10.894491965907475
2020	6	20	0	0	15.411236126095787
2020	6	21	0	0	26.645108873810745
2020	6	22	0	0	12.688310733734218
2020	6	23	0	0	16.127438487709593
2020	6	24	0	0	24.78193797693534
2020	6	25	0	0	29.607397287749716
2020	6	26	0	0	27.858499530876635
2020	6	27	0	0	16.431729421069267
2020	6	28	0	0	14.816288459173421
2020	6	29	0	0	19.082087509328264
2020	6	30	0	0	27.80757065008008
2020	7	1	0	0	20.387760662822227
2020	7	2	0	0	26.634177648683423
2020	7	3	0	0	24.835539649096543
2020	7	4	0	0	17.438504793634543
2020	7	5	0	0	25.72285195400864
2020	7	6	0	0	6.881959777658653
2020	7	7	0	0	12.910871798170474
2020	7	8	0	0	26.91848060740976
2020	7	9	0	0	26.287859887249653
2020	7	10	0	0	20.706577507656547
2020	7	11	0	0	24.513342247227975
2020	7	12	0	0	17.971634702659394
2020	7	13	0	0	24.46900956037596
2020	7	14	0	0	25.584918812929043
2020	7	15	0	0	20.33800589474562
2020	7	16	0	0	24.129996947671046
2020	7	17	0	0	18.70067376703855
2020	7	18	0	0	23.216353828703284
2020	7	19	0	0	15.865093367248289
2020	7	20	0	0	23.469009933002745
2020	7	21	0	0	18.83234986656722
2020	7	22	0	0	20.360715415823496
2020	7	23	0	0	11.961541831092825
2020	7	24	0	0	18.295488575825043
2020	7	25	0	0	23.889154545157307
2020	7	26	0	0	9.48461351510566
2020	7	27	0	0	22.66330322563877
2020	7	28	0	0	22.685638498378214
2020	7	29	0	0	23.950351291831545
2020	7	30	0	0	24.51567427228011
2020	7	31	0	0	24.29630316190927
2020	8	1	0	0	23.615662835410216
2020	8	2	0	0	15.83507486927581
2020	8	3	0	0	18.800481562565846
2020	8	4	0	0	18.6522888083902
2020	8	5	0	0	23.92441304548142
2020	8	6	0	0	22.566340147626605
2020	8	7	0	0	23.17279926510936
2020	8	8	0	0	22.496545400549557
2020	8	9	0	0	24.17232079412934
2020	8	10	0	0	14.342047673678266
2020	8	11	0	0	16.220164533538522
2020	8	12	0	0	20.302825095491617
2020	8	13	0	0	19.684516167876904
2020	8	14	0	0	18.2198461314905
2020	8	15	0	0	13.293841996359534
2020	8	16	0	0	17.179358042088463
2020	8	17	0	0	20.460707160849417
2020	8	18	0	0	12.466382603500744
2020	8	19	0	0	15.76715930955101
2020	8	20	0	0	14.220892638528627
2020	8	21	0	0	14.144925702830976
2020	8	22	0	0	6.280750462573899
2020	8	23	0	0	13.46129977430736
2020	8	24	0	0	6.723019330269814
2020	8	25	0	0	18.263373260258447
2020	8	26	0	0	15.608245652181472
2020	8	27	0	0	18.459034615431705
2020	8	28	0	0	3.421900368161384
2020	8	29	0	0	3.862823738705672
2020	8	30	0	0	11.048773126272595
2020	8	31	0	0	16.09148235736201
2020	9	1	0	0	18.02604993653903
2020	9	2	0	0	18.630228457613978
2020	9	3	0	0	19.68573434829391
2020	9	4	0	0	18.549169567428756
2020	9	5	0	0	18.009114431579103
2020	9	6	0	0	16.07050075212095
2020	9	7	0	0	13.574822964253519
2020	9	8	0	0	14.676239501441854
2020	9	9	0	0	17.43186498810866
2020	9	10	0	0	16.43304588252696
2020	9	11	0	0	16.64463634741751
2020	9	12	0	0	16.091314930442277
2020	9	13	0	0	16.445810517678893
2020	9	14	0	0	18.545751314495625
2020	9	15	0	0	18.36003595066589
2020	9	16	0	0	12.771231100074258
2020	9	17	0	0	12.003156465062544
2020	9	18	0	0	12.87616741162203
2020	9	19	0	0	15.177409536146948
2020	9	20	0	0	12.184092162181756
2020	9	21	0	0	12.290873831495022
2020	9	22	0	0	8.078216973173047
2020	9	23	0	0	8.963352688210733
2020	9	24	0	0	13.389299250884267
2020	9	25	0	0	13.179850485442964
2020	9	26	0	0	6.198563323454401
2020	9	27	0	0	13.436739253755071
2020	9	28	0	0	6.1088713247780095
2020	9	29	0	0	13.485720489279984
2020	9	30	0	0	12.476915023410864
2020	10	1	0	0	8.209563975387315
2020	10	2	0	0	9.966408920218456
2020	10	3	0	0	4.936319710799265
2020	10	4	0	0	6.862726269244019
2020	10	5	0	0	7.898393260679726
2020	10	6	0	0	11.664731188129421
2020	10	7	0	0	1.08086124251719
2020	10	8	0	0	2.311623325726788
2020	10	9	0	0	11.936313499092684
2020	10	10	0	0	1.841883492762366
2020	10	11	0	0	11.120776511494812
2020	10	12	0	0	9.471518525660025
2020	10	13	0	0	10.094864014008662
2020	10	14	0	0	7.989684676566065
2020	10	15	0	0	9.662327602829482
2020	10	16	0	0	10.258732223632743
2020	10	17	0	0	7.0844291562069905
2020	10	18	0	0	2.2250364817163764
2020	10	19	0	0	6.946437034952292
2020	10	20	0	0	9.33975619291325
2020	10	21	0	0	8.872752263055178
2020	10	22	0	0	8.05212800802095
2020	10	23	0	0	4.6053126248218765
2020	10	24	0	0	6.876432636060304
2020	10	25	0	0	8.128137755038678
2020	10	26	0	0	3.037857960673492
2020	10	27	0	0	6.250038423966331
2020	10	28	0	0	7.618312347735168
2020	10	29	0	0	3.130690637840547
2020	10	30	0	0	0.7233829821406529
2020	10	31	0	0	2.228973431354133
2020	11	1	0	0	5.688751806126924
2020	11	2	0	0	1.9288918767855832
2020	11	3	0	0	5.401031910336936
2020	11	4	0	0	1.3996360557085912
2020	11	5	0	0	3.8190166107391734
2020	11	6	0	0	4.508193557493423
2020	11	7	0	0	6.556923234968541
2020	11	8	0	0	5.44028822230599
2020	11	9	0	0	5.905837153947209
2020	11	10	0	0	4.4377411798708595
2020	11	11	0	0	4.724703712367837
2020	11	12	0	0	5.4944017997188
2020	11	13	0	0	5.89995899126655
2020	11	14	0	0	2.1093322231230656
2020	11	15	0	0	4.918749266805034
2020	11	16	0	0	4.420980403287603
2020	11	17	0	0	4.818001519118956
2020	11	18	0	0	5.367465451510208
2020	11	19	0	0	3.145073171322692
2020	11	20	0	0	3.1395237775950187
2020	11	21	0	0	4.913510186475436
2020	11	22	0	0	4.983130270184625
2020	11	23	0	0	4.353966138663403
2020	11	24	0	0	2.649532989459001
2020	11	25	0	0	3.4701431934901366
2020	11	26	0	0	3.3064043315225184
2020	11	27	0	0	4.505266167038406
2020	11	28	0	0	4.580115495829946
2020	11	29	0	0	4.68645396866282
2020	11	30	0	0	4.383601328421288
2020	12	1	0	0	0.7329975826999044
2020	12	2	0	0	4.765518434797905
2020	12	3	0	0	1.5063673890393678
2020	12	4	0	0	2.8445855236083046
2020	12	5	0	0	0.6318517007915873
2020	12	6	0	0	1.7163078390560564
2020	12	7	0	0	1.225210807124211
2020	12	8	0	0	1.7951955264445134
2020	12	9	0	0	1.3573413660972355
2020	12	10	0	0	1.0885297385566368
2020	12	11	0	0	1.8402114606933426
2020	12	12	0	0	1.263176850087026
2020	12	13	0	0	2.199750466536703
2020	12	14	0	0	1.9355630387789782
2020	12	15	0	0	1.9659624465171341
2020	12	16	0	0	2.5477968605541497
2020	12	17	0	0	1.8589514071219775
2020	12	18	0	0	2.0117668078493396
2020	12	19	0	0	1.7565745814771156
2020	12	20	0	0	2.1861414752327573
2020	12	21	0	0	1.7578343584079166
2020	12	22	0	0	1.4800761823252837
2020	12	23	0	0	0.7555264603597306
2020	12	24	0	0	1.7874516924357642
2020	12	25	0	0	3.9625224150533436
2020	12	26	0	0	2.355842707375159
2020	12	27	0	0	3.462655710725194
2020	12	28	0	0	1.0522397986445406
2020	12	29	0	0	1.712350336807725
2020	12	30	0	0	2.7674187647082538
2020	12	31	0	0	3.269412792312437
2021	1	1	0	0	3.6523237545814378
2021	1	2	0	0	4.600551680664146
2021	1	3	0	0	5.040790707053618
2021	1	4	0	0	3.4188408217112864
2021	1	5	0	0	3.622955708635094
2021	1	6	0	0	3.1454725515177056
2021	1	7	0	0	3.1970353510895873
2021	1	8	0	0	3.3935728032171593
2021	1	9	0	0	3.7338962089553602
2021	1	10	0	0	2.878224162120176
2021	1	11	0	0	0.9031862382536622
2021	1	12	0	0	4.429419585227047
2021	1	13	0	0	0.8898920728844631
2021	1	14	0	0	0.4817716356448111
2021	1	15	0	0	4.63746836513355
2021	1	16	0	0	2.5479191362091473
2021	1	17	0	0	3.325321275458789
2021	1	18	0	0	5.198687174375088
2021	1	19	0	0	3.1317154147999906
2021	1	20	0	0	4.7622997852750855
2021	1	21	0	0	5.745603139724937
2021	1	22	0	0	4.933616840507768
2021	1	23	0	0	4.41270139981699
2021	1	24	0	0	6.156754957287907
2021	1	25	0	0	3.3319288779139193
2021	1	26	0	0	5.190438705284705
2021	1	27	0	0	3.8571592921327356
2021	1	28	0	0	1.9480683037973878
2021	1	29	0	0	5.2418268412101945
2021	1	30	0	0	1.6233016504734663
2021	1	31	0	0	1.24356000819672
2021	2	1	0	0	6.8248276961925605
2021	2	2	0	0	6.795996599896558
2021	2	3	0	0	1.7498443199787128
2021	2	4	0	0	1.4776279006244026
2021	2	5	0	0	6.26183960288248
2021	2	6	0	0	1.6657880184008669
2021	2	7	0	0	5.240435745801995
2021	2	8	0	0	6.1823695845035385
2021	2	9	0	0	6.052253237458716
2021	2	10	0	0	5.9216370192021515
2021	2	11	0	0	2.9478954682141723
2021	2	12	0	0	1.7885306239732572
2021	2	13	0	0	9.076062271194491
2021	2	14	0	0	7.2801108845579625
2021	2	15	0	0	2.5310310129444673
2021	2	16	0	0	2.6798645208788985
2021	2	17	0	0	7.061949261829901
2021	2	18	0	0	4.591902931007937
2021	2	19	0	0	3.3664344372111743
2021	2	20	0	0	2.139775888365772
2021	2	21	0	0	1.75823189782469
2021	2	22	0	0	4.425561863863243
2021	2	23	0	0	3.6024829801771014
2021	2	24	0	0	2.997735605443089
2021	2	25	0	0	8.571327627451504
2021	2	26	0	0	11.452467042359942
2021	2	27	0	0	11.40926673484567
2021	2	28	0	0	3.3535774971863197
2021	3	1	0	0	6.832359398819172
2021	3	2	0	0	9.419098829119891
2021	3	3	0	0	12.379198046590282
2021	3	4	0	0	12.577635769822907
2021	3	5	0	0	6.044672293562448
2021	3	6	0	0	9.501139347090307
2021	3	7	0	0	13.564659427347053
2021	3	8	0	0	14.473210552585488
2021	3	9	0	0	5.655573627798287
2021	3	10	0	0	12.437980142225385
2021	3	11	0	0	4.64486115789087
2021	3	12	0	0	6.545608421528661
2021	3	13	0	0	7.992174038167018
2021	3	14	0	0	13.236417724551062
2021	3	15	0	0	14.269772052099015
2021	3	16	0	0	12.95986617252533
2021	3	17	0	0	13.809409230976474
2021	3	18	0	0	14.843504284252134
2021	3	19	0	0	14.942290519747125
2021	3	20	0	0	15.680964499359355
2021	3	21	0	0	17.393503572047003
2021	3	22	0	0	14.765988141464632
2021	3	23	0	0	13.962924068433324
2021	3	24	0	0	5.653915634267488
2021	3	25	0	0	15.948155487789967
2021	3	26	0	0	15.400934407018052
2021	3	27	0	0	17.031767750050033
2021	3	28	0	0	13.572597780128017
2021	3	29	0	0	5.814225996720498
2021	3	30	0	0	17.936672254593557
2021	3	31	0	0	8.890382101662663
2021	4	1	0	0	10.110196886652663
2021	4	2	0	0	7.974899318524975
2021	4	3	0	0	10.591496263687334
2021	4	4	0	0	8.224045620624029
2021	4	5	0	0	11.66717693764803
2021	4	6	0	0	9.962657993332972
2021	4	7	0	0	8.990006842855989
2021	4	8	0	0	16.504465768056345
2021	4	9	0	0	17.046326551952074
2021	4	10	0	0	14.959410908091698
2021	4	11	0	0	19.702304493314806
2021	4	12	0	0	2.462925230029236
2021	4	13	0	0	13.541302283819126
2021	4	14	0	0	4.774523380031214
2021	4	15	0	0	5.932724396672385
2021	4	16	0	0	16.813268317382434
2021	4	17	0	0	15.884303250980507
2021	4	18	0	0	15.068967442902231
2021	4	19	0	0	18.687761292494706
2021	4	20	0	0	14.545607378797875
2021	4	21	0	0	7.40661563506392
2021	4	22	0	0	1.8680031637093384
2021	4	23	0	0	22.78556270234928
2021	4	24	0	0	15.502388000479778
2021	4	25	0	0	15.293998304595533
2021	4	26	0	0	20.052724491649787
2021	4	27	0	0	9.11553761754625
2021	4	28	0	0	18.524243361339305
2021	4	29	0	0	21.815587862034366
2021	4	30	0	0	19.7661077204171
2021	5	1	0	0	15.761561249697124
2021	5	2	0	0	15.9553986906401
2021	5	3	0	0	19.770135367678964
2021	5	4	0	0	20.30904132369886
2021	5	5	0	0	16.8397849855347
2021	5	6	0	0	4.316812014730133
2021	5	7	0	0	21.991283260141593
2021	5	8	0	0	21.43034701189252
2021	5	9	0	0	23.72574585909675
2021	5	10	0	0	13.025221506469354
2021	5	11	0	0	22.752769594068837
2021	5	12	0	0	11.018021430693226
2021	5	13	0	0	9.75242047498871
2021	5	14	0	0	11.027622026585895
2021	5	15	0	0	10.980815843276554
2021	5	16	0	0	6.3788472183916145
2021	5	17	0	0	14.027831077346613
2021	5	18	0	0	24.222897474583736
2021	5	19	0	0	6.675701198616634
2021	5	20	0	0	15.641106593209315
2021	5	21	0	0	18.06326110641747
2021	5	22	0	0	24.609479826409146
2021	5	23	0	0	11.73507716108356
2021	5	24	0	0	25.792655769982456
2021	5	25	0	0	27.22019065297186
2021	5	26	0	0	27.46261066901452
2021	5	27	0	0	24.575327421168936
2021	5	28	0	0	18.67713287209013
2021	5	29	0	0	26.95036505051926
2021	5	30	0	0	13.29561943503509
2021	5	31	0	0	14.642205282358935
2021	6	1	0	0	6.531564998980434
2021	6	2	0	0	16.716693929811175
2021	6	3	0	0	15.085591792309497
2021	6	4	0	0	21.3752071963944
2021	6	5	0	0	7.020958991543286
2021	6	6	0	0	19.63019565393607
2021	6	7	0	0	11.197069383796102
2021	6	8	0	0	29.719841228163073
2021	6	9	0	0	13.194604631516084
2021	6	10	0	0	16.636650973339332
2021	6	11	0	0	15.689168175360845
2021	6	12	0	0	28.740629547207533
2021	6	13	0	0	12.483075763556439
2021	6	14	0	0	6.004618268170297
2021	6	15	0	0	27.422775047798496
2021	6	16	0	0	30.287785010651948
2021	6	17	0	0	5.182793773447331
2021	6	18	0	0	16.77990367045702
2021	6	19	0	0	29.968292159713556
2021	6	20	0	0	18.40308208101933
2021	6	21	0	0	27.62463615634345
2021	6	22	0	0	16.30090517567311
2021	6	23	0	0	27.462835546338994
2021	6	24	0	0	29.73233615813427
2021	6	25	0	0	29.910441351804714
2021	6	26	0	0	29.389917538424765
2021	6	27	0	0	28.49596580133078
2021	6	28	0	0	27.294865207684445
2021	6	29	0	0	26.82215348403819
2021	6	30	0	0	24.970183629042616
2021	7	1	0	0	24.571646179829596
2021	7	2	0	0	25.257565075543777
2021	7	3	0	0	23.32864793064387
2021	7	4	0	0	25.357267417926817
2021	7	5	0	0	26.44573105542603
2021	7	6	0	0	14.675244706239381
2021	7	7	0	0	24.578641445857432
2021	7	8	0	0	25.922303996745942
2021	7	9	0	0	25.449654765918503
2021	7	10	0	0	24.312380080370144
2021	7	11	0	0	24.845000354932118
2021	7	12	0	0	26.70619771539625
2021	7	13	0	0	26.06715314020515
2021	7	14	0	0	27.514678770651773
2021	7	15	0	0	20.21936172316157
2021	7	16	0	0	22.898329287913526
2021	7	17	0	0	10.569485520682619
2021	7	18	0	0	12.761950174002461
2021	7	19	0	0	22.521303242968322
2021	7	20	0	0	15.63966503655794
2021	7	21	0	0	22.011091338879705
2021	7	22	0	0	17.0799322109163
2021	7	23	0	0	12.786210160058104
2021	7	24	0	0	8.27914419407682
2021	7	25	0	0	2.178236163432062
2021	7	26	0	0	8.958678973329544
2021	7	27	0	0	24.784487074154967
2021	7	28	0	0	12.015885797401104
2021	7	29	0	0	20.833328971369845
2021	7	30	0	0	23.67469733671296
2021	7	31	0	0	21.02711390866224
2021	8	1	0	0	15.681278548980663
2021	8	2	0	0	19.412076289722567
2021	8	3	0	0	6.815858571348065
2021	8	4	0	0	8.44779242626388
2021	8	5	0	0	20.955609874825978
2021	8	6	0	0	16.857228171627764
2021	8	7	0	0	17.22550232897957
2021	8	8	0	0	18.54862515305283
2021	8	9	0	0	15.64885873833797
2021	8	10	0	0	15.433107244616878
2021	8	11	0	0	22.241346600806583
2021	8	12	0	0	22.117060388052753
2021	8	13	0	0	19.437822604662994
2021	8	14	0	0	14.485262761085558
2021	8	15	0	0	21.776707208438843
2021	8	16	0	0	20.84499680078503
2021	8	17	0	0	19.766560042543137
2021	8	18	0	0	18.29110213286545
2021	8	19	0	0	9.178592047139693
2021	8	20	0	0	13.323067506921687
2021	8	21	0	0	19.671252639598396
2021	8	22	0	0	16.516079840890484
2021	8	23	0	0	8.540761484020882
2021	8	24	0	0	14.289438125761345
2021	8	25	0	0	7.7162865046517
2021	8	26	0	0	9.667308441081083
2021	8	27	0	0	11.530466994569442
2021	8	28	0	0	6.091161119782626
2021	8	29	0	0	13.446761730953819
2021	8	30	0	0	17.03560585685069
2021	8	31	0	0	5.824205254362604
2021	9	1	0	0	16.8439738727012
2021	9	2	0	0	12.951991888828273
2021	9	3	0	0	17.48247241244682
2021	9	4	0	0	13.638812740487193
2021	9	5	0	0	17.964457309014392
2021	9	6	0	0	13.924425030086304
2021	9	7	0	0	3.5340876359370115
2021	9	8	0	0	10.75233641508311
2021	9	9	0	0	15.684224747354008
2021	9	10	0	0	15.425694899943954
2021	9	11	0	0	14.119004824539466
2021	9	12	0	0	12.318543638567743
2021	9	13	0	0	3.0592617176693033
2021	9	14	0	0	12.122317765348964
2021	9	15	0	0	17.12042785705804
2021	9	16	0	0	15.215699340731463
2021	9	17	0	0	15.373702082968908
2021	9	18	0	0	15.25596563992182
2021	9	19	0	0	14.391898692813994
2021	9	20	0	0	14.897142146310799
2021	9	21	0	0	14.955914904212937
2021	9	22	0	0	13.31138313703227
2021	9	23	0	0	16.505539973735992
2021	9	24	0	0	4.516862445212843
2021	9	25	0	0	6.664891462532046
2021	9	26	0	0	2.3882296074361897
2021	9	27	0	0	13.090449320392207
2021	9	28	0	0	12.917019350934059
2021	9	29	0	0	5.1078439100270225
2021	9	30	0	0	4.474002295730856
2021	10	1	0	0	10.396824826570734
2021	10	2	0	0	11.292847515490724
2021	10	3	0	0	10.002522088719275
2021	10	4	0	0	6.207558567360642
2021	10	5	0	0	5.757815847690764
2021	10	6	0	0	6.056329635328562
2021	10	7	0	0	2.5935372248496886
2021	10	8	0	0	11.513250818792814
2021	10	9	0	0	6.811649585220992
2021	10	10	0	0	10.674124317002391
2021	10	11	0	0	7.885210969753633
2021	10	12	0	0	5.940648122797219
2021	10	13	0	0	8.075113758689353
2021	10	14	0	0	9.392170076739072
2021	10	15	0	0	10.043323109136864
2021	10	16	0	0	7.0462245485581265
2021	10	17	0	0	9.88890760645917
2021	10	18	0	0	5.454267973438917
2021	10	19	0	0	8.531237080960913
2021	10	20	0	0	9.145876479064043
2021	10	21	0	0	8.759457607560336
2021	10	22	0	0	5.077320785987308
2021	10	23	0	0	8.81978601650668
2021	10	24	0	0	3.8782102126249476
2021	10	25	0	0	6.026165483702244
2021	10	26	0	0	7.080955735361979
2021	10	27	0	0	6.627993064505355
2021	10	28	0	0	2.5050915288208166
2021	10	29	0	0	4.623163612532401
2021	10	30	0	0	7.040932034610517
2021	10	31	0	0	1.4548723819900908
2021	11	1	0	0	3.7930289050845536
2021	11	2	0	0	7.400899384220417
2021	11	3	0	0	1.0963334706794614
2021	11	4	0	0	2.984427477696384
2021	11	5	0	0	6.21799585488733
2021	11	6	0	0	6.5440452685504695
2021	11	7	0	0	5.842356721019161
2021	11	8	0	0	1.6009157462134982
2021	11	9	0	0	2.209529897409764
2021	11	10	0	0	6.444370197396988
2021	11	11	0	0	6.648988014767286
2021	11	12	0	0	5.386941068334298
2021	11	13	0	0	4.593179290849419
2021	11	14	0	0	2.6725672891654706
2021	11	15	0	0	4.7124029313859594
2021	11	16	0	0	4.601492795000481
2021	11	17	0	0	4.781807422590139
2021	11	18	0	0	5.592746751751272
2021	11	19	0	0	0.7978449148894933
2021	11	20	0	0	4.248273254875189
2021	11	21	0	0	4.094705915896482
2021	11	22	0	0	4.253698020886272
2021	11	23	0	0	4.752591538234867
2021	11	24	0	0	4.847482008821265
2021	11	25	0	0	5.083248612363371
2021	11	26	0	0	5.110265793296456
2021	11	27	0	0	4.88521599769601
2021	11	28	0	0	4.793486964386516
2021	11	29	0	0	2.1765673665321894
2021	11	30	0	0	1.746013458590689
2021	12	1	0	0	1.0170024811675717
2021	12	2	0	0	1.151711433473161
2021	12	3	0	0	4.092337306856066
2021	12	4	0	0	2.8272077902154935
2021	12	5	0	0	3.8916032868387993
2021	12	6	0	0	2.8027357918524056
2021	12	7	0	0	4.042189293121789
2021	12	8	0	0	1.764225873285975
2021	12	9	0	0	2.3337382924860424
2021	12	10	0	0	3.833505725717506
2021	12	11	0	0	0.8112465364142128
2021	12	12	0	0	1.8433340194850958
2021	12	13	0	0	3.0997887116138383
2021	12	14	0	0	1.2354482743725688
2021	12	15	0	0	0.9174707560630251
2021	12	16	0	0	1.4398447945465211
2021	12	17	0	0	1.8394308691617716
2021	12	18	0	0	3.1948498795227467
2021	12	19	0	0	0.992589413219352
2021	12	20	0	0	2.1836668990805226
2021	12	21	0	0	1.2213296831755382
2021	12	22	0	0	0.40177978118186
2021	12	23	0	0	0.4547311138937097
2021	12	24	0	0	2.2327236500793894
2021	12	25	0	0	1.8960768555185117
2021	12	26	0	0	1.8706694210380972
2021	12	27	0	0	2.231313355232663
2021	12	28	0	0	0.678903310823383
2021	12	29	0	0	1.3891141984860433
2021	12	30	0	0	1.8208332429420846
2021	12	31	0	0	1.7603557446543523
