YYYY	MM	DD	hh	mm	PET	R_R0
2010	1	1	0	0	0.032027416999999996	0
2010	1	2	0	0	0.527133245	0
2010	1	3	0	0	0.361301961	0
2010	1	4	0	0	0.24544598099999998	0
2010	1	5	0	0	0.051894784	0
2010	1	6	0	0	0.049590286	0
2010	1	7	0	0	0.23458702900000003	0
2010	1	8	0	0	0.09661551099999999	0
2010	1	9	0	0	0.028479809	0
2010	1	10	0	0	0.10684595899999999	0
2010	1	11	0	0	0.16036284199999998	0
2010	1	12	0	0	0.18033032599999999	0
2010	1	13	0	0	0.07889515799999999	0
2010	1	14	0	0	0.095699267	0
2010	1	15	0	0	0.138919616	0
2010	1	16	0	0	0.16973893299999998	0
2010	1	17	0	0	0.37978457599999993	0
2010	1	18	0	0	0.286117303	0
2010	1	19	0	0	0.046413395	0
2010	1	20	0	0	0.05101115899999999	0
2010	1	21	0	0	0.40771951199999995	0
2010	1	22	0	0	0.16718016800000002	0
2010	1	23	0	0	0.231465206	0
2010	1	24	0	0	0.142476016	0
2010	1	25	0	0	0.126878245	0
2010	1	26	0	0	0.24527408900000003	0
2010	1	27	0	0	0.22112117599999995	0
2010	1	28	0	0	0.168386929	0
2010	1	29	0	0	0.3444015349999999	0
2010	1	30	0	0	0.5844678690000001	0
2010	1	31	0	0	0.12971701	0
2010	2	1	0	0	0.387213357	0
2010	2	2	0	0	0.860246755	0
2010	2	3	0	0	0.6597776730000001	0
2010	2	4	0	0	0.573856171	0
2010	2	5	0	0	0.05112268700000001	0
2010	2	6	0	0	0.14766436900000002	0
2010	2	7	0	0	0.100564014	0
2010	2	8	0	0	0.210376324	0
2010	2	9	0	0	0.459936451	0
2010	2	10	0	0	0.22398366900000005	0
2010	2	11	0	0	0.218087263	0
2010	2	12	0	0	0.255920257	0
2010	2	13	0	0	0.36172845300000006	0
2010	2	14	0	0	0.23603004700000002	0
2010	2	15	0	0	0.5034532060000001	0
2010	2	16	0	0	0.66086995	0
2010	2	17	0	0	0.392004409	0
2010	2	18	0	0	0.440263608	0
2010	2	19	0	0	0.20214933999999996	0
2010	2	20	0	0	1.1577019039999998	0
2010	2	21	0	0	1.154242448	0
2010	2	22	0	0	0.9394748099999999	0
2010	2	23	0	0	0.48341052399999995	0
2010	2	24	0	0	0.895793727	0
2010	2	25	0	0	1.0989570359999998	0
2010	2	26	0	0	1.243215899	0
2010	2	27	0	0	1.501358224	0
2010	2	28	0	0	1.4970480130000001	0
2010	3	1	0	0	1.7363107199999999	0
2010	3	2	0	0	0.358387342	0
2010	3	3	0	0	1.339178329	0
2010	3	4	0	0	0.8770108059999999	0
2010	3	5	0	0	1.1781381579999999	0
2010	3	6	0	0	0.7066579570000001	0
2010	3	7	0	0	0.9392783730000002	0
2010	3	8	0	0	1.5535980360000003	0
2010	3	9	0	0	0.989071457	0
2010	3	10	0	0	0.809799644	0
2010	3	11	0	0	0.35297801100000004	0
2010	3	12	0	0	0.906838906	0
2010	3	13	0	0	0.9660480020000001	0
2010	3	14	0	0	0.5347029260000001	0
2010	3	15	0	0	0.9446793499999999	0
2010	3	16	0	0	0.661805818	0
2010	3	17	0	0	1.7463569470000004	0
2010	3	18	0	0	1.8436584460000003	0
2010	3	19	0	0	2.303862943	0
2010	3	20	0	0	1.110096093	0
2010	3	21	0	0	0.575691019	0
2010	3	22	0	0	1.6883453980000003	0
2010	3	23	0	0	2.226533395	0
2010	3	24	0	0	2.337338707	0
2010	3	25	0	0	2.5243882209999997	0
2010	3	26	0	0	0.8909973680000003	0
2010	3	27	0	0	1.543673645	0
2010	3	28	0	0	0.9653971349999999	0
2010	3	29	0	0	1.6162720410000002	0
2010	3	30	0	0	1.623362393	0
2010	3	31	0	0	1.661431124	0
2010	4	1	0	0	0.6436998930000001	0
2010	4	2	0	0	2.211146936	0
2010	4	3	0	0	2.008792925	0
2010	4	4	0	0	1.255147334	0
2010	4	5	0	0	1.5595600789999997	0
2010	4	6	0	0	2.7428522719999995	0
2010	4	7	0	0	3.1085872379999997	0
2010	4	8	0	0	1.8933623579999999	0
2010	4	9	0	0	2.3590483960000004	0
2010	4	10	0	0	2.3531600220000004	0
2010	4	11	0	0	2.1765939109999994	0
2010	4	12	0	0	1.153555059	0
2010	4	13	0	0	2.0986906640000003	0
2010	4	14	0	0	0.6422616819999999	0
2010	4	15	0	0	1.123864157	0
2010	4	16	0	0	1.5088621080000002	0
2010	4	17	0	0	2.7409222460000002	0
2010	4	18	0	0	2.089673741	0
2010	4	19	0	0	2.9884755770000004	0
2010	4	20	0	0	1.827192239	0
2010	4	21	0	0	3.418987463	0
2010	4	22	0	0	2.8902483389999998	0
2010	4	23	0	0	2.2918582119999993	0
2010	4	24	0	0	3.606045405	0
2010	4	25	0	0	3.4258853890000003	0
2010	4	26	0	0	2.6169488129999996	0
2010	4	27	0	0	3.299361342	0
2010	4	28	0	0	3.6983984089999997	0
2010	4	29	0	0	4.364798797000001	0
2010	4	30	0	0	2.380465037	0
2010	5	1	0	0	0.372441003	0
2010	5	2	0	0	0.414221284	0
2010	5	3	0	0	1.384413231	0
2010	5	4	0	0	0.36930071	0
2010	5	5	0	0	0.22665197999999998	0
2010	5	6	0	0	0.505695954	0
2010	5	7	0	0	1.0784455830000002	0
2010	5	8	0	0	2.5148342099999996	0
2010	5	9	0	0	2.150013914	0
2010	5	10	0	0	1.7727044730000003	0
2010	5	11	0	0	2.337489242	0
2010	5	12	0	0	2.344944446	0
2010	5	13	0	0	0.6267340029999999	0
2010	5	14	0	0	1.0701188690000003	0
2010	5	15	0	0	0.587939781	0
2010	5	16	0	0	1.0968004519999996	0
2010	5	17	0	0	1.780879847	0
2010	5	18	0	0	2.1631339550000006	0
2010	5	19	0	0	1.6091981839999998	0
2010	5	20	0	0	0.655222865	0
2010	5	21	0	0	1.803800981	0
2010	5	22	0	0	3.9595420490000004	0
2010	5	23	0	0	4.37865835	0
2010	5	24	0	0	4.735453756	0
2010	5	25	0	0	4.8929561029999995	0
2010	5	26	0	0	3.330548741	0
2010	5	27	0	0	2.029133807	0
2010	5	28	0	0	3.3099537679999997	0
2010	5	29	0	0	3.322020472	0
2010	5	30	0	0	1.5451007720000003	0
2010	5	31	0	0	2.799179194999999	0
2010	6	1	0	0	1.605012253	0
2010	6	2	0	0	0.8200992819999999	0
2010	6	3	0	0	0.7842705569999999	0
2010	6	4	0	0	4.10430579	0
2010	6	5	0	0	4.7832537010000005	0
2010	6	6	0	0	3.8384797980000007	0
2010	6	7	0	0	2.2756848279999997	0
2010	6	8	0	0	3.3712794509999995	0
2010	6	9	0	0	5.153825976	0
2010	6	10	0	0	6.2111372099999995	0
2010	6	11	0	0	3.870280306	0
2010	6	12	0	0	1.933621253	0
2010	6	13	0	0	0.7579045820000001	0
2010	6	14	0	0	3.3223269509999995	0
2010	6	15	0	0	1.6624664119999997	0
2010	6	16	0	0	0.79610106	0
2010	6	17	0	0	1.6802804119999997	0
2010	6	18	0	0	1.304546527	0
2010	6	19	0	0	0.703269126	0
2010	6	20	0	0	1.051155967	0
2010	6	21	0	0	1.4632155690000002	0
2010	6	22	0	0	2.779890394	0
2010	6	23	0	0	4.368794791	0
2010	6	24	0	0	4.691992537	0
2010	6	25	0	0	4.600423834	0
2010	6	26	0	0	5.009152627	0
2010	6	27	0	0	5.039522251999999	0
2010	6	28	0	0	4.901061595000001	0
2010	6	29	0	0	4.375070329	0
2010	6	30	0	0	4.508047272	0
2010	7	1	0	0	4.4262405949999994	0
2010	7	2	0	0	4.622519381999999	0
2010	7	3	0	0	4.634510700000001	0
2010	7	4	0	0	2.724279467	0
2010	7	5	0	0	4.314303509	0
2010	7	6	0	0	3.3242468869999997	0
2010	7	7	0	0	5.063579955999999	0
2010	7	8	0	0	4.792722523	0
2010	7	9	0	0	4.271564934	0
2010	7	10	0	0	4.590113593999999	0
2010	7	11	0	0	4.4542592569999995	0
2010	7	12	0	0	4.7234886399999985	0
2010	7	13	0	0	0.0	0
2010	7	14	0	0	4.558441561	0
2010	7	15	0	0	2.9713051649999995	0
2010	7	16	0	0	4.369708135	0
2010	7	17	0	0	2.1257336060000003	0
2010	7	18	0	0	3.928045934	0
2010	7	19	0	0	4.707743200000001	0
2010	7	20	0	0	4.521127306	0
2010	7	21	0	0	4.712154534000001	0
2010	7	22	0	0	2.9346541979999996	0
2010	7	23	0	0	0.6357126160000001	0
2010	7	24	0	0	0.904796012	0
2010	7	25	0	0	3.6271673500000006	0
2010	7	26	0	0	2.3970179029999996	0
2010	7	27	0	0	2.5589405810000003	0
2010	7	28	0	0	1.255308726	0
2010	7	29	0	0	1.0607827459999999	0
2010	7	30	0	0	2.8857739330000003	0
2010	7	31	0	0	4.084806344	0
2010	8	1	0	0	4.360964188	0
2010	8	2	0	0	1.0667160349999998	0
2010	8	3	0	0	2.5950872799999996	0
2010	8	4	0	0	2.959070149	0
2010	8	5	0	0	0.664492549	0
2010	8	6	0	0	2.3766427500000002	0
2010	8	7	0	0	3.6885333360000003	0
2010	8	8	0	0	2.065928967	0
2010	8	9	0	0	3.8197039520000002	0
2010	8	10	0	0	3.8098959449999996	0
2010	8	11	0	0	2.8527462389999996	0
2010	8	12	0	0	1.2508233359999998	0
2010	8	13	0	0	2.062531566	0
2010	8	14	0	0	1.2136968	0
2010	8	15	0	0	1.784646617	0
2010	8	16	0	0	0.77682862	0
2010	8	17	0	0	1.5551961	0
2010	8	18	0	0	0.899530002	0
2010	8	19	0	0	2.001443425	0
2010	8	20	0	0	2.9882119009999997	0
2010	8	21	0	0	3.393837608	0
2010	8	22	0	0	3.3505244519999997	0
2010	8	23	0	0	1.045059217	0
2010	8	24	0	0	1.8450908769999996	0
2010	8	25	0	0	3.0227197329999993	0
2010	8	26	0	0	3.752444744999999	0
2010	8	27	0	0	1.8833564690000002	0
2010	8	28	0	0	0.826664502	0
2010	8	29	0	0	2.0809180810000005	0
2010	8	30	0	0	1.1892402619999998	0
2010	8	31	0	0	2.2894641879999997	0
2010	9	1	0	0	3.1825826759999996	0
2010	9	2	0	0	2.667069386	0
2010	9	3	0	0	2.844173741	0
2010	9	4	0	0	2.593484984	0
2010	9	5	0	0	2.7913248630000003	0
2010	9	6	0	0	2.4630482309999993	0
2010	9	7	0	0	0.914119933	0
2010	9	8	0	0	0.6260703350000001	0
2010	9	9	0	0	2.176201421	0
2010	9	10	0	0	1.855158686	0
2010	9	11	0	0	2.5202168780000003	0
2010	9	12	0	0	2.5197906299999993	0
2010	9	13	0	0	1.1961126260000001	0
2010	9	14	0	0	1.781647524	0
2010	9	15	0	0	1.3588267269999996	0
2010	9	16	0	0	0.9535588269999999	0
2010	9	17	0	0	1.547845677	0
2010	9	18	0	0	1.7231637059999998	0
2010	9	19	0	0	2.165248509	0
2010	9	20	0	0	2.2585558669999997	0
2010	9	21	0	0	2.2673974920000006	0
2010	9	22	0	0	2.148385141	0
2010	9	23	0	0	2.164653111	0
2010	9	24	0	0	0.8427092820000001	0
2010	9	25	0	0	0.131367851	0
2010	9	26	0	0	1.1158343049999997	0
2010	9	27	0	0	1.094010209	0
2010	9	28	0	0	0.8368428100000002	0
2010	9	29	0	0	1.314093563	0
2010	9	30	0	0	0.7036904279999999	0
2010	10	1	0	0	1.142050107	0
2010	10	2	0	0	1.365059963	0
2010	10	3	0	0	1.9066771939999998	0
2010	10	4	0	0	1.586429772	0
2010	10	5	0	0	0.768939109	0
2010	10	6	0	0	0.776708584	0
2010	10	7	0	0	0.478349798	0
2010	10	8	0	0	1.000765604	0
2010	10	9	0	0	0.289141078	0
2010	10	10	0	0	0.4246629069999999	0
2010	10	11	0	0	0.9431922239999999	0
2010	10	12	0	0	1.1357674899999999	0
2010	10	13	0	0	0.17905057700000002	0
2010	10	14	0	0	0.5763022569999999	0
2010	10	15	0	0	0.478117567	0
2010	10	16	0	0	0.213069937	0
2010	10	17	0	0	0.262699569	0
2010	10	18	0	0	0.19679343100000002	0
2010	10	19	0	0	0.820052558	0
2010	10	20	0	0	1.0156554889999998	0
2010	10	21	0	0	0.8559609600000001	0
2010	10	22	0	0	0.533669086	0
2010	10	23	0	0	0.425936108	0
2010	10	24	0	0	0.222664319	0
2010	10	25	0	0	0.430446605	0
2010	10	26	0	0	0.9253452339999999	0
2010	10	27	0	0	0.904753272	0
2010	10	28	0	0	0.912886566	0
2010	10	29	0	0	0.9587628439999999	0
2010	10	30	0	0	0.85097264	0
2010	10	31	0	0	0.587127234	0
2010	11	1	0	0	0.6307584829999999	0
2010	11	2	0	0	0.33012283899999995	0
2010	11	3	0	0	0.676084519	0
2010	11	4	0	0	1.212442377	0
2010	11	5	0	0	0.410115275	0
2010	11	6	0	0	0.903369079	0
2010	11	7	0	0	0.234339213	0
2010	11	8	0	0	0.197317759	0
2010	11	9	0	0	0.58910948	0
2010	11	10	0	0	0.6315480280000001	0
2010	11	11	0	0	0.8710986939999998	0
2010	11	12	0	0	0.385628993	0
2010	11	13	0	0	1.7670320499999999	0
2010	11	14	0	0	0.891271067	0
2010	11	15	0	0	0.118424545	0
2010	11	16	0	0	0.040215064	0
2010	11	17	0	0	0.154801209	0
2010	11	18	0	0	0.099592924	0
2010	11	19	0	0	0.422763754	0
2010	11	20	0	0	0.20515816	0
2010	11	21	0	0	0.059760922	0
2010	11	22	0	0	0.06425311400000001	0
2010	11	23	0	0	0.152228412	0
2010	11	24	0	0	0.142458997	0
2010	11	25	0	0	0.401905593	0
2010	11	26	0	0	0.20411504200000002	0
2010	11	27	0	0	0.075763625	0
2010	11	28	0	0	0.174278925	0
2010	11	29	0	0	0.4511478040000001	0
2010	11	30	0	0	0.24855441200000003	0
2010	12	1	0	0	0.028219789	0
2010	12	2	0	0	0.15239720800000003	0
2010	12	3	0	0	0.07351708300000001	0
2010	12	4	0	0	0.231971082	0
2010	12	5	0	0	0.205568302	0
2010	12	6	0	0	0.023217032999999998	0
2010	12	7	0	0	0.393921304	0
2010	12	8	0	0	0.175081155	0
2010	12	9	0	0	0.38705503300000005	0
2010	12	10	0	0	0.12996586000000002	0
2010	12	11	0	0	0.5242374009999999	0
2010	12	12	0	0	0.21723718	0
2010	12	13	0	0	0.256247467	0
2010	12	14	0	0	0.114482961	0
2010	12	15	0	0	0.125699654	0
2010	12	16	0	0	0.298733676	0
2010	12	17	0	0	0.05153964800000001	0
2010	12	18	0	0	0.24773108700000002	0
2010	12	19	0	0	0.389213221	0
2010	12	20	0	0	0.808330063	0
2010	12	21	0	0	0.088975417	0
2010	12	22	0	0	0.11576656299999999	0
2010	12	23	0	0	0.11165215499999999	0
2010	12	24	0	0	0.047193234	0
2010	12	25	0	0	0.115333443	0
2010	12	26	0	0	0.275620628	0
2010	12	27	0	0	0.136305474	0
2010	12	28	0	0	0.05396891	0
2010	12	29	0	0	0.11963366500000001	0
2010	12	30	0	0	0.039161803	0
2010	12	31	0	0	0.013431378	0
2011	1	1	0	0	0.08223902699999999	0
2011	1	2	0	0	0.105031081	0
2011	1	3	0	0	0.26998380800000005	0
2011	1	4	0	0	0.06849637900000001	0
2011	1	5	0	0	0.366773849	0
2011	1	6	0	0	0.385024512	0
2011	1	7	0	0	0.312318415	0
2011	1	8	0	0	0.558975402	0
2011	1	9	0	0	0.22319126	0
2011	1	10	0	0	0.050520947	0
2011	1	11	0	0	0.280500424	0
2011	1	12	0	0	0.21323247299999998	0
2011	1	13	0	0	0.570205029	0
2011	1	14	0	0	0.345701918	0
2011	1	15	0	0	0.655753044	0
2011	1	16	0	0	0.295079294	0
2011	1	17	0	0	0.39469875	0
2011	1	18	0	0	0.214174848	0
2011	1	19	0	0	0.07578879499999999	0
2011	1	20	0	0	0.178794039	0
2011	1	21	0	0	0.40417927	0
2011	1	22	0	0	0.44654089900000005	0
2011	1	23	0	0	0.487815224	0
2011	1	24	0	0	0.24414216900000002	0
2011	1	25	0	0	0.3667499470000001	0
2011	1	26	0	0	0.403223425	0
2011	1	27	0	0	0.12132191099999998	0
2011	1	28	0	0	0.353662927	0
2011	1	29	0	0	0.20048352300000005	0
2011	1	30	0	0	0.058599364	0
2011	1	31	0	0	0.04428211900000001	0
2011	2	1	0	0	0.053599855	0
2011	2	2	0	0	0.403180576	0
2011	2	3	0	0	0.39016025299999996	0
2011	2	4	0	0	0.721968076	0
2011	2	5	0	0	1.1191852690000001	0
2011	2	6	0	0	0.891629398	0
2011	2	7	0	0	1.029860273	0
2011	2	8	0	0	0.9187166019999999	0
2011	2	9	0	0	0.41725612599999995	0
2011	2	10	0	0	0.77413221	0
2011	2	11	0	0	1.0801512469999999	0
2011	2	12	0	0	1.054525398	0
2011	2	13	0	0	0.725817163	0
2011	2	14	0	0	0.950125762	0
2011	2	15	0	0	0.249978767	0
2011	2	16	0	0	0.09777404199999999	0
2011	2	17	0	0	0.48807862999999996	0
2011	2	18	0	0	0.272399483	0
2011	2	19	0	0	0.805722373	0
2011	2	20	0	0	0.045762371999999996	0
2011	2	21	0	0	0.11062597500000002	0
2011	2	22	0	0	0.166706529	0
2011	2	23	0	0	0.8800515220000001	0
2011	2	24	0	0	0.25644305900000003	0
2011	2	25	0	0	0.154646658	0
2011	2	26	0	0	0.28755849499999997	0
2011	2	27	0	0	0.324080231	0
2011	2	28	0	0	0.270055989	0
2011	3	1	0	0	0.9990363480000001	0
2011	3	2	0	0	1.7928081120000003	0
2011	3	3	0	0	1.146112029	0
2011	3	4	0	0	0.9065324639999999	0
2011	3	5	0	0	0.41320521099999996	0
2011	3	6	0	0	0.94757835	0
2011	3	7	0	0	1.7407551540000001	0
2011	3	8	0	0	1.441912559	0
2011	3	9	0	0	1.7711609609999999	0
2011	3	10	0	0	1.5439038520000001	0
2011	3	11	0	0	1.042068974	0
2011	3	12	0	0	1.187746814	0
2011	3	13	0	0	0.303933482	0
2011	3	14	0	0	1.9591548410000001	0
2011	3	15	0	0	1.6092536109999998	0
2011	3	16	0	0	0.738533645	0
2011	3	17	0	0	0.24635497599999998	0
2011	3	18	0	0	0.8173181800000001	0
2011	3	19	0	0	0.26159995599999997	0
2011	3	20	0	0	1.9372698279999996	0
2011	3	21	0	0	2.3567799209999998	0
2011	3	22	0	0	2.014756001	0
2011	3	23	0	0	2.5439119879999996	0
2011	3	24	0	0	2.245255845	0
2011	3	25	0	0	2.6520029180000004	0
2011	3	26	0	0	2.1287843609999997	0
2011	3	27	0	0	1.0501444519999998	0
2011	3	28	0	0	0.921090049	0
2011	3	29	0	0	2.102195239	0
2011	3	30	0	0	1.2737841909999998	0
2011	3	31	0	0	1.2188627309999998	0
2011	4	1	0	0	1.8713517830000002	0
2011	4	2	0	0	2.9292926219999997	0
2011	4	3	0	0	3.094545938	0
2011	4	4	0	0	0.902199227	0
2011	4	5	0	0	2.4383063570000005	0
2011	4	6	0	0	2.657287308	0
2011	4	7	0	0	3.557950177	0
2011	4	8	0	0	2.9174456429999998	0
2011	4	9	0	0	3.431463736	0
2011	4	10	0	0	3.577507528	0
2011	4	11	0	0	3.261960843	0
2011	4	12	0	0	1.012213595	0
2011	4	13	0	0	2.070400123	0
2011	4	14	0	0	2.1222732990000006	0
2011	4	15	0	0	2.844914668	0
2011	4	16	0	0	2.7531516600000003	0
2011	4	17	0	0	2.998817007	0
2011	4	18	0	0	3.159748334	0
2011	4	19	0	0	3.3599807580000007	0
2011	4	20	0	0	3.3352870329999997	0
2011	4	21	0	0	3.3093577510000003	0
2011	4	22	0	0	3.671259183	0
2011	4	23	0	0	2.965304221	0
2011	4	24	0	0	2.052229524	0
2011	4	25	0	0	4.1427658329999995	0
2011	4	26	0	0	3.228742168	0
2011	4	27	0	0	0.9591995730000001	0
2011	4	28	0	0	2.246462694	0
2011	4	29	0	0	1.715160422	0
2011	4	30	0	0	3.245033641	0
2011	5	1	0	0	2.9463400809999998	0
2011	5	2	0	0	3.2913407919999997	0
2011	5	3	0	0	2.1258369869999996	0
2011	5	4	0	0	3.2052075339999995	0
2011	5	5	0	0	3.784543732	0
2011	5	6	0	0	3.8447001709999995	0
2011	5	7	0	0	3.943192064	0
2011	5	8	0	0	3.83518709	0
2011	5	9	0	0	4.157918180999999	0
2011	5	10	0	0	3.6322104129999997	0
2011	5	11	0	0	3.7444174980000007	0
2011	5	12	0	0	1.1146239080000002	0
2011	5	13	0	0	3.764815876	0
2011	5	14	0	0	1.338202617	0
2011	5	15	0	0	1.526410527	0
2011	5	16	0	0	2.145986633	0
2011	5	17	0	0	2.5610781530000004	0
2011	5	18	0	0	4.198346871999999	0
2011	5	19	0	0	4.37813215	0
2011	5	20	0	0	4.384016904	0
2011	5	21	0	0	4.25555504	0
2011	5	22	0	0	3.264298442	0
2011	5	23	0	0	3.6711509079999995	0
2011	5	24	0	0	5.145938100999999	0
2011	5	25	0	0	4.589827511	0
2011	5	26	0	0	4.420563971000001	0
2011	5	27	0	0	0.739159887	0
2011	5	28	0	0	3.3786287340000003	0
2011	5	29	0	0	4.287496249	0
2011	5	30	0	0	4.771183423000001	0
2011	5	31	0	0	1.501177219	0
2011	6	1	0	0	0.619854562	0
2011	6	2	0	0	1.3505728379999997	0
2011	6	3	0	0	2.107908045	0
2011	6	4	0	0	3.362283017	0
2011	6	5	0	0	3.7330088630000002	0
2011	6	6	0	0	3.406832035	0
2011	6	7	0	0	3.0889232379999996	0
2011	6	8	0	0	1.1310088249999999	0
2011	6	9	0	0	1.129137865	0
2011	6	10	0	0	3.411747361	0
2011	6	11	0	0	0.918709522	0
2011	6	12	0	0	4.14792786	0
2011	6	13	0	0	2.3789926809999997	0
2011	6	14	0	0	2.550686055000001	0
2011	6	15	0	0	4.298567462999999	0
2011	6	16	0	0	3.792487655	0
2011	6	17	0	0	3.590956549	0
2011	6	18	0	0	1.1834553849999998	0
2011	6	19	0	0	3.0557593209999996	0
2011	6	20	0	0	3.4394690740000002	0
2011	6	21	0	0	4.249032756999999	0
2011	6	22	0	0	2.053344944	0
2011	6	23	0	0	1.6053889420000003	0
2011	6	24	0	0	2.9571931900000004	0
2011	6	25	0	0	3.1589709870000005	0
2011	6	26	0	0	4.948418191999999	0
2011	6	27	0	0	4.868540133999999	0
2011	6	28	0	0	4.844063266999998	0
2011	6	29	0	0	2.1593039050000002	0
2011	6	30	0	0	2.1352748879999996	0
2011	7	1	0	0	3.6680957660000004	0
2011	7	2	0	0	4.102673799000001	0
2011	7	3	0	0	4.455163166	0
2011	7	4	0	0	4.952438362000001	0
2011	7	5	0	0	5.099210954999999	0
2011	7	6	0	0	4.476496102	0
2011	7	7	0	0	3.748067442	0
2011	7	8	0	0	3.870870407000001	0
2011	7	9	0	0	3.356835292	0
2011	7	10	0	0	2.82272039	0
2011	7	11	0	0	4.687670452	0
2011	7	12	0	0	4.143760594000001	0
2011	7	13	0	0	0.631590768	0
2011	7	14	0	0	2.3595844539999997	0
2011	7	15	0	0	3.3170756449999996	0
2011	7	16	0	0	4.720611582	0
2011	7	17	0	0	0.7127888929999999	0
2011	7	18	0	0	3.584819704	0
2011	7	19	0	0	2.137254129	0
2011	7	20	0	0	1.344649543	0
2011	7	21	0	0	1.5042710620000002	0
2011	7	22	0	0	1.438517303	0
2011	7	23	0	0	2.5243756619999997	0
2011	7	24	0	0	2.2008072060000003	0
2011	7	25	0	0	3.25476206	0
2011	7	26	0	0	3.5571454809999996	0
2011	7	27	0	0	3.0379815220000004	0
2011	7	28	0	0	2.300824357	0
2011	7	29	0	0	2.6486321960000003	0
2011	7	30	0	0	2.0481389420000005	0
2011	7	31	0	0	3.1366833729999994	0
2011	8	1	0	0	2.951607064	0
2011	8	2	0	0	4.167471214999999	0
2011	8	3	0	0	1.164200068	0
2011	8	4	0	0	3.409805433	0
2011	8	5	0	0	2.4998734199999997	0
2011	8	6	0	0	2.5561005660000005	0
2011	8	7	0	0	1.2556444989999997	0
2011	8	8	0	0	2.4734704049999996	0
2011	8	9	0	0	2.599640206	0
2011	8	10	0	0	3.2309521259999996	0
2011	8	11	0	0	3.762973036	0
2011	8	12	0	0	4.079149600999999	0
2011	8	13	0	0	3.2707301830000004	0
2011	8	14	0	0	3.448108077	0
2011	8	15	0	0	1.7177685179999997	0
2011	8	16	0	0	2.979880662	0
2011	8	17	0	0	3.7441522600000003	0
2011	8	18	0	0	3.0880397470000003	0
2011	8	19	0	0	4.177648357999999	0
2011	8	20	0	0	3.7016110310000006	0
2011	8	21	0	0	3.786697309	0
2011	8	22	0	0	3.780656396	0
2011	8	23	0	0	3.9663072940000004	0
2011	8	24	0	0	3.56276539	0
2011	8	25	0	0	2.785154642	0
2011	8	26	0	0	4.554750657	0
2011	8	27	0	0	1.365439058	0
2011	8	28	0	0	3.2662934530000003	0
2011	8	29	0	0	2.653893837	0
2011	8	30	0	0	3.044882329	0
2011	8	31	0	0	3.0293436709999995	0
2011	9	1	0	0	2.1730837259999998	0
2011	9	2	0	0	2.5057455699999998	0
2011	9	3	0	0	3.0260551939999996	0
2011	9	4	0	0	0.84981112	0
2011	9	5	0	0	1.411163193	0
2011	9	6	0	0	3.074983203	0
2011	9	7	0	0	2.1790160340000004	0
2011	9	8	0	0	2.5683196599999993	0
2011	9	9	0	0	2.624548438	0
2011	9	10	0	0	3.134470125	0
2011	9	11	0	0	2.976671246	0
2011	9	12	0	0	3.215017864	0
2011	9	13	0	0	2.7615856319999996	0
2011	9	14	0	0	1.0975767090000002	0
2011	9	15	0	0	2.4531130529999996	0
2011	9	16	0	0	2.185912717	0
2011	9	17	0	0	1.4274173230000002	0
2011	9	18	0	0	0.37880843799999997	0
2011	9	19	0	0	0.5752403989999999	0
2011	9	20	0	0	1.853155064	0
2011	9	21	0	0	2.0908565549999993	0
2011	9	22	0	0	1.9621038690000001	0
2011	9	23	0	0	1.8619173079999998	0
2011	9	24	0	0	1.923367562	0
2011	9	25	0	0	1.5137667999999997	0
2011	9	26	0	0	1.8853563809999998	0
2011	9	27	0	0	2.1133228090000005	0
2011	9	28	0	0	2.06977592	0
2011	9	29	0	0	0.635938103	0
2011	9	30	0	0	0.909072987	0
2011	10	1	0	0	1.0271570149999998	0
2011	10	2	0	0	0.759875066	0
2011	10	3	0	0	1.480154143	0
2011	10	4	0	0	1.915876883	0
2011	10	5	0	0	1.459007295	0
2011	10	6	0	0	1.9064847830000002	0
2011	10	7	0	0	0.679439684	0
2011	10	8	0	0	0.373819409	0
2011	10	9	0	0	0.810987561	0
2011	10	10	0	0	0.35636860500000006	0
2011	10	11	0	0	1.3269770090000002	0
2011	10	12	0	0	0.7841684170000001	0
2011	10	13	0	0	0.6352344079999999	0
2011	10	14	0	0	1.617615989	0
2011	10	15	0	0	0.23998066299999998	0
2011	10	16	0	0	0.12101455700000001	0
2011	10	17	0	0	0.829229157	0
2011	10	18	0	0	1.631150439	0
2011	10	19	0	0	0.083036509	0
2011	10	20	0	0	0.706437286	0
2011	10	21	0	0	0.7786274640000002	0
2011	10	22	0	0	0.5704392500000001	0
2011	10	23	0	0	0.6355934200000001	0
2011	10	24	0	0	1.010740574	0
2011	10	25	0	0	0.295954757	0
2011	10	26	0	0	0.904733792	0
2011	10	27	0	0	0.6735901530000001	0
2011	10	28	0	0	0.582838747	0
2011	10	29	0	0	0.47536398099999994	0
2011	10	30	0	0	0.627234379	0
2011	10	31	0	0	0.076257742	0
2011	11	1	0	0	0.17861645199999998	0
2011	11	2	0	0	0.37691648099999997	0
2011	11	3	0	0	0.235134696	0
2011	11	4	0	0	0.26145919	0
2011	11	5	0	0	0.27059364999999996	0
2011	11	6	0	0	0.6394795249999999	0
2011	11	7	0	0	0.11148044099999999	0
2011	11	8	0	0	0.091368322	0
2011	11	9	0	0	0.47277251500000006	0
2011	11	10	0	0	0.019481376999999998	0
2011	11	11	0	0	0.022710588	0
2011	11	12	0	0	0.551777417	0
2011	11	13	0	0	0.070262398	0
2011	11	14	0	0	0.13568583499999998	0
2011	11	15	0	0	0.043174301000000005	0
2011	11	16	0	0	0.45821125199999996	0
2011	11	17	0	0	0.595934518	0
2011	11	18	0	0	0.302649419	0
2011	11	19	0	0	0.172754498	0
2011	11	20	0	0	0.2816297199999999	0
2011	11	21	0	0	0.31534956399999997	0
2011	11	22	0	0	0.079769376	0
2011	11	23	0	0	0.014968904	0
2011	11	24	0	0	0.007310602	0
2011	11	25	0	0	0.276068375	0
2011	11	26	0	0	0.221498258	0
2011	11	27	0	0	0.535680009	0
2011	11	28	0	0	0.25826188699999997	0
2011	11	29	0	0	0.30381636	0
2011	11	30	0	0	0.26268186600000004	0
2011	12	1	0	0	0.45250731000000005	0
2011	12	2	0	0	0.47229796099999993	0
2011	12	3	0	0	0.586490609	0
2011	12	4	0	0	0.7715976509999999	0
2011	12	5	0	0	0.5917687770000001	0
2011	12	6	0	0	0.43044719899999995	0
2011	12	7	0	0	0.644267064	0
2011	12	8	0	0	0.7792731199999999	0
2011	12	9	0	0	1.0654294889999998	0
2011	12	10	0	0	0.191577117	0
2011	12	11	0	0	0.025572042000000003	0
2011	12	12	0	0	0.171798586	0
2011	12	13	0	0	0.5004157690000001	0
2011	12	14	0	0	0.46136889099999995	0
2011	12	15	0	0	0.40436717799999994	0
2011	12	16	0	0	0.473414057	0
2011	12	17	0	0	0.38292892800000006	0
2011	12	18	0	0	0.15091948399999996	0
2011	12	19	0	0	0.149374668	0
2011	12	20	0	0	0.069431082	0
2011	12	21	0	0	0.062374419	0
2011	12	22	0	0	0.008140197000000002	0
2011	12	23	0	0	0.038229226000000005	0
2011	12	24	0	0	0.34793866599999995	0
2011	12	25	0	0	0.37520749400000003	0
2011	12	26	0	0	0.343418364	0
2011	12	27	0	0	0.06639076	0
2011	12	28	0	0	0.171877772	0
2011	12	29	0	0	0.501626294	0
2011	12	30	0	0	0.45628042199999996	0
2011	12	31	0	0	0.07771771100000001	0
2012	1	1	0	0	0.377669523	0
2012	1	2	0	0	0.19457633000000002	0
2012	1	3	0	0	0.927060092	0
2012	1	4	0	0	0.7341036470000001	0
2012	1	5	0	0	0.750347349	0
2012	1	6	0	0	0.40768165999999995	0
2012	1	7	0	0	0.305142631	0
2012	1	8	0	0	0.171427852	0
2012	1	9	0	0	0.23831456999999998	0
2012	1	10	0	0	0.171263347	0
2012	1	11	0	0	0.025833008	0
2012	1	12	0	0	0.159853394	0
2012	1	13	0	0	0.27988288699999997	0
2012	1	14	0	0	0.42405399299999996	0
2012	1	15	0	0	0.614213919	0
2012	1	16	0	0	0.49086990199999997	0
2012	1	17	0	0	0.37930473299999995	0
2012	1	18	0	0	0.43665361699999994	0
2012	1	19	0	0	0.9024678780000001	0
2012	1	20	0	0	0.722922701	0
2012	1	21	0	0	0.517834991	0
2012	1	22	0	0	0.8727813419999999	0
2012	1	23	0	0	0.426177366	0
2012	1	24	0	0	0.371640055	0
2012	1	25	0	0	0.06368045800000001	0
2012	1	26	0	0	0.05694739	0
2012	1	27	0	0	0.009976775	0
2012	1	28	0	0	0.132630634	0
2012	1	29	0	0	0.07918120500000002	0
2012	1	30	0	0	0.028025596000000003	0
2012	1	31	0	0	0.073636888	0
2012	2	1	0	0	0.35006669900000004	0
2012	2	2	0	0	0.251576254	0
2012	2	3	0	0	0.5526323750000001	0
2012	2	4	0	0	0.5326308719999999	0
2012	2	5	0	0	0.402024482	0
2012	2	6	0	0	0.44272323799999996	0
2012	2	7	0	0	0.36548328	0
2012	2	8	0	0	0.44108461700000007	0
2012	2	9	0	0	0.372577082	0
2012	2	10	0	0	0.40760322199999993	0
2012	2	11	0	0	0.501573414	0
2012	2	12	0	0	0.447563487	0
2012	2	13	0	0	0.22316375900000002	0
2012	2	14	0	0	0.39077220399999996	0
2012	2	15	0	0	0.223960234	0
2012	2	16	0	0	0.46790143300000003	0
2012	2	17	0	0	0.5590465939999999	0
2012	2	18	0	0	0.9588622670000001	0
2012	2	19	0	0	0.307539071	0
2012	2	20	0	0	0.7531295969999999	0
2012	2	21	0	0	0.891991973	0
2012	2	22	0	0	0.9858105779999999	0
2012	2	23	0	0	0.39066556599999996	0
2012	2	24	0	0	1.399727867	0
2012	2	25	0	0	0.198011002	0
2012	2	26	0	0	0.500724434	0
2012	2	27	0	0	1.2415612130000002	0
2012	2	28	0	0	1.305800272	0
2012	2	29	0	0	1.582029818	0
2012	3	1	0	0	1.152970381	0
2012	3	2	0	0	1.6572111799999998	0
2012	3	3	0	0	1.5482580839999998	0
2012	3	4	0	0	0.7616066529999999	0
2012	3	5	0	0	0.9985030519999999	0
2012	3	6	0	0	1.1408376519999999	0
2012	3	7	0	0	1.4528706810000007	0
2012	3	8	0	0	0.555073563	0
2012	3	9	0	0	1.580110304	0
2012	3	10	0	0	1.621571492	0
2012	3	11	0	0	0.478774028	0
2012	3	12	0	0	1.7591194970000001	0
2012	3	13	0	0	1.909348599	0
2012	3	14	0	0	1.4573834950000002	0
2012	3	15	0	0	2.1385608380000005	0
2012	3	16	0	0	2.656727064	0
2012	3	17	0	0	2.143659323	0
2012	3	18	0	0	0.92931951	0
2012	3	19	0	0	0.172141445	0
2012	3	20	0	0	1.599419556	0
2012	3	21	0	0	2.227838743	0
2012	3	22	0	0	2.3385633930000003	0
2012	3	23	0	0	2.2456886390000004	0
2012	3	24	0	0	2.268185169	0
2012	3	25	0	0	2.5853848549999996	0
2012	3	26	0	0	2.9157640410000005	0
2012	3	27	0	0	2.8530898600000003	0
2012	3	28	0	0	2.7569354870000002	0
2012	3	29	0	0	2.659445385	0
2012	3	30	0	0	1.4295741830000002	0
2012	3	31	0	0	2.9798171280000005	0
2012	4	1	0	0	2.569488559	0
2012	4	2	0	0	2.542612084	0
2012	4	3	0	0	1.6467598529999998	0
2012	4	4	0	0	0.6487611889999999	0
2012	4	5	0	0	0.245686843	0
2012	4	6	0	0	0.932402162	0
2012	4	7	0	0	0.789195323	0
2012	4	8	0	0	0.6023325100000001	0
2012	4	9	0	0	1.2172759390000003	0
2012	4	10	0	0	3.0681192819999996	0
2012	4	11	0	0	0.580826627	0
2012	4	12	0	0	1.0249257200000002	0
2012	4	13	0	0	1.0620928929999998	0
2012	4	14	0	0	0.684079812	0
2012	4	15	0	0	0.222694137	0
2012	4	16	0	0	0.3340899440000001	0
2012	4	17	0	0	2.1551353529999995	0
2012	4	18	0	0	1.3472520899999998	0
2012	4	19	0	0	1.89836506	0
2012	4	20	0	0	1.1255238659999998	0
2012	4	21	0	0	2.3643200319999997	0
2012	4	22	0	0	1.591151332	0
2012	4	23	0	0	1.839358436	0
2012	4	24	0	0	1.371913337	0
2012	4	25	0	0	2.1179232860000003	0
2012	4	26	0	0	4.006019082	0
2012	4	27	0	0	3.342215376	0
2012	4	28	0	0	6.364925579000001	0
2012	4	29	0	0	5.435897820999999	0
2012	4	30	0	0	2.7321234749999994	0
2012	5	1	0	0	2.126381191	0
2012	5	2	0	0	3.0492022179999996	0
2012	5	3	0	0	3.5100208559999997	0
2012	5	4	0	0	4.036504432999999	0
2012	5	5	0	0	1.6089699070000005	0
2012	5	6	0	0	1.5054457199999998	0
2012	5	7	0	0	2.4455669679999996	0
2012	5	8	0	0	2.9812971389999996	0
2012	5	9	0	0	1.5820356519999998	0
2012	5	10	0	0	3.954685362	0
2012	5	11	0	0	4.662240334	0
2012	5	12	0	0	0.275841644	0
2012	5	13	0	0	3.281444431	0
2012	5	14	0	0	3.8396282229999996	0
2012	5	15	0	0	3.39989205	0
2012	5	16	0	0	1.489692188	0
2012	5	17	0	0	3.7014314639999997	0
2012	5	18	0	0	1.4561550270000003	0
2012	5	19	0	0	2.907446029	0
2012	5	20	0	0	2.909998112	0
2012	5	21	0	0	2.07390428	0
2012	5	22	0	0	3.1327834489999997	0
2012	5	23	0	0	1.076304985	0
2012	5	24	0	0	2.6761291400000005	0
2012	5	25	0	0	5.13023851	0
2012	5	26	0	0	5.086422557000001	0
2012	5	27	0	0	3.210608073	0
2012	5	28	0	0	4.2304808419999995	0
2012	5	29	0	0	3.6984511310000006	0
2012	5	30	0	0	4.750663620999999	0
2012	5	31	0	0	3.8450288890000004	0
2012	6	1	0	0	1.8924391609999998	0
2012	6	2	0	0	4.479608526	0
2012	6	3	0	0	0.70057718	0
2012	6	4	0	0	1.75867184	0
2012	6	5	0	0	2.4855908290000004	0
2012	6	6	0	0	1.207893323	0
2012	6	7	0	0	3.3290054260000006	0
2012	6	8	0	0	1.355780771	0
2012	6	9	0	0	2.511975371	0
2012	6	10	0	0	2.3210725570000004	0
2012	6	11	0	0	2.7970545079999996	0
2012	6	12	0	0	0.5247634729999999	0
2012	6	13	0	0	2.2824930599999997	0
2012	6	14	0	0	3.794949816000001	0
2012	6	15	0	0	4.591724548999999	0
2012	6	16	0	0	5.466154669	0
2012	6	17	0	0	4.28102226	0
2012	6	18	0	0	4.815709333	0
2012	6	19	0	0	3.5050171100000003	0
2012	6	20	0	0	1.6012107320000002	0
2012	6	21	0	0	3.6868753869999997	0
2012	6	22	0	0	4.079739643	0
2012	6	23	0	0	4.496198905000001	0
2012	6	24	0	0	3.7020229769999995	0
2012	6	25	0	0	2.6885441620000003	0
2012	6	26	0	0	2.419259642	0
2012	6	27	0	0	4.129850998999999	0
2012	6	28	0	0	3.797573194	0
2012	6	29	0	0	4.834380613	0
2012	6	30	0	0	4.408573948	0
2012	7	1	0	0	0.45338591999999994	0
2012	7	2	0	0	1.186823309	0
2012	7	3	0	0	1.490174034	0
2012	7	4	0	0	2.483216691999999	0
2012	7	5	0	0	3.4572341429999995	0
2012	7	6	0	0	0.7021718340000002	0
2012	7	7	0	0	4.126488437	0
2012	7	8	0	0	2.8995465390000006	0
2012	7	9	0	0	4.0722368410000005	0
2012	7	10	0	0	2.9371680200000005	0
2012	7	11	0	0	2.4148391319999996	0
2012	7	12	0	0	2.052926932	0
2012	7	13	0	0	2.709211495	0
2012	7	14	0	0	4.149553082000001	0
2012	7	15	0	0	2.407080286	0
2012	7	16	0	0	3.618563173	0
2012	7	17	0	0	4.890321732	0
2012	7	18	0	0	4.320604626000001	0
2012	7	19	0	0	3.838464966	0
2012	7	20	0	0	1.516508896	0
2012	7	21	0	0	1.237312554	0
2012	7	22	0	0	3.70079314	0
2012	7	23	0	0	4.6283443580000005	0
2012	7	24	0	0	4.221464366999999	0
2012	7	25	0	0	3.584733317	0
2012	7	26	0	0	4.684372079999999	0
2012	7	27	0	0	4.691263324999999	0
2012	7	28	0	0	2.2350841589999995	0
2012	7	29	0	0	1.076328687	0
2012	7	30	0	0	3.9116641889999997	0
2012	7	31	0	0	3.9778485259999994	0
2012	8	1	0	0	4.3523510519999995	0
2012	8	2	0	0	3.759674371999999	0
2012	8	3	0	0	3.228525901999999	0
2012	8	4	0	0	3.998869091	0
2012	8	5	0	0	3.1532691349999995	0
2012	8	6	0	0	0.9844979680000002	0
2012	8	7	0	0	3.6878679059999997	0
2012	8	8	0	0	3.8429229319999996	0
2012	8	9	0	0	3.6124154239999995	0
2012	8	10	0	0	3.655444707999999	0
2012	8	11	0	0	3.9052140090000007	0
2012	8	12	0	0	3.5680244920000006	0
2012	8	13	0	0	3.175883948	0
2012	8	14	0	0	3.2709158949999995	0
2012	8	15	0	0	4.105900101	0
2012	8	16	0	0	1.934442447	0
2012	8	17	0	0	3.5440224689999997	0
2012	8	18	0	0	3.8255852020000005	0
2012	8	19	0	0	3.773378968	0
2012	8	20	0	0	3.9936519389999994	0
2012	8	21	0	0	3.169401191	0
2012	8	22	0	0	2.6027598189999996	0
2012	8	23	0	0	2.6062691449999997	0
2012	8	24	0	0	1.1729382670000001	0
2012	8	25	0	0	2.6999198310000008	0
2012	8	26	0	0	2.6664278519999995	0
2012	8	27	0	0	3.339722049	0
2012	8	28	0	0	2.691878855	0
2012	8	29	0	0	2.8810507859999994	0
2012	8	30	0	0	0.493854133	0
2012	8	31	0	0	0.4997604169999999	0
2012	9	1	0	0	0.352680944	0
2012	9	2	0	0	1.4465835609999997	0
2012	9	3	0	0	1.079444131	0
2012	9	4	0	0	1.6379868689999997	0
2012	9	5	0	0	1.2228339089999998	0
2012	9	6	0	0	1.496908329	0
2012	9	7	0	0	2.762546438	0
2012	9	8	0	0	2.53333769	0
2012	9	9	0	0	2.832160109	0
2012	9	10	0	0	2.852446251	0
2012	9	11	0	0	2.111143569	0
2012	9	12	0	0	0.572819867	0
2012	9	13	0	0	1.335147244	0
2012	9	14	0	0	2.1238291329999996	0
2012	9	15	0	0	1.9508713440000003	0
2012	9	16	0	0	1.911725302	0
2012	9	17	0	0	2.2456138130000003	0
2012	9	18	0	0	1.8916649259999998	0
2012	9	19	0	0	0.7658774260000001	0
2012	9	20	0	0	1.998511417	0
2012	9	21	0	0	2.2933803869999996	0
2012	9	22	0	0	0.11702759300000001	0
2012	9	23	0	0	1.4235721080000001	0
2012	9	24	0	0	1.1079557929999997	0
2012	9	25	0	0	1.909518434	0
2012	9	26	0	0	1.6690249600000002	0
2012	9	27	0	0	1.9585952050000002	0
2012	9	28	0	0	1.913620684	0
2012	9	29	0	0	0.126838747	0
2012	9	30	0	0	0.296349821	0
2012	10	1	0	0	0.713798725	0
2012	10	2	0	0	1.7582356020000003	0
2012	10	3	0	0	1.315310194	0
2012	10	4	0	0	0.809728488	0
2012	10	5	0	0	1.701137356	0
2012	10	6	0	0	1.9651315589999998	0
2012	10	7	0	0	0.45471554	0
2012	10	8	0	0	0.406665212	0
2012	10	9	0	0	0.409907854	0
2012	10	10	0	0	0.292298167	0
2012	10	11	0	0	0.515311829	0
2012	10	12	0	0	0.32729127500000005	0
2012	10	13	0	0	0.841329538	0
2012	10	14	0	0	0.631050639	0
2012	10	15	0	0	0.29772970400000004	0
2012	10	16	0	0	0.9885117720000001	0
2012	10	17	0	0	1.111915741	0
2012	10	18	0	0	1.148849356	0
2012	10	19	0	0	1.378507993	0
2012	10	20	0	0	1.085857689	0
2012	10	21	0	0	1.144873829	0
2012	10	22	0	0	0.612589153	0
2012	10	23	0	0	0.09882430600000001	0
2012	10	24	0	0	0.08348005400000001	0
2012	10	25	0	0	0.112790249	0
2012	10	26	0	0	0.154151917	0
2012	10	27	0	0	0.056582233999999995	0
2012	10	28	0	0	0.088293752	0
2012	10	29	0	0	0.747447516	0
2012	10	30	0	0	0.8551656759999999	0
2012	10	31	0	0	0.30461725399999995	0
2012	11	1	0	0	0.9248536039999998	0
2012	11	2	0	0	0.9896475359999999	0
2012	11	3	0	0	1.4155107539999998	0
2012	11	4	0	0	0.831878237	0
2012	11	5	0	0	0.665022405	0
2012	11	6	0	0	0.263000541	0
2012	11	7	0	0	0.457305799	0
2012	11	8	0	0	0.41832582900000004	0
2012	11	9	0	0	0.629094465	0
2012	11	10	0	0	0.13742945699999998	0
2012	11	11	0	0	0.047180577	0
2012	11	12	0	0	0.052433036	0
2012	11	13	0	0	0.165784626	0
2012	11	14	0	0	0.382282676	0
2012	11	15	0	0	0.08041697	0
2012	11	16	0	0	0.090082324	0
2012	11	17	0	0	0.233927259	0
2012	11	18	0	0	0.36549378400000004	0
2012	11	19	0	0	0.08191372699999999	0
2012	11	20	0	0	0.12205472599999999	0
2012	11	21	0	0	0.16626339199999998	0
2012	11	22	0	0	0.11596726199999999	0
2012	11	23	0	0	0.45398017900000004	0
2012	11	24	0	0	0.36822678799999997	0
2012	11	25	0	0	0.37978240999999996	0
2012	11	26	0	0	0.055197784	0
2012	11	27	0	0	0.146406923	0
2012	11	28	0	0	0.009491765000000001	0
2012	11	29	0	0	0.036569022	0
2012	11	30	0	0	0.349182612	0
2012	12	1	0	0	0.065061828	0
2012	12	2	0	0	0.161217739	0
2012	12	3	0	0	0.3026399370000001	0
2012	12	4	0	0	0.262729207	0
2012	12	5	0	0	0.153417842	0
2012	12	6	0	0	0.297010099	0
2012	12	7	0	0	0.018778703	0
2012	12	8	0	0	0.11756204900000002	0
2012	12	9	0	0	0.285985199	0
2012	12	10	0	0	0.27208468100000005	0
2012	12	11	0	0	0.24327883900000002	0
2012	12	12	0	0	0.220644723	0
2012	12	13	0	0	0.07769549499999999	0
2012	12	14	0	0	0.251821594	0
2012	12	15	0	0	0.20347541900000002	0
2012	12	16	0	0	0.21698682500000002	0
2012	12	17	0	0	0.25637120300000005	0
2012	12	18	0	0	0.08144566700000001	0
2012	12	19	0	0	0.28319644	0
2012	12	20	0	0	0.018031321	0
2012	12	21	0	0	0.30578703700000004	0
2012	12	22	0	0	0.18824306899999996	0
2012	12	23	0	0	0.5201630660000001	0
2012	12	24	0	0	0.418503912	0
2012	12	25	0	0	1.1203625990000001	0
2012	12	26	0	0	0.7599285560000001	0
2012	12	27	0	0	0.7011015819999998	0
2012	12	28	0	0	0.520354838	0
2012	12	29	0	0	0.411595959	0
2012	12	30	0	0	0.84042466	0
2012	12	31	0	0	0.447126297	0
2013	1	1	0	0	0.197033831	0
2013	1	2	0	0	0.23596897500000003	0
2013	1	3	0	0	0.228636509	0
2013	1	4	0	0	0.102576133	0
2013	1	5	0	0	0.212754815	0
2013	1	6	0	0	0.071601067	0
2013	1	7	0	0	0.062975469	0
2013	1	8	0	0	0.391322297	0
2013	1	9	0	0	0.091685261	0
2013	1	10	0	0	0.08858332899999999	0
2013	1	11	0	0	0.060737740000000005	0
2013	1	12	0	0	0.361411173	0
2013	1	13	0	0	0.085759319	0
2013	1	14	0	0	0.07075813	0
2013	1	15	0	0	0.177102376	0
2013	1	16	0	0	0.22180242800000002	0
2013	1	17	0	0	0.15004631300000001	0
2013	1	18	0	0	0.29089542900000004	0
2013	1	19	0	0	0.099473897	0
2013	1	20	0	0	0.140031154	0
2013	1	21	0	0	0.22551630200000003	0
2013	1	22	0	0	0.209186929	0
2013	1	23	0	0	0.482198921	0
2013	1	24	0	0	0.050054537999999996	0
2013	1	25	0	0	0.28104689499999996	0
2013	1	26	0	0	0.392575296	0
2013	1	27	0	0	0.44583930200000005	0
2013	1	28	0	0	0.271742857	0
2013	1	29	0	0	0.6987489329999998	0
2013	1	30	0	0	0.890129041	0
2013	1	31	0	0	1.7077661030000004	0
2013	2	1	0	0	0.257944706	0
2013	2	2	0	0	0.38511260900000005	0
2013	2	3	0	0	0.4184233849999999	0
2013	2	4	0	0	0.398172477	0
2013	2	5	0	0	0.808557051	0
2013	2	6	0	0	0.31682780599999993	0
2013	2	7	0	0	0.328879031	0
2013	2	8	0	0	0.456586581	0
2013	2	9	0	0	0.48230048000000003	0
2013	2	10	0	0	0.676963356	0
2013	2	11	0	0	0.29290377799999995	0
2013	2	12	0	0	0.18468980699999998	0
2013	2	13	0	0	0.478079623	0
2013	2	14	0	0	0.5611520269999999	0
2013	2	15	0	0	0.29295778	0
2013	2	16	0	0	0.649476034	0
2013	2	17	0	0	0.324072181	0
2013	2	18	0	0	0.961561289	0
2013	2	19	0	0	0.9277585279999999	0
2013	2	20	0	0	0.34212035300000004	0
2013	2	21	0	0	0.6931583219999999	0
2013	2	22	0	0	0.455235927	0
2013	2	23	0	0	0.329005211	0
2013	2	24	0	0	0.5055324360000001	0
2013	2	25	0	0	0.711432405	0
2013	2	26	0	0	0.357249427	0
2013	2	27	0	0	0.030570352000000002	0
2013	2	28	0	0	0.21705813700000004	0
2013	3	1	0	0	0.25378839500000006	0
2013	3	2	0	0	0.16211979599999998	0
2013	3	3	0	0	0.746423256	0
2013	3	4	0	0	0.8009068960000001	0
2013	3	5	0	0	1.008565773	0
2013	3	6	0	0	1.084252669	0
2013	3	7	0	0	1.2012768830000002	0
2013	3	8	0	0	1.2762410860000002	0
2013	3	9	0	0	1.3048387140000004	0
2013	3	10	0	0	1.116178218	0
2013	3	11	0	0	0.516122128	0
2013	3	12	0	0	0.866838917	0
2013	3	13	0	0	0.26414461400000006	0
2013	3	14	0	0	0.9311074490000002	0
2013	3	15	0	0	1.052717412	0
2013	3	16	0	0	1.3520895560000001	0
2013	3	17	0	0	0.433828676	0
2013	3	18	0	0	0.39492327400000005	0
2013	3	19	0	0	1.448146191	0
2013	3	20	0	0	0.897102871	0
2013	3	21	0	0	1.1996466	0
2013	3	22	0	0	2.141253461	0
2013	3	23	0	0	0.8887090130000002	0
2013	3	24	0	0	0.70590655	0
2013	3	25	0	0	0.31817337900000003	0
2013	3	26	0	0	0.5899071289999999	0
2013	3	27	0	0	1.034595778	0
2013	3	28	0	0	0.196887247	0
2013	3	29	0	0	0.46124598099999997	0
2013	3	30	0	0	0.23418830899999996	0
2013	3	31	0	0	0.41090093600000005	0
2013	4	1	0	0	1.626940871	0
2013	4	2	0	0	0.640477724	0
2013	4	3	0	0	0.723237989	0
2013	4	4	0	0	1.3531003079999997	0
2013	4	5	0	0	0.280270833	0
2013	4	6	0	0	1.1787830219999997	0
2013	4	7	0	0	0.9129111800000003	0
2013	4	8	0	0	0.7344150019999999	0
2013	4	9	0	0	0.953054453	0
2013	4	10	0	0	2.147875973	0
2013	4	11	0	0	1.26090502	0
2013	4	12	0	0	1.9155051459999999	0
2013	4	13	0	0	2.3808422529999995	0
2013	4	14	0	0	3.318962741	0
2013	4	15	0	0	3.750235679	0
2013	4	16	0	0	2.9389128279999994	0
2013	4	17	0	0	3.359940898	0
2013	4	18	0	0	3.7255009670000003	0
2013	4	19	0	0	0.18826464299999998	0
2013	4	20	0	0	0.20598283	0
2013	4	21	0	0	0.398210586	0
2013	4	22	0	0	0.7557960709999999	0
2013	4	23	0	0	2.1340639340000003	0
2013	4	24	0	0	3.553043247	0
2013	4	25	0	0	3.7632697009999996	0
2013	4	26	0	0	2.866991589	0
2013	4	27	0	0	0.46594157899999994	0
2013	4	28	0	0	1.4327695379999998	0
2013	4	29	0	0	0.6579914739999999	0
2013	4	30	0	0	0.49916546	0
2013	5	1	0	0	2.4793730400000005	0
2013	5	2	0	0	2.2194304019999995	0
2013	5	3	0	0	0.711902656	0
2013	5	4	0	0	1.3036623110000003	0
2013	5	5	0	0	3.192325154	0
2013	5	6	0	0	2.588518046	0
2013	5	7	0	0	3.0186803849999992	0
2013	5	8	0	0	4.160392039000001	0
2013	5	9	0	0	1.8217682339999999	0
2013	5	10	0	0	0.987954997	0
2013	5	11	0	0	1.1224984159999998	0
2013	5	12	0	0	2.1773883590000005	0
2013	5	13	0	0	1.9654065099999998	0
2013	5	14	0	0	3.5877857939999998	0
2013	5	15	0	0	2.303336629	0
2013	5	16	0	0	1.3772181380000001	0
2013	5	17	0	0	1.246129744	0
2013	5	18	0	0	3.961155755	0
2013	5	19	0	0	2.4626815699999995	0
2013	5	20	0	0	3.365487358	0
2013	5	21	0	0	0.9724357760000001	0
2013	5	22	0	0	0.5747964309999999	0
2013	5	23	0	0	1.8282273329999996	0
2013	5	24	0	0	1.147183444	0
2013	5	25	0	0	1.518697897	0
2013	5	26	0	0	1.5758045910000003	0
2013	5	27	0	0	3.4609853920000004	0
2013	5	28	0	0	3.2458381220000003	0
2013	5	29	0	0	1.581885224	0
2013	5	30	0	0	1.6850844059999999	0
2013	5	31	0	0	0.367680665	0
2013	6	1	0	0	0.472316341	0
2013	6	2	0	0	1.7309488450000001	0
2013	6	3	0	0	2.257829348	0
2013	6	4	0	0	2.9338208089999993	0
2013	6	5	0	0	4.551112051999999	0
2013	6	6	0	0	4.906912796000001	0
2013	6	7	0	0	4.387024594	0
2013	6	8	0	0	4.652825477	0
2013	6	9	0	0	2.908532764	0
2013	6	10	0	0	1.6013717580000002	0
2013	6	11	0	0	2.0124681349999998	0
2013	6	12	0	0	4.053613662	0
2013	6	13	0	0	5.171343708000001	0
2013	6	14	0	0	1.493049772	0
2013	6	15	0	0	4.312294642	0
2013	6	16	0	0	4.414320984	0
2013	6	17	0	0	5.292805234999999	0
2013	6	18	0	0	5.589837516999999	0
2013	6	19	0	0	3.528807279	0
2013	6	20	0	0	2.243755985	0
2013	6	21	0	0	3.179901669	0
2013	6	22	0	0	2.9201217760000002	0
2013	6	23	0	0	1.0341430099999998	0
2013	6	24	0	0	1.925320678	0
2013	6	25	0	0	2.420000878	0
2013	6	26	0	0	3.097633066	0
2013	6	27	0	0	1.938632792	0
2013	6	28	0	0	2.9291845809999995	0
2013	6	29	0	0	0.683993538	0
2013	6	30	0	0	3.6497652300000003	0
2013	7	1	0	0	4.516500599	0
2013	7	2	0	0	4.160767765	0
2013	7	3	0	0	0.5060647010000001	0
2013	7	4	0	0	2.7458465910000003	0
2013	7	5	0	0	2.841566776	0
2013	7	6	0	0	4.433602207999999	0
2013	7	7	0	0	3.8928196289999994	0
2013	7	8	0	0	4.3769396789999995	0
2013	7	9	0	0	4.325556615000001	0
2013	7	10	0	0	4.731474066999999	0
2013	7	11	0	0	4.1960570079999995	0
2013	7	12	0	0	4.512645036	0
2013	7	13	0	0	4.2757483469999995	0
2013	7	14	0	0	4.54632801	0
2013	7	15	0	0	4.675633862	0
2013	7	16	0	0	4.789792348000001	0
2013	7	17	0	0	2.6397284510000003	0
2013	7	18	0	0	4.287327543	0
2013	7	19	0	0	4.403048608	0
2013	7	20	0	0	4.580892264	0
2013	7	21	0	0	4.5971749719999995	0
2013	7	22	0	0	4.715310870000001	0
2013	7	23	0	0	4.628068377000001	0
2013	7	24	0	0	2.681636231	0
2013	7	25	0	0	3.986563168	0
2013	7	26	0	0	4.538029274	0
2013	7	27	0	0	4.665389489999999	0
2013	7	28	0	0	4.0310156290000005	0
2013	7	29	0	0	0.466144295	0
2013	7	30	0	0	3.6070806799999997	0
2013	7	31	0	0	4.312713517000001	0
2013	8	1	0	0	4.541712335	0
2013	8	2	0	0	4.659472003	0
2013	8	3	0	0	3.5846197689999997	0
2013	8	4	0	0	3.0448500000000003	0
2013	8	5	0	0	4.088407171	0
2013	8	6	0	0	3.9208855679999997	0
2013	8	7	0	0	2.220674162	0
2013	8	8	0	0	0.559792644	0
2013	8	9	0	0	0.653382641	0
2013	8	10	0	0	3.8459924450000003	0
2013	8	11	0	0	3.655089981	0
2013	8	12	0	0	3.848510146	0
2013	8	13	0	0	2.9932594999999997	0
2013	8	14	0	0	3.294833291999999	0
2013	8	15	0	0	3.6846418679999995	0
2013	8	16	0	0	3.9197643309999997	0
2013	8	17	0	0	3.8337118640000005	0
2013	8	18	0	0	3.7774377029999995	0
2013	8	19	0	0	1.489853775	0
2013	8	20	0	0	3.716705973	0
2013	8	21	0	0	3.325351077	0
2013	8	22	0	0	3.469412458	0
2013	8	23	0	0	3.258511956	0
2013	8	24	0	0	0.9269763800000002	0
2013	8	25	0	0	2.238985762	0
2013	8	26	0	0	2.5321470930000003	0
2013	8	27	0	0	0.887881423	0
2013	8	28	0	0	0.874185342	0
2013	8	29	0	0	2.8283054960000005	0
2013	8	30	0	0	3.1057492680000003	0
2013	8	31	0	0	3.074501764	0
2013	9	1	0	0	2.2581372930000003	0
2013	9	2	0	0	3.05577503	0
2013	9	3	0	0	3.3864124029999996	0
2013	9	4	0	0	3.0938589720000005	0
2013	9	5	0	0	2.999812637	0
2013	9	6	0	0	3.091156714999999	0
2013	9	7	0	0	2.8798516399999996	0
2013	9	8	0	0	0.6051381690000002	0
2013	9	9	0	0	2.3635571250000003	0
2013	9	10	0	0	0.815409086	0
2013	9	11	0	0	1.3134417250000003	0
2013	9	12	0	0	0.8125291999999998	0
2013	9	13	0	0	2.2173491440000004	0
2013	9	14	0	0	1.513372965	0
2013	9	15	0	0	1.057149526	0
2013	9	16	0	0	0.445840922	0
2013	9	17	0	0	1.7525440749999999	0
2013	9	18	0	0	1.314017844	0
2013	9	19	0	0	1.252156824	0
2013	9	20	0	0	1.1968053610000002	0
2013	9	21	0	0	2.110704403	0
2013	9	22	0	0	1.567610214	0
2013	9	23	0	0	2.113412826	0
2013	9	24	0	0	1.397523564	0
2013	9	25	0	0	2.136570814	0
2013	9	26	0	0	0.960541012	0
2013	9	27	0	0	1.577184294	0
2013	9	28	0	0	0.593072816	0
2013	9	29	0	0	0.216061589	0
2013	9	30	0	0	0.394931829	0
2013	10	1	0	0	0.500974133	0
2013	10	2	0	0	0.703102667	0
2013	10	3	0	0	0.8241037019999999	0
2013	10	4	0	0	0.599058737	0
2013	10	5	0	0	1.115706048	0
2013	10	6	0	0	0.5377997369999999	0
2013	10	7	0	0	0.20658021399999998	0
2013	10	8	0	0	0.22159328800000003	0
2013	10	9	0	0	0.450169371	0
2013	10	10	0	0	0.128070882	0
2013	10	11	0	0	0.5631906959999999	0
2013	10	12	0	0	0.8069869120000001	0
2013	10	13	0	0	1.1324013400000001	0
2013	10	14	0	0	0.595351791	0
2013	10	15	0	0	1.070073573	0
2013	10	16	0	0	1.115303836	0
2013	10	17	0	0	1.3504092170000002	0
2013	10	18	0	0	1.0027963260000001	0
2013	10	19	0	0	1.0619180890000002	0
2013	10	20	0	0	0.3626417790000001	0
2013	10	21	0	0	0.819635749	0
2013	10	22	0	0	0.758274068	0
2013	10	23	0	0	0.18332011099999998	0
2013	10	24	0	0	0.6097155989999999	0
2013	10	25	0	0	0.673585837	0
2013	10	26	0	0	0.9849738500000002	0
2013	10	27	0	0	0.867102576	0
2013	10	28	0	0	2.243130886	0
2013	10	29	0	0	0.5400625969999999	0
2013	10	30	0	0	0.652606596	0
2013	10	31	0	0	0.28024959899999996	0
2013	11	1	0	0	0.230854441	0
2013	11	2	0	0	1.0289013419999997	0
2013	11	3	0	0	0.6160644260000001	0
2013	11	4	0	0	0.391472539	0
2013	11	5	0	0	0.7014538609999998	0
2013	11	6	0	0	0.855417308	0
2013	11	7	0	0	1.650735794	0
2013	11	8	0	0	0.8504405030000001	0
2013	11	9	0	0	0.5142984469999999	0
2013	11	10	0	0	0.24759720400000004	0
2013	11	11	0	0	0.48383812000000004	0
2013	11	12	0	0	0.143812608	0
2013	11	13	0	0	0.297275467	0
2013	11	14	0	0	0.10955084000000001	0
2013	11	15	0	0	0.37652482600000003	0
2013	11	16	0	0	0.114772278	0
2013	11	17	0	0	0.040283715	0
2013	11	18	0	0	0.06190354500000001	0
2013	11	19	0	0	0.013537691	0
2013	11	20	0	0	0.08240945699999999	0
2013	11	21	0	0	0.012386717	0
2013	11	22	0	0	0.155994373	0
2013	11	23	0	0	0.001228383	0
2013	11	24	0	0	0.024762183000000004	0
2013	11	25	0	0	0.618059366	0
2013	11	26	0	0	0.236656403	0
2013	11	27	0	0	0.519204029	0
2013	11	28	0	0	0.093247855	0
2013	11	29	0	0	0.364041809	0
2013	11	30	0	0	0.199349517	0
2013	12	1	0	0	0.371421561	0
2013	12	2	0	0	0.56210965	0
2013	12	3	0	0	0.08925086300000001	0
2013	12	4	0	0	0.443103367	0
2013	12	5	0	0	0.4368261779999999	0
2013	12	6	0	0	0.6229216719999999	0
2013	12	7	0	0	0.558222123	0
2013	12	8	0	0	0.365630855	0
2013	12	9	0	0	0.359303447	0
2013	12	10	0	0	0.345611325	0
2013	12	11	0	0	0.10140712399999999	0
2013	12	12	0	0	0.024221577	0
2013	12	13	0	0	0.065887592	0
2013	12	14	0	0	0.006258534	0
2013	12	15	0	0	0.061496524	0
2013	12	16	0	0	0.281243282	0
2013	12	17	0	0	0.29087994500000003	0
2013	12	18	0	0	0.209249257	0
2013	12	19	0	0	0.059908255	0
2013	12	20	0	0	0.07303077399999999	0
2013	12	21	0	0	0.17130088100000002	0
2013	12	22	0	0	0.413368929	0
2013	12	23	0	0	0.7891761860000002	0
2013	12	24	0	0	0.345006891	0
2013	12	25	0	0	0.10672494699999999	0
2013	12	26	0	0	0.001004677	0
2013	12	27	0	0	0.268825872	0
2013	12	28	0	0	0.220309438	0
2013	12	29	0	0	0.28031283	0
2013	12	30	0	0	0.10130484499999999	0
2013	12	31	0	0	0.261892481	0
2014	1	1	0	0	0.319838728	0
2014	1	2	0	0	0.14519743799999998	0
2014	1	3	0	0	0.28017831400000004	0
2014	1	4	0	0	0.003974359	0
2014	1	5	0	0	0.332890458	0
2014	1	6	0	0	0.41799483499999995	0
2014	1	7	0	0	0.6066990160000001	0
2014	1	8	0	0	0.346108328	0
2014	1	9	0	0	0.8190275749999999	0
2014	1	10	0	0	0.145522247	0
2014	1	11	0	0	0.162891593	0
2014	1	12	0	0	0.22017308600000002	0
2014	1	13	0	0	0.129776412	0
2014	1	14	0	0	0.01263534	0
2014	1	15	0	0	0.27546011500000006	0
2014	1	16	0	0	0.11117694799999998	0
2014	1	17	0	0	0.153419871	0
2014	1	18	0	0	0.007506425	0
2014	1	19	0	0	0.030837498999999997	0
2014	1	20	0	0	0.12767030499999998	0
2014	1	21	0	0	0.047815813000000006	0
2014	1	22	0	0	0.144707087	0
2014	1	23	0	0	0.139299959	0
2014	1	24	0	0	0.32898397100000004	0
2014	1	25	0	0	0.291152104	0
2014	1	26	0	0	0.8465208830000001	0
2014	1	27	0	0	0.32945832	0
2014	1	28	0	0	0.570247791	0
2014	1	29	0	0	0.388992357	0
2014	1	30	0	0	0.10225353100000001	0
2014	1	31	0	0	0.49304016800000006	0
2014	2	1	0	0	0.543419187	0
2014	2	2	0	0	0.14512793499999999	0
2014	2	3	0	0	0.128608508	0
2014	2	4	0	0	0.13601403	0
2014	2	5	0	0	0.12669208800000004	0
2014	2	6	0	0	0.944975973	0
2014	2	7	0	0	0.287283752	0
2014	2	8	0	0	0.255144502	0
2014	2	9	0	0	1.081255837	0
2014	2	10	0	0	0.72370324	0
2014	2	11	0	0	0.614309276	0
2014	2	12	0	0	0.663652527	0
2014	2	13	0	0	0.32381977799999995	0
2014	2	14	0	0	0.44493573	0
2014	2	15	0	0	1.0556741669999998	0
2014	2	16	0	0	0.34659026899999995	0
2014	2	17	0	0	0.944483606	0
2014	2	18	0	0	0.62473693	0
2014	2	19	0	0	0.158577652	0
2014	2	20	0	0	1.153776688	0
2014	2	21	0	0	0.202001922	0
2014	2	22	0	0	1.196649899	0
2014	2	23	0	0	0.7543857090000001	0
2014	2	24	0	0	1.184759411	0
2014	2	25	0	0	1.159951156	0
2014	2	26	0	0	0.67384756	0
2014	2	27	0	0	0.799752976	0
2014	2	28	0	0	1.101077725	0
2014	3	1	0	0	0.529431976	0
2014	3	2	0	0	0.28747183800000004	0
2014	3	3	0	0	0.319810997	0
2014	3	4	0	0	0.072836879	0
2014	3	5	0	0	0.86731246	0
2014	3	6	0	0	1.1354498899999999	0
2014	3	7	0	0	1.5017717890000002	0
2014	3	8	0	0	1.8797137420000003	0
2014	3	9	0	0	1.7259792299999999	0
2014	3	10	0	0	1.6860565169999997	0
2014	3	11	0	0	1.676536383	0
2014	3	12	0	0	1.7674445429999999	0
2014	3	13	0	0	1.69336105	0
2014	3	14	0	0	1.749619021	0
2014	3	15	0	0	1.029817156	0
2014	3	16	0	0	1.9290161909999999	0
2014	3	17	0	0	2.3833082539999997	0
2014	3	18	0	0	2.7475794110000002	0
2014	3	19	0	0	1.980405516	0
2014	3	20	0	0	2.340025941	0
2014	3	21	0	0	2.7914204339999995	0
2014	3	22	0	0	0.3354390299999999	0
2014	3	23	0	0	0.31657786600000004	0
2014	3	24	0	0	1.043487456	0
2014	3	25	0	0	1.0833105900000002	0
2014	3	26	0	0	0.7058158309999999	0
2014	3	27	0	0	1.911372927	0
2014	3	28	0	0	2.2772423349999995	0
2014	3	29	0	0	2.4084234609999995	0
2014	3	30	0	0	2.5192819859999998	0
2014	3	31	0	0	2.43348282	0
2014	4	1	0	0	2.445211154	0
2014	4	2	0	0	2.5938814299999997	0
2014	4	3	0	0	1.0148429829999999	0
2014	4	4	0	0	1.5096623459999998	0
2014	4	5	0	0	0.294746502	0
2014	4	6	0	0	1.889446556	0
2014	4	7	0	0	2.4671825059999994	0
2014	4	8	0	0	1.1576984260000003	0
2014	4	9	0	0	2.788775045	0
2014	4	10	0	0	2.860521739	0
2014	4	11	0	0	2.9956242030000007	0
2014	4	12	0	0	3.0795047980000003	0
2014	4	13	0	0	3.2464142299999996	0
2014	4	14	0	0	3.354085969	0
2014	4	15	0	0	2.657579378	0
2014	4	16	0	0	3.066474094	0
2014	4	17	0	0	3.001188657	0
2014	4	18	0	0	0.341980007	0
2014	4	19	0	0	0.542647051	0
2014	4	20	0	0	2.8375407869999996	0
2014	4	21	0	0	1.2415210239999999	0
2014	4	22	0	0	2.434024528	0
2014	4	23	0	0	3.5204525309999997	0
2014	4	24	0	0	3.4295985630000003	0
2014	4	25	0	0	3.266405771	0
2014	4	26	0	0	2.08291433	0
2014	4	27	0	0	0.7145538090000001	0
2014	4	28	0	0	0.338027262	0
2014	4	29	0	0	1.024793355	0
2014	4	30	0	0	0.459601632	0
2014	5	1	0	0	1.451686338	0
2014	5	2	0	0	0.806260925	0
2014	5	3	0	0	0.329892757	0
2014	5	4	0	0	2.570337734	0
2014	5	5	0	0	3.370349144	0
2014	5	6	0	0	3.1223693769999996	0
2014	5	7	0	0	1.232348499	0
2014	5	8	0	0	3.3131425640000005	0
2014	5	9	0	0	2.015483188	0
2014	5	10	0	0	3.752661304	0
2014	5	11	0	0	2.830143203	0
2014	5	12	0	0	2.2780277480000004	0
2014	5	13	0	0	1.3392193480000003	0
2014	5	14	0	0	1.466574865	0
2014	5	15	0	0	1.1056917809999998	0
2014	5	16	0	0	2.594450652	0
2014	5	17	0	0	3.0520193520000003	0
2014	5	18	0	0	3.929263891	0
2014	5	19	0	0	4.292607258	0
2014	5	20	0	0	3.987248605	0
2014	5	21	0	0	4.690846295000001	0
2014	5	22	0	0	3.275079656	0
2014	5	23	0	0	3.34970903	0
2014	5	24	0	0	3.245359557	0
2014	5	25	0	0	3.5806276299999995	0
2014	5	26	0	0	2.337693637	0
2014	5	27	0	0	1.2705938289999998	0
2014	5	28	0	0	2.487950531	0
2014	5	29	0	0	3.2566051270000003	0
2014	5	30	0	0	0.9381302650000002	0
2014	5	31	0	0	3.8378921910000003	0
2014	6	1	0	0	4.174768651	0
2014	6	2	0	0	3.1825565979999997	0
2014	6	3	0	0	3.353328602	0
2014	6	4	0	0	1.6878189399999999	0
2014	6	5	0	0	3.823904991	0
2014	6	6	0	0	4.285940255	0
2014	6	7	0	0	4.620772253	0
2014	6	8	0	0	4.854196545999999	0
2014	6	9	0	0	5.6015740030000005	0
2014	6	10	0	0	5.50427345	0
2014	6	11	0	0	4.9258691930000005	0
2014	6	12	0	0	4.005975595	0
2014	6	13	0	0	3.854424102	0
2014	6	14	0	0	3.8844724359999994	0
2014	6	15	0	0	4.7560773659999995	0
2014	6	16	0	0	4.716671729	0
2014	6	17	0	0	4.438162050999999	0
2014	6	18	0	0	4.7697229949999995	0
2014	6	19	0	0	3.9206683699999996	0
2014	6	20	0	0	3.8360780939999994	0
2014	6	21	0	0	4.7645336810000005	0
2014	6	22	0	0	4.919041894	0
2014	6	23	0	0	3.043581056999999	0
2014	6	24	0	0	3.236206900999999	0
2014	6	25	0	0	3.128542428	0
2014	6	26	0	0	4.189551117000001	0
2014	6	27	0	0	4.4913378040000005	0
2014	6	28	0	0	2.340200033	0
2014	6	29	0	0	0.716208598	0
2014	6	30	0	0	2.508054341	0
2014	7	1	0	0	4.3254540530000005	0
2014	7	2	0	0	0.767698903	0
2014	7	3	0	0	4.221902361	0
2014	7	4	0	0	2.3599608230000007	0
2014	7	5	0	0	2.06041348	0
2014	7	6	0	0	4.587231471	0
2014	7	7	0	0	2.323290688	0
2014	7	8	0	0	0.9898290279999999	0
2014	7	9	0	0	0.8030899310000001	0
2014	7	10	0	0	0.529974874	0
2014	7	11	0	0	0.934420047	0
2014	7	12	0	0	2.393998552	0
2014	7	13	0	0	1.820202991	0
2014	7	14	0	0	3.3194968429999996	0
2014	7	15	0	0	3.381266848	0
2014	7	16	0	0	4.462091255	0
2014	7	17	0	0	4.45515804	0
2014	7	18	0	0	5.093171808	0
2014	7	19	0	0	4.320182294	0
2014	7	20	0	0	2.067818133	0
2014	7	21	0	0	1.5333235129999998	0
2014	7	22	0	0	0.448769682	0
2014	7	23	0	0	3.2338050599999995	0
2014	7	24	0	0	3.293332026	0
2014	7	25	0	0	4.297989649999999	0
2014	7	26	0	0	0.769834572	0
2014	7	27	0	0	0.9778178200000001	0
2014	7	28	0	0	3.1059043149999996	0
2014	7	29	0	0	1.5692048650000001	0
2014	7	30	0	0	0.746182529	0
2014	7	31	0	0	3.4152529929999997	0
2014	8	1	0	0	3.340839922	0
2014	8	2	0	0	2.6986536009999997	0
2014	8	3	0	0	1.8431579310000004	0
2014	8	4	0	0	3.257613218	0
2014	8	5	0	0	3.838214506	0
2014	8	6	0	0	3.024379942000001	0
2014	8	7	0	0	2.532317995	0
2014	8	8	0	0	3.7037927339999985	0
2014	8	9	0	0	2.4566319110000006	0
2014	8	10	0	0	2.0817432819999997	0
2014	8	11	0	0	0.71935833	0
2014	8	12	0	0	2.760840565	0
2014	8	13	0	0	1.6149039980000002	0
2014	8	14	0	0	2.317030001	0
2014	8	15	0	0	1.867340239	0
2014	8	16	0	0	1.807278036	0
2014	8	17	0	0	3.4380999720000003	0
2014	8	18	0	0	3.2651022469999997	0
2014	8	19	0	0	2.03130854	0
2014	8	20	0	0	2.0822191090000004	0
2014	8	21	0	0	2.9530142280000002	0
2014	8	22	0	0	3.4958287629999996	0
2014	8	23	0	0	0.9894014409999999	0
2014	8	24	0	0	2.301531129	0
2014	8	25	0	0	1.4181884240000002	0
2014	8	26	0	0	0.8505045709999999	0
2014	8	27	0	0	2.011599292	0
2014	8	28	0	0	2.844634902	0
2014	8	29	0	0	1.406041601	0
2014	8	30	0	0	2.5285649500000003	0
2014	8	31	0	0	0.6392198969999998	0
2014	9	1	0	0	1.550079584	0
2014	9	2	0	0	2.2345533480000004	0
2014	9	3	0	0	1.292183308	0
2014	9	4	0	0	1.993083754	0
2014	9	5	0	0	1.45091736	0
2014	9	6	0	0	2.888110371	0
2014	9	7	0	0	2.804352539	0
2014	9	8	0	0	2.8629391699999998	0
2014	9	9	0	0	1.8551883789999999	0
2014	9	10	0	0	1.95515171	0
2014	9	11	0	0	1.485667718	0
2014	9	12	0	0	0.584440993	0
2014	9	13	0	0	1.4153860720000002	0
2014	9	14	0	0	1.352881301	0
2014	9	15	0	0	1.812587819	0
2014	9	16	0	0	1.88436506	0
2014	9	17	0	0	2.064653438	0
2014	9	18	0	0	1.038043042	0
2014	9	19	0	0	1.484051929	0
2014	9	20	0	0	1.7720024209999998	0
2014	9	21	0	0	0.947749174	0
2014	9	22	0	0	1.448155931	0
2014	9	23	0	0	2.201190115	0
2014	9	24	0	0	1.7824507429999996	0
2014	9	25	0	0	1.3184559880000002	0
2014	9	26	0	0	1.5253122250000002	0
2014	9	27	0	0	2.0230908579999998	0
2014	9	28	0	0	1.1943821250000002	0
2014	9	29	0	0	1.657961018	0
2014	9	30	0	0	0.417105897	0
2014	10	1	0	0	1.1279264820000001	0
2014	10	2	0	0	1.5647692819999999	0
2014	10	3	0	0	0.46957833899999996	0
2014	10	4	0	0	0.81567911	0
2014	10	5	0	0	1.365106076	0
2014	10	6	0	0	1.240917257	0
2014	10	7	0	0	0.642968235	0
2014	10	8	0	0	0.998508221	0
2014	10	9	0	0	1.7497830300000001	0
2014	10	10	0	0	0.9662219599999999	0
2014	10	11	0	0	0.6298578619999999	0
2014	10	12	0	0	1.0350761659999999	0
2014	10	13	0	0	0.18394664099999997	0
2014	10	14	0	0	1.28259072	0
2014	10	15	0	0	0.975259021	0
2014	10	16	0	0	0.535967179	0
2014	10	17	0	0	1.26257655	0
2014	10	18	0	0	0.9979995580000002	0
2014	10	19	0	0	1.634408316	0
2014	10	20	0	0	1.1606402380000003	0
2014	10	21	0	0	1.1434723919999998	0
2014	10	22	0	0	0.557136702	0
2014	10	23	0	0	0.46316830400000003	0
2014	10	24	0	0	0.781149477	0
2014	10	25	0	0	0.42211908200000003	0
2014	10	26	0	0	0.939516521	0
2014	10	27	0	0	0.15683586900000002	0
2014	10	28	0	0	0.580826811	0
2014	10	29	0	0	0.9616158730000002	0
2014	10	30	0	0	0.6527705100000001	0
2014	10	31	0	0	0.649371748	0
2014	11	1	0	0	0.4869647100000001	0
2014	11	2	0	0	0.7881825729999999	0
2014	11	3	0	0	0.8399666629999999	0
2014	11	4	0	0	0.6345075840000001	0
2014	11	5	0	0	0.057292210999999996	0
2014	11	6	0	0	0.10504601300000001	0
2014	11	7	0	0	0.779439508	0
2014	11	8	0	0	0.801910293	0
2014	11	9	0	0	0.208776739	0
2014	11	10	0	0	0.07746689699999999	0
2014	11	11	0	0	0.032483665	0
2014	11	12	0	0	0.17526419499999998	0
2014	11	13	0	0	0.28306882099999997	0
2014	11	14	0	0	0.238345737	0
2014	11	15	0	0	0.433738703	0
2014	11	16	0	0	0.476936306	0
2014	11	17	0	0	0.23334636400000003	0
2014	11	18	0	0	0.531007506	0
2014	11	19	0	0	0.227627896	0
2014	11	20	0	0	0.23149541699999995	0
2014	11	21	0	0	0.42495450500000004	0
2014	11	22	0	0	0.09684933999999999	0
2014	11	23	0	0	0.052991688	0
2014	11	24	0	0	0.36832784199999996	0
2014	11	25	0	0	0.037095227	0
2014	11	26	0	0	0.057424170999999996	0
2014	11	27	0	0	0.018024394	0
2014	11	28	0	0	0.121372701	0
2014	11	29	0	0	0.016245274	0
2014	11	30	0	0	0.021105244	0
2014	12	1	0	0	0.013758194	0
2014	12	2	0	0	0.050927005000000004	0
2014	12	3	0	0	0.07790948699999999	0
2014	12	4	0	0	0.013180118000000001	0
2014	12	5	0	0	0.0	0
2014	12	6	0	0	0.10874480699999999	0
2014	12	7	0	0	0.06218157999999999	0
2014	12	8	0	0	0.05211996499999999	0
2014	12	9	0	0	0.093954582	0
2014	12	10	0	0	0.24196113999999996	0
2014	12	11	0	0	0.661268962	0
2014	12	12	0	0	0.994500151	0
2014	12	13	0	0	0.7050749139999999	0
2014	12	14	0	0	0.100866605	0
2014	12	15	0	0	0.151855681	0
2014	12	16	0	0	0.30850318	0
2014	12	17	0	0	0.170467522	0
2014	12	18	0	0	0.295293774	0
2014	12	19	0	0	0.8143883770000001	0
2014	12	20	0	0	0.8024576319999999	0
2014	12	21	0	0	0.469630194	0
2014	12	22	0	0	0.405723512	0
2014	12	23	0	0	0.540502362	0
2014	12	24	0	0	0.40349509199999994	0
2014	12	25	0	0	0.34061335800000003	0
2014	12	26	0	0	0.193273647	0
2014	12	27	0	0	0.058927116	0
2014	12	28	0	0	0.056542135	0
2014	12	29	0	0	0.01364543	0
2014	12	30	0	0	0.031270497	0
2014	12	31	0	0	0.315363275	0
2015	1	1	0	0	0.09269285099999999	0
2015	1	2	0	0	0.143053054	0
2015	1	3	0	0	0.24326894799999998	0
2015	1	4	0	0	0.23267884100000003	0
2015	1	5	0	0	0.38427480299999994	0
2015	1	6	0	0	0.22281377500000002	0
2015	1	7	0	0	0.350272619	0
2015	1	8	0	0	0.6493836010000001	0
2015	1	9	0	0	0.783033659	0
2015	1	10	0	0	2.0049274729999995	0
2015	1	11	0	0	0.622766649	0
2015	1	12	0	0	0.7482981789999998	0
2015	1	13	0	0	1.146165613	0
2015	1	14	0	0	0.603142114	0
2015	1	15	0	0	0.4301534859999999	0
2015	1	16	0	0	0.225250284	0
2015	1	17	0	0	0.01563858	0
2015	1	18	0	0	0.132743154	0
2015	1	19	0	0	0.250501959	0
2015	1	20	0	0	0.085215719	0
2015	1	21	0	0	0.08177735600000001	0
2015	1	22	0	0	0.034755756	0
2015	1	23	0	0	0.028571422	0
2015	1	24	0	0	0.179870067	0
2015	1	25	0	0	0.193022123	0
2015	1	26	0	0	0.101247756	0
2015	1	27	0	0	0.390323578	0
2015	1	28	0	0	0.6434948100000001	0
2015	1	29	0	0	0.092736577	0
2015	1	30	0	0	0.5625516949999999	0
2015	1	31	0	0	0.5753434759999999	0
2015	2	1	0	0	0.395465643	0
2015	2	2	0	0	0.293531332	0
2015	2	3	0	0	0.333119582	0
2015	2	4	0	0	0.5078376710000001	0
2015	2	5	0	0	0.39215462999999995	0
2015	2	6	0	0	0.636708221	0
2015	2	7	0	0	0.5728212890000001	0
2015	2	8	0	0	0.23016292900000002	0
2015	2	9	0	0	0.35288674600000003	0
2015	2	10	0	0	0.8327743340000001	0
2015	2	11	0	0	0.354475987	0
2015	2	12	0	0	0.31108846	0
2015	2	13	0	0	0.37693979200000005	0
2015	2	14	0	0	0.7020857819999999	0
2015	2	15	0	0	0.36324663	0
2015	2	16	0	0	0.24865457400000002	0
2015	2	17	0	0	0.130077122	0
2015	2	18	0	0	0.133753161	0
2015	2	19	0	0	0.881568123	0
2015	2	20	0	0	1.398327611	0
2015	2	21	0	0	0.33750301000000005	0
2015	2	22	0	0	0.4162640590000001	0
2015	2	23	0	0	0.181847504	0
2015	2	24	0	0	0.500173748	0
2015	2	25	0	0	0.7074221039999998	0
2015	2	26	0	0	1.253224995	0
2015	2	27	0	0	0.17015317300000005	0
2015	2	28	0	0	0.413837394	0
2015	3	1	0	0	0.470433177	0
2015	3	2	0	0	0.8503922279999999	0
2015	3	3	0	0	1.6432068420000003	0
2015	3	4	0	0	0.696460251	0
2015	3	5	0	0	0.9793418469999998	0
2015	3	6	0	0	1.4688556169999998	0
2015	3	7	0	0	1.3171849890000003	0
2015	3	8	0	0	1.5845905169999999	0
2015	3	9	0	0	1.8374547589999999	0
2015	3	10	0	0	1.4881721979999998	0
2015	3	11	0	0	1.15652405	0
2015	3	12	0	0	2.0602069010000004	0
2015	3	13	0	0	1.6479979540000007	0
2015	3	14	0	0	1.495142983	0
2015	3	15	0	0	0.851914623	0
2015	3	16	0	0	1.4815692149999997	0
2015	3	17	0	0	1.7643555759999998	0
2015	3	18	0	0	2.104780358	0
2015	3	19	0	0	2.158884766	0
2015	3	20	0	0	1.8080187220000001	0
2015	3	21	0	0	0.45002210099999995	0
2015	3	22	0	0	0.45283161600000005	0
2015	3	23	0	0	1.583850679	0
2015	3	24	0	0	1.9341333979999997	0
2015	3	25	0	0	0.847363998	0
2015	3	26	0	0	0.320025959	0
2015	3	27	0	0	1.614578442	0
2015	3	28	0	0	2.2382818830000004	0
2015	3	29	0	0	1.115777914	0
2015	3	30	0	0	1.3335412750000002	0
2015	3	31	0	0	2.264589632	0
2015	4	1	0	0	1.507232544	0
2015	4	2	0	0	0.688200073	0
2015	4	3	0	0	1.48031662	0
2015	4	4	0	0	0.253559967	0
2015	4	5	0	0	1.556582099	0
2015	4	6	0	0	1.3077403399999998	0
2015	4	7	0	0	2.531764074	0
2015	4	8	0	0	3.011849639	0
2015	4	9	0	0	2.892529847	0
2015	4	10	0	0	2.898319714	0
2015	4	11	0	0	2.774947654	0
2015	4	12	0	0	3.081354041	0
2015	4	13	0	0	3.369660944	0
2015	4	14	0	0	3.113992502	0
2015	4	15	0	0	3.5714269549999993	0
2015	4	16	0	0	2.42588349	0
2015	4	17	0	0	0.37482792899999995	0
2015	4	18	0	0	2.8445529080000003	0
2015	4	19	0	0	3.4011928040000003	0
2015	4	20	0	0	3.4815458099999996	0
2015	4	21	0	0	3.79747005	0
2015	4	22	0	0	4.083043017	0
2015	4	23	0	0	3.199042511	0
2015	4	24	0	0	3.538336194	0
2015	4	25	0	0	1.6458181570000001	0
2015	4	26	0	0	2.364363536	0
2015	4	27	0	0	2.307262766	0
2015	4	28	0	0	0.56441573	0
2015	4	29	0	0	2.314777433	0
2015	4	30	0	0	3.073867182	0
2015	5	1	0	0	0.3659265749999999	0
2015	5	2	0	0	1.7115473739999998	0
2015	5	3	0	0	0.7623532970000001	0
2015	5	4	0	0	1.256573835	0
2015	5	5	0	0	1.513756898	0
2015	5	6	0	0	2.47419566	0
2015	5	7	0	0	3.228242049	0
2015	5	8	0	0	3.3045807779999996	0
2015	5	9	0	0	2.4728648700000004	0
2015	5	10	0	0	3.868881441	0
2015	5	11	0	0	3.6715717549999995	0
2015	5	12	0	0	4.813452483000001	0
2015	5	13	0	0	3.686166941	0
2015	5	14	0	0	3.3885265860000002	0
2015	5	15	0	0	0.184683225	0
2015	5	16	0	0	2.2820495359999993	0
2015	5	17	0	0	3.1708957799999995	0
2015	5	18	0	0	4.249114844999999	0
2015	5	19	0	0	0.800785926	0
2015	5	20	0	0	0.987411028	0
2015	5	21	0	0	1.007740868	0
2015	5	22	0	0	2.832171009	0
2015	5	23	0	0	2.389459866	0
2015	5	24	0	0	3.0112559710000006	0
2015	5	25	0	0	1.6990727849999998	0
2015	5	26	0	0	0.554357854	0
2015	5	27	0	0	2.665505804	0
2015	5	28	0	0	4.275125557999999	0
2015	5	29	0	0	4.541539341999999	0
2015	5	30	0	0	3.4572822590000003	0
2015	5	31	0	0	3.845054377	0
2015	6	1	0	0	4.223626805	0
2015	6	2	0	0	4.428725555	0
2015	6	3	0	0	5.013679282	0
2015	6	4	0	0	4.648257766	0
2015	6	5	0	0	4.754266265999999	0
2015	6	6	0	0	5.020885699	0
2015	6	7	0	0	4.7738641600000005	0
2015	6	8	0	0	2.9571921779999992	0
2015	6	9	0	0	0.7144332049999997	0
2015	6	10	0	0	1.4884848880000003	0
2015	6	11	0	0	4.164176007	0
2015	6	12	0	0	3.9758589429999995	0
2015	6	13	0	0	3.7005544550000002	0
2015	6	14	0	0	2.603388314	0
2015	6	15	0	0	1.1579736569999999	0
2015	6	16	0	0	1.6550326590000002	0
2015	6	17	0	0	4.047441624999999	0
2015	6	18	0	0	1.210567446	0
2015	6	19	0	0	3.88350326	0
2015	6	20	0	0	1.931443607	0
2015	6	21	0	0	1.3456940119999998	0
2015	6	22	0	0	2.2475273949999997	0
2015	6	23	0	0	3.276844684	0
2015	6	24	0	0	4.453322517	0
2015	6	25	0	0	3.811467447	0
2015	6	26	0	0	4.382324303000001	0
2015	6	27	0	0	3.8508334659999996	0
2015	6	28	0	0	4.725369118000001	0
2015	6	29	0	0	3.782526365	0
2015	6	30	0	0	5.165538017	0
2015	7	1	0	0	4.853779897	0
2015	7	2	0	0	4.867225059	0
2015	7	3	0	0	4.844836276	0
2015	7	4	0	0	5.067458198000001	0
2015	7	5	0	0	4.855332739	0
2015	7	6	0	0	4.299826089	0
2015	7	7	0	0	5.57715661	0
2015	7	8	0	0	3.5898374520000003	0
2015	7	9	0	0	4.442402545	0
2015	7	10	0	0	4.926033405999999	0
2015	7	11	0	0	5.7632550700000005	0
2015	7	12	0	0	4.996635239	0
2015	7	13	0	0	3.73004594	0
2015	7	14	0	0	5.221152235	0
2015	7	15	0	0	4.654431752000001	0
2015	7	16	0	0	5.2422265380000015	0
2015	7	17	0	0	4.408728791	0
2015	7	18	0	0	2.2887908120000007	0
2015	7	19	0	0	4.7822286830000005	0
2015	7	20	0	0	4.914747164	0
2015	7	21	0	0	4.898801665	0
2015	7	22	0	0	4.212138253000001	0
2015	7	23	0	0	2.6045405750000006	0
2015	7	24	0	0	4.146643281999999	0
2015	7	25	0	0	3.022408458	0
2015	7	26	0	0	2.5982274590000003	0
2015	7	27	0	0	4.642475155	0
2015	7	28	0	0	3.023709762	0
2015	7	29	0	0	0.665367169	0
2015	7	30	0	0	3.368492578	0
2015	7	31	0	0	3.9999024750000003	0
2015	8	1	0	0	1.456305728	0
2015	8	2	0	0	3.8629284530000003	0
2015	8	3	0	0	4.654868722000001	0
2015	8	4	0	0	2.424238421	0
2015	8	5	0	0	3.911986244	0
2015	8	6	0	0	3.875252608	0
2015	8	7	0	0	3.6627533029999997	0
2015	8	8	0	0	4.816990143000001	0
2015	8	9	0	0	2.8988717029999993	0
2015	8	10	0	0	3.053614063	0
2015	8	11	0	0	3.4819122679999994	0
2015	8	12	0	0	3.978380259	0
2015	8	13	0	0	4.104587283000001	0
2015	8	14	0	0	1.3343889530000002	0
2015	8	15	0	0	0.87216571	0
2015	8	16	0	0	0.931792028	0
2015	8	17	0	0	1.8771482800000001	0
2015	8	18	0	0	2.191459958	0
2015	8	19	0	0	0.510786118	0
2015	8	20	0	0	2.8929910009999995	0
2015	8	21	0	0	3.3190740709999997	0
2015	8	22	0	0	3.6338667929999997	0
2015	8	23	0	0	1.5479482820000003	0
2015	8	24	0	0	1.3173505689999998	0
2015	8	25	0	0	3.422609328	0
2015	8	26	0	0	3.2108415470000002	0
2015	8	27	0	0	3.367896932	0
2015	8	28	0	0	3.9212566089999994	0
2015	8	29	0	0	3.6685721890000003	0
2015	8	30	0	0	3.7834987460000002	0
2015	8	31	0	0	4.143160480999999	0
2015	9	1	0	0	0.7845663300000001	0
2015	9	2	0	0	1.558423575	0
2015	9	3	0	0	1.040074994	0
2015	9	4	0	0	2.453819648	0
2015	9	5	0	0	1.738888487	0
2015	9	6	0	0	1.379125488	0
2015	9	7	0	0	2.7619067530000003	0
2015	9	8	0	0	2.6798209049999997	0
2015	9	9	0	0	2.86010783	0
2015	9	10	0	0	2.2401943249999996	0
2015	9	11	0	0	2.01583549	0
2015	9	12	0	0	2.904426655000001	0
2015	9	13	0	0	1.335481359	0
2015	9	14	0	0	2.069783676	0
2015	9	15	0	0	1.5268971740000001	0
2015	9	16	0	0	1.096492309	0
2015	9	17	0	0	0.558510103	0
2015	9	18	0	0	0.744395492	0
2015	9	19	0	0	1.7736702279999998	0
2015	9	20	0	0	1.5003698060000001	0
2015	9	21	0	0	1.7231642769999997	0
2015	9	22	0	0	1.0754931600000002	0
2015	9	23	0	0	0.572998321	0
2015	9	24	0	0	1.40414344	0
2015	9	25	0	0	1.964560115	0
2015	9	26	0	0	1.3543548799999998	0
2015	9	27	0	0	1.7119274149999997	0
2015	9	28	0	0	2.5912701100000004	0
2015	9	29	0	0	2.5962337459999993	0
2015	9	30	0	0	1.394749579	0
2015	10	1	0	0	1.534499992	0
2015	10	2	0	0	1.607081834	0
2015	10	3	0	0	1.7960359819999998	0
2015	10	4	0	0	1.412909125	0
2015	10	5	0	0	1.198082001	0
2015	10	6	0	0	0.5922904950000001	0
2015	10	7	0	0	1.0903250429999998	0
2015	10	8	0	0	0.776131943	0
2015	10	9	0	0	0.8963258239999999	0
2015	10	10	0	0	0.19805753499999992	0
2015	10	11	0	0	0.486472606	0
2015	10	12	0	0	1.095557877	0
2015	10	13	0	0	0.167092646	0
2015	10	14	0	0	0.809867965	0
2015	10	15	0	0	0.199656273	0
2015	10	16	0	0	0.244352626	0
2015	10	17	0	0	0.24326627199999998	0
2015	10	18	0	0	0.094423249	0
2015	10	19	0	0	0.9888827870000001	0
2015	10	20	0	0	0.7961617369999999	0
2015	10	21	0	0	0.397387848	0
2015	10	22	0	0	0.7810813320000001	0
2015	10	23	0	0	0.38761861699999994	0
2015	10	24	0	0	1.1108040229999998	0
2015	10	25	0	0	0.705701582	0
2015	10	26	0	0	0.6826591299999999	0
2015	10	27	0	0	0.11249581299999999	0
2015	10	28	0	0	0.762903094	0
2015	10	29	0	0	0.314480798	0
2015	10	30	0	0	0.379324031	0
2015	10	31	0	0	0.238265363	0
2015	11	1	0	0	0.424188746	0
2015	11	2	0	0	0.09478481700000001	0
2015	11	3	0	0	0.350489881	0
2015	11	4	0	0	0.6627907889999999	0
2015	11	5	0	0	0.804153966	0
2015	11	6	0	0	0.9367519759999999	0
2015	11	7	0	0	0.81565391	0
2015	11	8	0	0	0.8006517439999999	0
2015	11	9	0	0	1.052619863	0
2015	11	10	0	0	0.8677517959999999	0
2015	11	11	0	0	0.445407922	0
2015	11	12	0	0	0.054951609	0
2015	11	13	0	0	0.745903023	0
2015	11	14	0	0	0.515832006	0
2015	11	15	0	0	1.3944965800000002	0
2015	11	16	0	0	0.701389134	0
2015	11	17	0	0	1.078265622	0
2015	11	18	0	0	1.668959843	0
2015	11	19	0	0	1.9922617790000001	0
2015	11	20	0	0	0.6536135909999998	0
2015	11	21	0	0	0.370532074	0
2015	11	22	0	0	0.358154063	0
2015	11	23	0	0	0.22972762999999996	0
2015	11	24	0	0	0.398168966	0
2015	11	25	0	0	0.158252165	0
2015	11	26	0	0	0.089383169	0
2015	11	27	0	0	0.14501556799999998	0
2015	11	28	0	0	0.21240946300000005	0
2015	11	29	0	0	0.5576560189999998	0
2015	11	30	0	0	1.395440758	0
2015	12	1	0	0	1.0277481170000002	0
2015	12	2	0	0	0.39861448800000004	0
2015	12	3	0	0	0.022021623	0
2015	12	4	0	0	0.07838571	0
2015	12	5	0	0	0.040884637	0
2015	12	6	0	0	0.43477303700000003	0
2015	12	7	0	0	0.15435118299999998	0
2015	12	8	0	0	0.265704601	0
2015	12	9	0	0	0.11068539499999999	0
2015	12	10	0	0	0.072139403	0
2015	12	11	0	0	0.394665186	0
2015	12	12	0	0	0.42453344	0
2015	12	13	0	0	0.39306476599999995	0
2015	12	14	0	0	0.043080993	0
2015	12	15	0	0	0.18778667699999999	0
2015	12	16	0	0	0.15223278499999998	0
2015	12	17	0	0	0.460183199	0
2015	12	18	0	0	0.15185344299999998	0
2015	12	19	0	0	0.246372969	0
2015	12	20	0	0	0.260647836	0
2015	12	21	0	0	0.17167503	0
2015	12	22	0	0	0.503199572	0
2015	12	23	0	0	0.663220594	0
2015	12	24	0	0	0.36970991200000003	0
2015	12	25	0	0	0.448790346	0
2015	12	26	0	0	0.399837339	0
2015	12	27	0	0	0.33523976	0
2015	12	28	0	0	0.075166643	0
2015	12	29	0	0	0.35161187699999996	0
2015	12	30	0	0	0.036924679	0
2015	12	31	0	0	0.005717055	0
2016	1	1	0	0	0.041647468	0
2016	1	2	0	0	0.048792866000000004	0
2016	1	3	0	0	0.25414017299999997	0
2016	1	4	0	0	0.112397447	0
2016	1	5	0	0	0.46646775	0
2016	1	6	0	0	0.299420609	0
2016	1	7	0	0	0.075796623	0
2016	1	8	0	0	0.051008608000000004	0
2016	1	9	0	0	0.056649936000000005	0
2016	1	10	0	0	0.069101445	0
2016	1	11	0	0	0.334125532	0
2016	1	12	0	0	0.5545126579999998	0
2016	1	13	0	0	0.39685243200000003	0
2016	1	14	0	0	0.18767183799999998	0
2016	1	15	0	0	0.7379470670000001	0
2016	1	16	0	0	0.284664983	0
2016	1	17	0	0	0.265791498	0
2016	1	18	0	0	0.34155130400000006	0
2016	1	19	0	0	0.033904204	0
2016	1	20	0	0	0.162206554	0
2016	1	21	0	0	0.396271327	0
2016	1	22	0	0	0.49291437000000005	0
2016	1	23	0	0	0.430916653	0
2016	1	24	0	0	0.182437054	0
2016	1	25	0	0	0.623784158	0
2016	1	26	0	0	0.545922025	0
2016	1	27	0	0	0.5112245759999999	0
2016	1	28	0	0	0.41882298300000004	0
2016	1	29	0	0	0.39660405000000004	0
2016	1	30	0	0	0.9120736890000001	0
2016	1	31	0	0	0.251322944	0
2016	2	1	0	0	1.062822131	0
2016	2	2	0	0	0.924389284	0
2016	2	3	0	0	0.28789475700000006	0
2016	2	4	0	0	0.459652823	0
2016	2	5	0	0	0.46939447799999995	0
2016	2	6	0	0	0.740798445	0
2016	2	7	0	0	0.3384238970000001	0
2016	2	8	0	0	1.427552908	0
2016	2	9	0	0	0.40944058400000005	0
2016	2	10	0	0	0.7532298070000001	0
2016	2	11	0	0	0.914224811	0
2016	2	12	0	0	0.573463132	0
2016	2	13	0	0	0.5143956439999999	0
2016	2	14	0	0	0.243823606	0
2016	2	15	0	0	0.16665846	0
2016	2	16	0	0	0.27556959900000005	0
2016	2	17	0	0	0.12305407699999998	0
2016	2	18	0	0	0.9222058060000001	0
2016	2	19	0	0	0.376791185	0
2016	2	20	0	0	0.429756127	0
2016	2	21	0	0	1.686499955	0
2016	2	22	0	0	1.530696035	0
2016	2	23	0	0	0.5783672059999998	0
2016	2	24	0	0	0.46586561399999993	0
2016	2	25	0	0	0.247072783	0
2016	2	26	0	0	1.023902036	0
2016	2	27	0	0	0.7352397239999999	0
2016	2	28	0	0	0.675976074	0
2016	2	29	0	0	0.061341523	0
2016	3	1	0	0	0.47243225699999997	0
2016	3	2	0	0	0.384636271	0
2016	3	3	0	0	0.42908637499999996	0
2016	3	4	0	0	0.506580717	0
2016	3	5	0	0	0.060863005000000005	0
2016	3	6	0	0	0.8128040759999999	0
2016	3	7	0	0	1.1049214649999999	0
2016	3	8	0	0	0.418265541	0
2016	3	9	0	0	1.128601173	0
2016	3	10	0	0	1.546834426	0
2016	3	11	0	0	1.1622204619999998	0
2016	3	12	0	0	0.343062656	0
2016	3	13	0	0	1.021888146	0
2016	3	14	0	0	0.7698812189999998	0
2016	3	15	0	0	0.867810579	0
2016	3	16	0	0	1.1765229020000003	0
2016	3	17	0	0	1.634114145	0
2016	3	18	0	0	1.956102902	0
2016	3	19	0	0	2.0700872449999994	0
2016	3	20	0	0	1.166182386	0
2016	3	21	0	0	0.676263024	0
2016	3	22	0	0	2.0839872310000005	0
2016	3	23	0	0	0.7109240889999999	0
2016	3	24	0	0	1.407609614	0
2016	3	25	0	0	0.570643491	0
2016	3	26	0	0	2.317447356	0
2016	3	27	0	0	0.746078189	0
2016	3	28	0	0	2.0383934770000005	0
2016	3	29	0	0	1.8829165490000002	0
2016	3	30	0	0	1.9952486929999997	0
2016	3	31	0	0	2.370762301	0
2016	4	1	0	0	1.347619035	0
2016	4	2	0	0	1.3079976290000002	0
2016	4	3	0	0	2.2387040289999995	0
2016	4	4	0	0	2.6714022219999998	0
2016	4	5	0	0	2.1080297509999997	0
2016	4	6	0	0	1.939202385	0
2016	4	7	0	0	0.8290241440000001	0
2016	4	8	0	0	0.6059811150000001	0
2016	4	9	0	0	0.30374246299999996	0
2016	4	10	0	0	2.858629109	0
2016	4	11	0	0	2.896811607	0
2016	4	12	0	0	2.701144453	0
2016	4	13	0	0	0.6915285420000001	0
2016	4	14	0	0	1.483404573	0
2016	4	15	0	0	0.799115856	0
2016	4	16	0	0	1.2246902530000001	0
2016	4	17	0	0	1.006402344	0
2016	4	18	0	0	0.211302995	0
2016	4	19	0	0	2.11543517	0
2016	4	20	0	0	3.442149817	0
2016	4	21	0	0	3.045743939	0
2016	4	22	0	0	2.960865506	0
2016	4	23	0	0	0.6073816780000001	0
2016	4	24	0	0	1.3904603559999997	0
2016	4	25	0	0	1.655793798	0
2016	4	26	0	0	0.8960612450000001	0
2016	4	27	0	0	1.6213833940000002	0
2016	4	28	0	0	2.7402823429999996	0
2016	4	29	0	0	3.4046331240000005	0
2016	4	30	0	0	2.769623192	0
2016	5	1	0	0	0.20591583099999997	0
2016	5	2	0	0	1.943704143	0
2016	5	3	0	0	2.076945728	0
2016	5	4	0	0	3.1194882369999997	0
2016	5	5	0	0	4.082011055000001	0
2016	5	6	0	0	4.043501384	0
2016	5	7	0	0	3.373565599	0
2016	5	8	0	0	3.772060027	0
2016	5	9	0	0	2.987195476	0
2016	5	10	0	0	3.0276272480000004	0
2016	5	11	0	0	1.8463242720000002	0
2016	5	12	0	0	0.40253743599999997	0
2016	5	13	0	0	0.29255013599999996	0
2016	5	14	0	0	1.2508780050000001	0
2016	5	15	0	0	2.3567186269999993	0
2016	5	16	0	0	1.3541085730000002	0
2016	5	17	0	0	2.761546889999999	0
2016	5	18	0	0	3.4153761600000005	0
2016	5	19	0	0	1.3351435030000003	0
2016	5	20	0	0	3.2909488770000004	0
2016	5	21	0	0	4.172083525000001	0
2016	5	22	0	0	4.164796978	0
2016	5	23	0	0	0.6866574900000001	0
2016	5	24	0	0	1.673709217	0
2016	5	25	0	0	3.039596139	0
2016	5	26	0	0	4.295297022	0
2016	5	27	0	0	3.9390305019999996	0
2016	5	28	0	0	2.3892249760000004	0
2016	5	29	0	0	0.870645513	0
2016	5	30	0	0	2.493069232	0
2016	5	31	0	0	2.8792188949999993	0
2016	6	1	0	0	2.156091047	0
2016	6	2	0	0	2.7461766130000003	0
2016	6	3	0	0	1.8680539530000002	0
2016	6	4	0	0	1.6052338759999998	0
2016	6	5	0	0	1.976175627	0
2016	6	6	0	0	3.6397558969999997	0
2016	6	7	0	0	3.2901621769999996	0
2016	6	8	0	0	0.24728114699999998	0
2016	6	9	0	0	2.469062	0
2016	6	10	0	0	4.300910695999999	0
2016	6	11	0	0	2.212572673	0
2016	6	12	0	0	1.549462096	0
2016	6	13	0	0	1.246140334	0
2016	6	14	0	0	1.7603598780000003	0
2016	6	15	0	0	2.017265481	0
2016	6	16	0	0	0.660491119	0
2016	6	17	0	0	3.106140374	0
2016	6	18	0	0	2.250798508	0
2016	6	19	0	0	1.4955544079999998	0
2016	6	20	0	0	3.8438045369999996	0
2016	6	21	0	0	1.6961955329999998	0
2016	6	22	0	0	4.730960445999999	0
2016	6	23	0	0	4.83742999	0
2016	6	24	0	0	4.782671087	0
2016	6	25	0	0	1.4966955219999998	0
2016	6	26	0	0	1.854528412	0
2016	6	27	0	0	4.09117715	0
2016	6	28	0	0	4.471484982000001	0
2016	6	29	0	0	3.5154308370000003	0
2016	6	30	0	0	2.445109225	0
2016	7	1	0	0	3.657248858	0
2016	7	2	0	0	0.637236011	0
2016	7	3	0	0	3.413937552	0
2016	7	4	0	0	4.418275932	0
2016	7	5	0	0	4.265701788	0
2016	7	6	0	0	3.9577782969999995	0
2016	7	7	0	0	4.657469649000001	0
2016	7	8	0	0	4.307622624999999	0
2016	7	9	0	0	4.4400420800000004	0
2016	7	10	0	0	5.0245641029999994	0
2016	7	11	0	0	2.984702136	0
2016	7	12	0	0	0.537502595	0
2016	7	13	0	0	0.8322088770000001	0
2016	7	14	0	0	1.3469503969999999	0
2016	7	15	0	0	1.859058302	0
2016	7	16	0	0	3.4451285670000003	0
2016	7	17	0	0	4.340159266000001	0
2016	7	18	0	0	4.562152162	0
2016	7	19	0	0	4.668931447999999	0
2016	7	20	0	0	4.777004085	0
2016	7	21	0	0	2.791686189	0
2016	7	22	0	0	1.9699020830000002	0
2016	7	23	0	0	2.6741312030000004	0
2016	7	24	0	0	3.8907402510000004	0
2016	7	25	0	0	2.327756719	0
2016	7	26	0	0	3.82813661	0
2016	7	27	0	0	3.3092461319999997	0
2016	7	28	0	0	3.732898421	0
2016	7	29	0	0	3.886462832	0
2016	7	30	0	0	4.126606337	0
2016	7	31	0	0	0.9161859360000001	0
2016	8	1	0	0	3.1534473210000007	0
2016	8	2	0	0	2.519352398	0
2016	8	3	0	0	3.6421675460000005	0
2016	8	4	0	0	3.5084022950000002	0
2016	8	5	0	0	1.327177277	0
2016	8	6	0	0	3.2803174349999997	0
2016	8	7	0	0	3.931107067	0
2016	8	8	0	0	3.9635992539999996	0
2016	8	9	0	0	0.3892636069999999	0
2016	8	10	0	0	2.7739807	0
2016	8	11	0	0	3.419640208	0
2016	8	12	0	0	2.2911879749999997	0
2016	8	13	0	0	3.781130687	0
2016	8	14	0	0	3.810814266	0
2016	8	15	0	0	3.3733820090000006	0
2016	8	16	0	0	3.3629737760000005	0
2016	8	17	0	0	2.8955182170000002	0
2016	8	18	0	0	1.431538364	0
2016	8	19	0	0	2.624926443	0
2016	8	20	0	0	0.61108886	0
2016	8	21	0	0	2.403022422	0
2016	8	22	0	0	3.19000102	0
2016	8	23	0	0	3.750773785	0
2016	8	24	0	0	3.592832004	0
2016	8	25	0	0	3.4705622949999997	0
2016	8	26	0	0	3.5325369	0
2016	8	27	0	0	3.4820476250000003	0
2016	8	28	0	0	4.121742407	0
2016	8	29	0	0	1.146953607	0
2016	8	30	0	0	3.1695729270000004	0
2016	8	31	0	0	3.178728389	0
2016	9	1	0	0	2.8354180259999997	0
2016	9	2	0	0	3.0500188759999998	0
2016	9	3	0	0	2.2640556530000002	0
2016	9	4	0	0	1.3013374990000002	0
2016	9	5	0	0	0.853815564	0
2016	9	6	0	0	2.94546861	0
2016	9	7	0	0	2.8001860720000002	0
2016	9	8	0	0	3.0684017299999997	0
2016	9	9	0	0	2.995549903	0
2016	9	10	0	0	2.5562084600000006	0
2016	9	11	0	0	2.7233660979999996	0
2016	9	12	0	0	2.7716891710000002	0
2016	9	13	0	0	2.7277793579999994	0
2016	9	14	0	0	2.704284929999999	0
2016	9	15	0	0	1.2879202509999998	0
2016	9	16	0	0	1.4226489439999999	0
2016	9	17	0	0	1.3410344510000003	0
2016	9	18	0	0	0.64947302	0
2016	9	19	0	0	0.831319483	0
2016	9	20	0	0	1.3836477420000002	0
2016	9	21	0	0	1.414518201	0
2016	9	22	0	0	1.6483132339999997	0
2016	9	23	0	0	1.677918815	0
2016	9	24	0	0	1.7321665950000003	0
2016	9	25	0	0	1.855565253	0
2016	9	26	0	0	1.5864457650000003	0
2016	9	27	0	0	1.268267283	0
2016	9	28	0	0	1.9403520810000001	0
2016	9	29	0	0	2.4039152130000003	0
2016	9	30	0	0	2.82962608	0
2016	10	1	0	0	1.4781629590000005	0
2016	10	2	0	0	0.991094433	0
2016	10	3	0	0	1.091888341	0
2016	10	4	0	0	1.7385532639999999	0
2016	10	5	0	0	1.380985302	0
2016	10	6	0	0	1.1899160299999998	0
2016	10	7	0	0	0.86092315	0
2016	10	8	0	0	0.36966097600000003	0
2016	10	9	0	0	0.7682274470000001	0
2016	10	10	0	0	0.797547201	0
2016	10	11	0	0	0.891635245	0
2016	10	12	0	0	0.929024731	0
2016	10	13	0	0	0.636802176	0
2016	10	14	0	0	0.446982574	0
2016	10	15	0	0	0.746119404	0
2016	10	16	0	0	0.527779204	0
2016	10	17	0	0	0.264622685	0
2016	10	18	0	0	0.508144292	0
2016	10	19	0	0	0.346287191	0
2016	10	20	0	0	0.9488406089999998	0
2016	10	21	0	0	0.139063599	0
2016	10	22	0	0	0.632201993	0
2016	10	23	0	0	0.140392563	0
2016	10	24	0	0	0.634619764	0
2016	10	25	0	0	0.070431971	0
2016	10	26	0	0	0.21122453600000002	0
2016	10	27	0	0	0.9230894959999998	0
2016	10	28	0	0	0.44180646700000004	0
2016	10	29	0	0	0.329349475	0
2016	10	30	0	0	0.6807964550000001	0
2016	10	31	0	0	0.104280433	0
2016	11	1	0	0	0.693372306	0
2016	11	2	0	0	0.5936870219999999	0
2016	11	3	0	0	0.891188223	0
2016	11	4	0	0	0.6914854629999999	0
2016	11	5	0	0	0.229076805	0
2016	11	6	0	0	0.0	0
2016	11	7	0	0	0.0	0
2016	11	8	0	0	0.0	0
2016	11	9	0	0	0.275467163	0
2016	11	10	0	0	0.32493746700000004	0
2016	11	11	0	0	0.205979003	0
2016	11	12	0	0	0.389291311	0
2016	11	13	0	0	0.17818516	0
2016	11	14	0	0	0.12239789100000001	0
2016	11	15	0	0	0.5052372629999999	0
2016	11	16	0	0	0.21127871099999998	0
2016	11	17	0	0	0.42805211800000004	0
2016	11	18	0	0	0.27187813600000005	0
2016	11	19	0	0	0.28316999700000006	0
2016	11	20	0	0	0.368718365	0
2016	11	21	0	0	0.216358462	0
2016	11	22	0	0	0.369669326	0
2016	11	23	0	0	0.21973865299999998	0
2016	11	24	0	0	0.23436451700000002	0
2016	11	25	0	0	0.116884048	0
2016	11	26	0	0	0.068658884	0
2016	11	27	0	0	0.19697482900000002	0
2016	11	28	0	0	0.9598346480000001	0
2016	11	29	0	0	0.43490165	0
2016	11	30	0	0	0.39498044400000004	0
2016	12	1	0	0	0.274344937	0
2016	12	2	0	0	0.42611014399999997	0
2016	12	3	0	0	0.122899906	0
2016	12	4	0	0	0.284728545	0
2016	12	5	0	0	0.12461547899999999	0
2016	12	6	0	0	0.33954841399999997	0
2016	12	7	0	0	0.03128094	0
2016	12	8	0	0	0.33356088500000003	0
2016	12	9	0	0	0.314244781	0
2016	12	10	0	0	0.381925664	0
2016	12	11	0	0	0.071942216	0
2016	12	12	0	0	0.138500005	0
2016	12	13	0	0	0.042385394	0
2016	12	14	0	0	0.092851085	0
2016	12	15	0	0	0.013105448	0
2016	12	16	0	0	0.005127304	0
2016	12	17	0	0	0.034251001	0
2016	12	18	0	0	0.20328577999999997	0
2016	12	19	0	0	0.19452160699999999	0
2016	12	20	0	0	0.12406263799999999	0
2016	12	21	0	0	0.023696042	0
2016	12	22	0	0	0.15908841499999998	0
2016	12	23	0	0	0.062193129	0
2016	12	24	0	0	0.340827563	0
2016	12	25	0	0	0.344035194	0
2016	12	26	0	0	0.317989463	0
2016	12	27	0	0	0.32324601399999997	0
2016	12	28	0	0	0.36881271299999996	0
2016	12	29	0	0	0.21165452399999998	0
2016	12	30	0	0	0.036619601	0
2016	12	31	0	0	0.029486954	0
2017	1	1	0	0	0.248035275	0
2017	1	2	0	0	0.150968596	0
2017	1	3	0	0	0.075978153	0
2017	1	4	0	0	0.22291651399999998	0
2017	1	5	0	0	0.147720213	0
2017	1	6	0	0	0.316672891	0
2017	1	7	0	0	0.10088927300000002	0
2017	1	8	0	0	0.111955891	0
2017	1	9	0	0	0.09602180500000002	0
2017	1	10	0	0	0.04559980499999999	0
2017	1	11	0	0	0.4679155649999999	0
2017	1	12	0	0	0.180678833	0
2017	1	13	0	0	0.5061839270000001	0
2017	1	14	0	0	0.25282467499999994	0
2017	1	15	0	0	0.24691754899999996	0
2017	1	16	0	0	0.25591269899999997	0
2017	1	17	0	0	0.431241025	0
2017	1	18	0	0	0.558665821	0
2017	1	19	0	0	0.232850368	0
2017	1	20	0	0	0.08466993200000002	0
2017	1	21	0	0	0.09920464400000001	0
2017	1	22	0	0	0.120281237	0
2017	1	23	0	0	0.096557946	0
2017	1	24	0	0	0.070106511	0
2017	1	25	0	0	0.157610547	0
2017	1	26	0	0	0.147239835	0
2017	1	27	0	0	0.367894972	0
2017	1	28	0	0	0.50775146	0
2017	1	29	0	0	0.554404519	0
2017	1	30	0	0	0.18298399799999998	0
2017	1	31	0	0	0.11872230800000001	0
2017	2	1	0	0	0.313113985	0
2017	2	2	0	0	0.221456394	0
2017	2	3	0	0	0.583621156	0
2017	2	4	0	0	0.6617810989999999	0
2017	2	5	0	0	0.15665651	0
2017	2	6	0	0	0.35543983999999995	0
2017	2	7	0	0	0.29607656000000004	0
2017	2	8	0	0	0.08065472500000001	0
2017	2	9	0	0	0.17791672600000003	0
2017	2	10	0	0	0.296142072	0
2017	2	11	0	0	0.360656204	0
2017	2	12	0	0	0.490178569	0
2017	2	13	0	0	0.30775840000000004	0
2017	2	14	0	0	0.5183049890000001	0
2017	2	15	0	0	0.879390431	0
2017	2	16	0	0	1.074517818	0
2017	2	17	0	0	0.09517089099999998	0
2017	2	18	0	0	0.621793416	0
2017	2	19	0	0	0.973812941	0
2017	2	20	0	0	1.0827109379999997	0
2017	2	21	0	0	0.5395579580000002	0
2017	2	22	0	0	1.2200513210000001	0
2017	2	23	0	0	3.19185433	0
2017	2	24	0	0	1.1420773270000002	0
2017	2	25	0	0	0.759482648	0
2017	2	26	0	0	1.2006366650000002	0
2017	2	27	0	0	1.6558719290000004	0
2017	2	28	0	0	0.6549326820000001	0
2017	3	1	0	0	0.949697651	0
2017	3	2	0	0	1.3938239529999998	0
2017	3	3	0	0	1.1363260789999998	0
2017	3	4	0	0	1.5306824439999998	0
2017	3	5	0	0	1.1688780620000003	0
2017	3	6	0	0	0.38687643	0
2017	3	7	0	0	0.514965643	0
2017	3	8	0	0	0.71822493	0
2017	3	9	0	0	0.30419826899999997	0
2017	3	10	0	0	1.8278588260000004	0
2017	3	11	0	0	1.7736951839999997	0
2017	3	12	0	0	1.7664118279999999	0
2017	3	13	0	0	1.7534128400000002	0
2017	3	14	0	0	1.820486217	0
2017	3	15	0	0	2.041391741	0
2017	3	16	0	0	2.0687744869999998	0
2017	3	17	0	0	2.6185502439999997	0
2017	3	18	0	0	0.5832451500000002	0
2017	3	19	0	0	1.3274214260000001	0
2017	3	20	0	0	1.224195333	0
2017	3	21	0	0	1.3974419139999998	0
2017	3	22	0	0	0.3620593279999999	0
2017	3	23	0	0	2.312665605	0
2017	3	24	0	0	1.025298688	0
2017	3	25	0	0	2.008050681	0
2017	3	26	0	0	1.373460047	0
2017	3	27	0	0	2.288309129	0
2017	3	28	0	0	2.588965505	0
2017	3	29	0	0	2.4013123660000004	0
2017	3	30	0	0	2.598094397	0
2017	3	31	0	0	2.690359913	0
2017	4	1	0	0	2.725446651	0
2017	4	2	0	0	1.866136328	0
2017	4	3	0	0	2.337681202	0
2017	4	4	0	0	1.7428676540000003	0
2017	4	5	0	0	1.9796063950000002	0
2017	4	6	0	0	2.211075049	0
2017	4	7	0	0	2.6619200270000003	0
2017	4	8	0	0	2.821534354	0
2017	4	9	0	0	3.282175448	0
2017	4	10	0	0	3.836575173	0
2017	4	11	0	0	1.9532519429999997	0
2017	4	12	0	0	3.4554690600000004	0
2017	4	13	0	0	3.4822651439999994	0
2017	4	14	0	0	1.961991785	0
2017	4	15	0	0	1.2780263559999998	0
2017	4	16	0	0	0.487808357	0
2017	4	17	0	0	1.318364437	0
2017	4	18	0	0	1.541645125	0
2017	4	19	0	0	0.8088745860000001	0
2017	4	20	0	0	2.058944432	0
2017	4	21	0	0	2.736108451	0
2017	4	22	0	0	3.0137572470000005	0
2017	4	23	0	0	2.6366939030000003	0
2017	4	24	0	0	3.34518588	0
2017	4	25	0	0	0.530977398	0
2017	4	26	0	0	0.366189785	0
2017	4	27	0	0	0.341977341	0
2017	4	28	0	0	0.6896707509999999	0
2017	4	29	0	0	2.9919278719999998	0
2017	4	30	0	0	3.566973998	0
2017	5	1	0	0	0.525386821	0
2017	5	2	0	0	2.312639869	0
2017	5	3	0	0	1.9692725180000001	0
2017	5	4	0	0	1.525981929	0
2017	5	5	0	0	3.573637638999999	0
2017	5	6	0	0	1.220606407	0
2017	5	7	0	0	0.9475416320000001	0
2017	5	8	0	0	0.772295034	0
2017	5	9	0	0	2.0302606020000002	0
2017	5	10	0	0	3.6406263800000005	0
2017	5	11	0	0	2.1544797	0
2017	5	12	0	0	2.981123526	0
2017	5	13	0	0	3.144270948	0
2017	5	14	0	0	2.354735233	0
2017	5	15	0	0	3.736803603	0
2017	5	16	0	0	4.406263869	0
2017	5	17	0	0	4.194790337000001	0
2017	5	18	0	0	3.266703171	0
2017	5	19	0	0	0.7697057920000001	0
2017	5	20	0	0	2.2886824540000004	0
2017	5	21	0	0	3.9360316120000003	0
2017	5	22	0	0	4.341464796	0
2017	5	23	0	0	4.301668552000001	0
2017	5	24	0	0	3.750545144	0
2017	5	25	0	0	4.369060221	0
2017	5	26	0	0	5.074768539000001	0
2017	5	27	0	0	4.591621851	0
2017	5	28	0	0	4.301969078000001	0
2017	5	29	0	0	5.234058833	0
2017	5	30	0	0	5.212506497999999	0
2017	5	31	0	0	3.5148388109999997	0
2017	6	1	0	0	3.643983367	0
2017	6	2	0	0	4.361121884999999	0
2017	6	3	0	0	4.060981713	0
2017	6	4	0	0	3.403464683	0
2017	6	5	0	0	0.8646683079999999	0
2017	6	6	0	0	1.8972707309999999	0
2017	6	7	0	0	3.685397511	0
2017	6	8	0	0	4.184443568000001	0
2017	6	9	0	0	2.829570554	0
2017	6	10	0	0	4.347225075	0
2017	6	11	0	0	4.933169633	0
2017	6	12	0	0	3.43689733	0
2017	6	13	0	0	4.962392546	0
2017	6	14	0	0	2.7895560629999996	0
2017	6	15	0	0	4.555042471000001	0
2017	6	16	0	0	5.136935021999999	0
2017	6	17	0	0	4.480556559999999	0
2017	6	18	0	0	5.047706015	0
2017	6	19	0	0	4.834714543	0
2017	6	20	0	0	5.349055176999999	0
2017	6	21	0	0	4.516977730999999	0
2017	6	22	0	0	5.289530157999999	0
2017	6	23	0	0	5.119559809999999	0
2017	6	24	0	0	2.0711130479999995	0
2017	6	25	0	0	3.40521813	0
2017	6	26	0	0	4.9766671460000005	0
2017	6	27	0	0	2.671725564	0
2017	6	28	0	0	2.83110799	0
2017	6	29	0	0	3.594314581	0
2017	6	30	0	0	4.227407484	0
2017	7	1	0	0	3.3750767679999996	0
2017	7	2	0	0	0.7495659800000001	0
2017	7	3	0	0	3.5276677690000002	0
2017	7	4	0	0	4.557733187999999	0
2017	7	5	0	0	5.032408976	0
2017	7	6	0	0	5.630510782	0
2017	7	7	0	0	4.052615735	0
2017	7	8	0	0	3.800799737	0
2017	7	9	0	0	2.145144289	0
2017	7	10	0	0	2.507314233	0
2017	7	11	0	0	2.8541604260000004	0
2017	7	12	0	0	3.8302560169999995	0
2017	7	13	0	0	3.4451158690000003	0
2017	7	14	0	0	3.568481245	0
2017	7	15	0	0	3.4695439839999995	0
2017	7	16	0	0	3.6239242320000002	0
2017	7	17	0	0	4.4915874559999995	0
2017	7	18	0	0	3.649492562	0
2017	7	19	0	0	4.7737305999999995	0
2017	7	20	0	0	2.5621570620000003	0
2017	7	21	0	0	3.609488697	0
2017	7	22	0	0	3.805655806	0
2017	7	23	0	0	1.886160892	0
2017	7	24	0	0	1.4300531529999998	0
2017	7	25	0	0	1.473921635	0
2017	7	26	0	0	1.9707596679999997	0
2017	7	27	0	0	1.753174181	0
2017	7	28	0	0	1.7557852110000003	0
2017	7	29	0	0	3.5123175400000006	0
2017	7	30	0	0	3.765439376999999	0
2017	7	31	0	0	2.421193219	0
2017	8	1	0	0	3.282762131	0
2017	8	2	0	0	4.196262299	0
2017	8	3	0	0	3.9499285009999996	0
2017	8	4	0	0	3.131149959	0
2017	8	5	0	0	3.614309751	0
2017	8	6	0	0	1.735594203	0
2017	8	7	0	0	3.8892834940000003	0
2017	8	8	0	0	0.9748207440000001	0
2017	8	9	0	0	1.8403926170000002	0
2017	8	10	0	0	0.38378723800000003	0
2017	8	11	0	0	0.6302987189999998	0
2017	8	12	0	0	1.838481079	0
2017	8	13	0	0	3.317932464	0
2017	8	14	0	0	3.5720779300000003	0
2017	8	15	0	0	3.488413929000001	0
2017	8	16	0	0	3.113901284000001	0
2017	8	17	0	0	3.277938344	0
2017	8	18	0	0	3.74062717	0
2017	8	19	0	0	2.547712545	0
2017	8	20	0	0	3.313160817	0
2017	8	21	0	0	1.92265174	0
2017	8	22	0	0	3.441867957	0
2017	8	23	0	0	3.269550924	0
2017	8	24	0	0	2.9283118269999995	0
2017	8	25	0	0	2.7735371380000005	0
2017	8	26	0	0	3.601143836	0
2017	8	27	0	0	2.25162551	0
2017	8	28	0	0	2.8506220009999996	0
2017	8	29	0	0	3.393716582	0
2017	8	30	0	0	3.4970733629999997	0
2017	8	31	0	0	0.28167830499999996	0
2017	9	1	0	0	0.538868213	0
2017	9	2	0	0	0.8969530819999999	0
2017	9	3	0	0	2.1252349489999998	0
2017	9	4	0	0	2.4144045239999996	0
2017	9	5	0	0	3.0198512140000004	0
2017	9	6	0	0	2.4991470710000003	0
2017	9	7	0	0	1.655347421	0
2017	9	8	0	0	2.491301721	0
2017	9	9	0	0	0.168617462	0
2017	9	10	0	0	1.375977245	0
2017	9	11	0	0	1.4010221370000002	0
2017	9	12	0	0	1.1820414849999998	0
2017	9	13	0	0	1.597704381	0
2017	9	14	0	0	1.487812394	0
2017	9	15	0	0	2.070267943	0
2017	9	16	0	0	1.739672363	0
2017	9	17	0	0	1.4361650849999998	0
2017	9	18	0	0	1.412245759	0
2017	9	19	0	0	1.0825971559999998	0
2017	9	20	0	0	1.2210056889999998	0
2017	9	21	0	0	1.8996058749999998	0
2017	9	22	0	0	2.090915	0
2017	9	23	0	0	1.9876136279999999	0
2017	9	24	0	0	1.894563202	0
2017	9	25	0	0	1.509819368	0
2017	9	26	0	0	1.25755117	0
2017	9	27	0	0	1.687966318	0
2017	9	28	0	0	1.501718051	0
2017	9	29	0	0	1.1715725570000002	0
2017	9	30	0	0	1.469276174	0
2017	10	1	0	0	1.155186745	0
2017	10	2	0	0	0.789070584	0
2017	10	3	0	0	1.3994824399999999	0
2017	10	4	0	0	1.117540705	0
2017	10	5	0	0	2.4967615690000002	0
2017	10	6	0	0	0.8090043889999999	0
2017	10	7	0	0	1.472305784	0
2017	10	8	0	0	0.475308654	0
2017	10	9	0	0	0.750470533	0
2017	10	10	0	0	1.522468207	0
2017	10	11	0	0	1.7145446280000003	0
2017	10	12	0	0	1.51026376	0
2017	10	13	0	0	1.3243141729999999	0
2017	10	14	0	0	1.302260651	0
2017	10	15	0	0	1.079170484	0
2017	10	16	0	0	1.4327718420000002	0
2017	10	17	0	0	1.464216566	0
2017	10	18	0	0	1.350176542	0
2017	10	19	0	0	1.1527166199999999	0
2017	10	20	0	0	0.9535650570000002	0
2017	10	21	0	0	1.3001243349999998	0
2017	10	22	0	0	0.74856256	0
2017	10	23	0	0	0.385885013	0
2017	10	24	0	0	1.03554421	0
2017	10	25	0	0	1.1914165639999998	0
2017	10	26	0	0	1.151994184	0
2017	10	27	0	0	0.45947158000000005	0
2017	10	28	0	0	0.9690304960000001	0
2017	10	29	0	0	0.517558454	0
2017	10	30	0	0	0.9007545639999999	0
2017	10	31	0	0	0.8443654030000001	0
2017	11	1	0	0	0.775941453	0
2017	11	2	0	0	1.059358628	0
2017	11	3	0	0	0.8379229269999999	0
2017	11	4	0	0	0.6793879790000001	0
2017	11	5	0	0	0.09861311	0
2017	11	6	0	0	0.28253643300000003	0
2017	11	7	0	0	0.16734610100000002	0
2017	11	8	0	0	0.117477425	0
2017	11	9	0	0	0.068551507	0
2017	11	10	0	0	0.34317130100000004	0
2017	11	11	0	0	0.4691947150000001	0
2017	11	12	0	0	0.512298765	0
2017	11	13	0	0	0.351735989	0
2017	11	14	0	0	0.369422606	0
2017	11	15	0	0	0.198979148	0
2017	11	16	0	0	0.11129941999999998	0
2017	11	17	0	0	0.245222722	0
2017	11	18	0	0	0.131454343	0
2017	11	19	0	0	0.16809728000000002	0
2017	11	20	0	0	0.113203287	0
2017	11	21	0	0	0.455219995	0
2017	11	22	0	0	0.64552893	0
2017	11	23	0	0	0.893655081	0
2017	11	24	0	0	0.77622969	0
2017	11	25	0	0	0.148999624	0
2017	11	26	0	0	0.35066646400000007	0
2017	11	27	0	0	0.686505632	0
2017	11	28	0	0	0.6506148390000001	0
2017	11	29	0	0	0.163734569	0
2017	11	30	0	0	0.238926565	0
2017	12	1	0	0	0.26582442100000003	0
2017	12	2	0	0	0.336728788	0
2017	12	3	0	0	0.25412682	0
2017	12	4	0	0	0.048731835	0
2017	12	5	0	0	0.18327438199999999	0
2017	12	6	0	0	0.0	0
2017	12	7	0	0	0.595854038	0
2017	12	8	0	0	0.26785127000000003	0
2017	12	9	0	0	0.344485928	0
2017	12	10	0	0	0.14916234199999995	0
2017	12	11	0	0	0.081008223	0
2017	12	12	0	0	0.28942709099999997	0
2017	12	13	0	0	0.497482626	0
2017	12	14	0	0	0.362926089	0
2017	12	15	0	0	0.581285127	0
2017	12	16	0	0	0.05735278800000001	0
2017	12	17	0	0	0.225935742	0
2017	12	18	0	0	0.09348558300000001	0
2017	12	19	0	0	0.068601498	0
2017	12	20	0	0	0.075023498	0
2017	12	21	0	0	0.299481151	0
2017	12	22	0	0	0.016238926	0
2017	12	23	0	0	0.054547053	0
2017	12	24	0	0	0.036601656	0
2017	12	25	0	0	0.156329154	0
2017	12	26	0	0	0.21940644300000003	0
2017	12	27	0	0	0.06678251	0
2017	12	28	0	0	0.42803775499999996	0
2017	12	29	0	0	0.64328041	0
2017	12	30	0	0	0.343989872	0
