YYYY	MM	DD	hh	mm	RS
2016	1	1	0	0	28.9973817082614
2016	1	2	0	0	29.934062185654696
2016	1	3	0	0	32.8510173989973
2016	1	4	0	0	17.2973690554899
2016	1	5	0	0	20.4878621777503
2016	1	6	0	0	24.6046394712402
2016	1	7	0	0	27.2052704191076
2016	1	8	0	0	17.8993791448052
2016	1	9	0	0	19.0051719798142
2016	1	10	0	0	38.40729483282679
2016	1	11	0	0	56.8219455656696
2016	1	12	0	0	29.935313234319896
2016	1	13	0	0	24.6160068090766
2016	1	14	0	0	40.555792409303706
2016	1	15	0	0	46.94265468768821
2016	1	16	0	0	22.3033836485932
2016	1	17	0	0	43.25590357968549
2016	1	18	0	0	46.8264545515417
2016	1	19	0	0	50.036043696521
2016	1	20	0	0	29.2806311102662
2016	1	21	0	0	23.6556442417332
2016	1	22	0	0	18.4968135056099
2016	1	23	0	0	34.624346559974605
2016	1	24	0	0	19.5081536566124
2016	1	25	0	0	47.1750047703919
2016	1	26	0	0	23.0782067976898
2016	1	27	0	0	34.6934323668481
2016	1	28	0	0	34.6333239791952
2016	1	29	0	0	29.9209527341375
2016	1	30	0	0	42.49818444650911
2016	1	31	0	0	31.3016282751123
2016	2	1	0	0	33.784261611359895
2016	2	2	0	0	33.9397802369115
2016	2	3	0	0	46.5183593775607
2016	2	4	0	0	35.7489595910913
2016	2	5	0	0	74.855982674281
2016	2	6	0	0	44.2967782443503
2016	2	7	0	0	94.6366672027532
2016	2	8	0	0	74.855982674281
2016	2	9	0	0	47.5221877884402
2016	2	10	0	0	60.0473341961624
2016	2	11	0	0	39.9534644012907
2016	2	12	0	0	75.82136902134029
2016	2	13	0	0	42.4297092629494
2016	2	14	0	0	82.5963818658159
2016	2	15	0	0	32.815354022593695
2016	2	16	0	0	31.4
2016	2	17	0	0	97.21157153853572
2016	2	18	0	0	25.873780427712603
2016	2	19	0	0	78.7768194500646
2016	2	20	0	0	104.44820131442
2016	2	21	0	0	122.115760619275
2016	2	22	0	0	99.602191478227
2016	2	23	0	0	108.393788835357
2016	2	24	0	0	20.9503310629882
2016	2	25	0	0	104.534066952919
2016	2	26	0	0	122.497689437683
2016	2	27	0	0	95.2486928596969
2016	2	28	0	0	69.84942484362571
2016	2	29	0	0	56.4337993895463
2016	3	1	0	0	121.094676736727
2016	3	2	0	0	109.516301991895
2016	3	3	0	0	40.14373703367389
2016	3	4	0	0	124.688864176797
2016	3	5	0	0	130.559152378409
2016	3	6	0	0	50.899701417021504
2016	3	7	0	0	63.8762192411331
2016	3	8	0	0	86.7120465167074
2016	3	9	0	0	47.502891877317296
2016	3	10	0	0	102.617257032344
2016	3	11	0	0	122.449236237781
2016	3	12	0	0	153.361130947662
2016	3	13	0	0	150.799262638662
2016	3	14	0	0	169.46403919183902
2016	3	15	0	0	155.35425358793998
2016	3	16	0	0	84.702799761971
2016	3	17	0	0	76.66481677810799
2016	3	18	0	0	125.013684657223
2016	3	19	0	0	131.389345690023
2016	3	20	0	0	161.45210728432102
2016	3	21	0	0	103.398506963226
2016	3	22	0	0	88.89459466339441
2016	3	23	0	0	184.083234635469
2016	3	24	0	0	202.48959172196496
2016	3	25	0	0	53.98841535879949
2016	3	26	0	0	61.55875672364571
2016	3	27	0	0	211.001301693915
2016	3	28	0	0	70.0632740341343
2016	3	29	0	0	214.062157162846
2016	3	30	0	0	113.268518920959
2016	3	31	0	0	131.78773661284902
2016	4	1	0	0	125.443782745352
2016	4	2	0	0	79.4400898932984
2016	4	3	0	0	129.823584017547
2016	4	4	0	0	103.816373720191
2016	4	5	0	0	82.5020757515512
2016	4	6	0	0	76.3062658994958
2016	4	7	0	0	72.0964256598824
2016	4	8	0	0	85.72716714390259
2016	4	9	0	0	166.336307409106
2016	4	10	0	0	91.5432974490325
2016	4	11	0	0	148.58551515097798
2016	4	12	0	0	225.270088238261
2016	4	13	0	0	185.84700453945496
2016	4	14	0	0	139.744942301381
2016	4	15	0	0	148.707623481328
2016	4	16	0	0	121.036525019195
2016	4	17	0	0	93.83151722862
2016	4	18	0	0	120.617385787103
2016	4	19	0	0	106.876896448029
2016	4	20	0	0	163.347586341979
2016	4	21	0	0	139.402872278529
2016	4	22	0	0	215.60571570345505
2016	4	23	0	0	90.93090265921433
2016	4	24	0	0	109.444540520588
2016	4	25	0	0	90.24024627830391
2016	4	26	0	0	153.65289749394
2016	4	27	0	0	111.752535597828
2016	4	28	0	0	71.77778798673329
2016	4	29	0	0	140.93096952475702
2016	4	30	0	0	80.33403621705929
2016	5	1	0	0	123.778506842829
2016	5	2	0	0	129.84410117493098
2016	5	3	0	0	240.29937747671104
2016	5	4	0	0	291.67719258742994
2016	5	5	0	0	275.71248005248
2016	5	6	0	0	297.49963831189
2016	5	7	0	0	295.107995780385
2016	5	8	0	0	169.827297188578
2016	5	9	0	0	119.472143762184
2016	5	10	0	0	295.011537676444
2016	5	11	0	0	125.898966328756
2016	5	12	0	0	134.560983490453
2016	5	13	0	0	174.316887547868
2016	5	14	0	0	139.35070519506598
2016	5	15	0	0	150.353607189199
2016	5	16	0	0	92.5205626719858
2016	5	17	0	0	112.152713337275
2016	5	18	0	0	240.681471513988
2016	5	19	0	0	274.631240669624
2016	5	20	0	0	230.902890593087
2016	5	21	0	0	296.923908104815
2016	5	22	0	0	258.213417301171
2016	5	23	0	0	193.535171373867
2016	5	24	0	0	199.737370758663
2016	5	25	0	0	236.554479567893
2016	5	26	0	0	93.85091000243852
2016	5	27	0	0	173.939416932136
2016	5	28	0	0	154.618235446398
2016	5	29	0	0	134.276510750792
2016	5	30	0	0	205.497356072316
2016	5	31	0	0	333.395483617336
2016	6	1	0	0	235.98799416421696
2016	6	2	0	0	323.442533340158
2016	6	3	0	0	327.23032167928
2016	6	4	0	0	116.381068335467
2016	6	5	0	0	249.240771621027
2016	6	6	0	0	295.409441422472
2016	6	7	0	0	338.098692294378
2016	6	8	0	0	330.101507270986
2016	6	9	0	0	301.17866733972903
2016	6	10	0	0	205.248529270546
2016	6	11	0	0	295.911950867639
2016	6	12	0	0	279.030227163182
2016	6	13	0	0	313.31501870053904
2016	6	14	0	0	320.965244859337
2016	6	15	0	0	242.418712097089
2016	6	16	0	0	299.52760812307
2016	6	17	0	0	176.432307386391
2016	6	18	0	0	333.627993088385
2016	6	19	0	0	333.563358956243
2016	6	20	0	0	314.947129558588
2016	6	21	0	0	338.626741011864
2016	6	22	0	0	294.79406069371896
2016	6	23	0	0	222.931933694981
2016	6	24	0	0	211.940308768331
2016	6	25	0	0	323.19232618907
2016	6	26	0	0	253.045137202862
2016	6	27	0	0	125.21431203877
2016	6	28	0	0	228.213777308531
2016	6	29	0	0	316.85856748052504
2016	6	30	0	0	324.373824913122
2016	7	1	0	0	315.829692459928
2016	7	2	0	0	243.916716389356
2016	7	3	0	0	269.957204815492
2016	7	4	0	0	202.240165318456
2016	7	5	0	0	160.813335285591
2016	7	6	0	0	138.33039501624202
2016	7	7	0	0	123.392995727995
2016	7	8	0	0	157.377040889343
2016	7	9	0	0	153.728049810991
2016	7	10	0	0	166.279687566566
2016	7	11	0	0	237.92551227705897
2016	7	12	0	0	260.574367901137
2016	7	13	0	0	272.459385405786
2016	7	14	0	0	115.746146764978
2016	7	15	0	0	222.67408542805
2016	7	16	0	0	122.88694736377
2016	7	17	0	0	106.887515187763
2016	7	18	0	0	148.216328370302
2016	7	19	0	0	293.45720130379
2016	7	20	0	0	304.65143615299
2016	7	21	0	0	257.275586561194
2016	7	22	0	0	280.829328224874
2016	7	23	0	0	195.966034049501
2016	7	24	0	0	262.500396883705
2016	7	25	0	0	206.486139627616
2016	7	26	0	0	151.405232348557
2016	7	27	0	0	173.666889985484
2016	7	28	0	0	285.51613617941297
2016	7	29	0	0	194.852743734538
2016	7	30	0	0	288.120307007507
2016	7	31	0	0	258.60662106328
2016	8	1	0	0	188.421410017128
2016	8	2	0	0	82.52097881956409
2016	8	3	0	0	131.61982980978598
2016	8	4	0	0	147.369339783428
2016	8	5	0	0	254.91091144777096
2016	8	6	0	0	282.609528806294
2016	8	7	0	0	277.263765773303
2016	8	8	0	0	164.919278233485
2016	8	9	0	0	270.186571896293
2016	8	10	0	0	272.510639600141
2016	8	11	0	0	277.666153462552
2016	8	12	0	0	272.041345340734
2016	8	13	0	0	212.93155695406003
2016	8	14	0	0	265.401482096893
2016	8	15	0	0	185.125759753769
2016	8	16	0	0	155.728353783892
2016	8	17	0	0	160.9972282122
2016	8	18	0	0	255.541662541161
2016	8	19	0	0	245.68834470610295
2016	8	20	0	0	175.851724814744
2016	8	21	0	0	66.81171565282021
2016	8	22	0	0	141.49940862718398
2016	8	23	0	0	110.466285996478
2016	8	24	0	0	204.254462051707
2016	8	25	0	0	222.05669635389
2016	8	26	0	0	227.112027327683
2016	8	27	0	0	215.551514650792
2016	8	28	0	0	195.15697075287895
2016	8	29	0	0	233.927308514752
2016	8	30	0	0	238.562038662779
2016	8	31	0	0	156.289785955422
2016	9	1	0	0	142.92082737874202
2016	9	2	0	0	222.36568910138504
2016	9	3	0	0	234.91510236732896
2016	9	4	0	0	170.544059794848
2016	9	5	0	0	59.2348395693927
2016	9	6	0	0	103.926947521827
2016	9	7	0	0	166.282399340325
2016	9	8	0	0	222.816308815685
2016	9	9	0	0	95.7743084352195
2016	9	10	0	0	62.83141533947129
2016	9	11	0	0	207.88020633561695
2016	9	12	0	0	79.0203976969959
2016	9	13	0	0	190.24426927256096
2016	9	14	0	0	66.44772178683179
2016	9	15	0	0	192.138531804045
2016	9	16	0	0	186.01673119860297
2016	9	17	0	0	83.6436998417186
2016	9	18	0	0	68.749806983013
2016	9	19	0	0	80.5858235335581
2016	9	20	0	0	96.8795819143994
2016	9	21	0	0	57.2791372643643
2016	9	22	0	0	82.8602213409917
2016	9	23	0	0	192.054583486438
2016	9	24	0	0	175.756568755675
2016	9	25	0	0	56.4069165286508
2016	9	26	0	0	172.23129987679002
2016	9	27	0	0	75.11939832311141
2016	9	28	0	0	74.3418215410341
2016	9	29	0	0	152.880007509864
2016	9	30	0	0	145.283032610348
2016	10	1	0	0	47.621631445288
2016	10	2	0	0	105.587524904287
2016	10	3	0	0	150.661940101634
2016	10	4	0	0	41.257491790462296
2016	10	5	0	0	39.8826717161328
2016	10	6	0	0	84.67665884987251
2016	10	7	0	0	99.2583070239232
2016	10	8	0	0	78.9720946012352
2016	10	9	0	0	48.3836423250286
2016	10	10	0	0	74.5637920378584
2016	10	11	0	0	120.855676661647
2016	10	12	0	0	64.70654175433579
2016	10	13	0	0	56.0539874706714
2016	10	14	0	0	35.2008441682339
2016	10	15	0	0	40.6999541160804
2016	10	16	0	0	27.8688303822643
2016	10	17	0	0	27.6999851983934
2016	10	18	0	0	33.1782487906083
2016	10	19	0	0	39.5537465763153
2016	10	20	0	0	42.0201403369778
2016	10	21	0	0	87.8079440502703
2016	10	22	0	0	73.9946617933755
2016	10	23	0	0	22.3098058166013
2016	10	24	0	0	89.0356209082333
2016	10	25	0	0	62.45795910422979
2016	10	26	0	0	98.9771688579032
2016	10	27	0	0	36.277146121512295
2016	10	28	0	0	87.22229084488269
2016	10	29	0	0	82.3615878752518
2016	10	30	0	0	35.0256783829693
2016	10	31	0	0	50.875769636375104
2016	11	1	0	0	86.31768175419201
2016	11	2	0	0	80.0410392823186
2016	11	3	0	0	66.9348353299169
2016	11	4	0	0	54.5822006897318
2016	11	5	0	0	73.8799415187883
2016	11	6	0	0	66.6108203011122
2016	11	7	0	0	66.91778285778089
2016	11	8	0	0	21.4088394075772
2016	11	9	0	0	26.3332610074645
2016	11	10	0	0	41.5530317620494
2016	11	11	0	0	18.7425513027453
2016	11	12	0	0	61.6077455662745
2016	11	13	0	0	27.356119622881
2016	11	14	0	0	53.49717133907579
2016	11	15	0	0	51.018144173958206
2016	11	16	0	0	56.8711569036721
2016	11	17	0	0	54.36413576210171
2016	11	18	0	0	16.777965971616197
2016	11	19	0	0	21.4030096528622
2016	11	20	0	0	59.77843579900311
2016	11	21	0	0	43.6430344023124
2016	11	22	0	0	45.4718308525128
2016	11	23	0	0	23.382907137630703
2016	11	24	0	0	20.0948561536694
2016	11	25	0	0	18.0717773048608
2016	11	26	0	0	29.2338216385391
2016	11	27	0	0	32.9474104453236
2016	11	28	0	0	37.3379355379999
2016	11	29	0	0	37.80563712049821
2016	11	30	0	0	37.5986730957888
2016	12	1	0	0	20.5098307358406
2016	12	2	0	0	18.5545026017975
2016	12	3	0	0	21.1416981233556
2016	12	4	0	0	25.480967685420605
2016	12	5	0	0	22.3728425288993
2016	12	6	0	0	17.2581688021327
2016	12	7	0	0	20.4090057054317
2016	12	8	0	0	25.7888794496413
2016	12	9	0	0	18.7481238166628
2016	12	10	0	0	23.526143259774603
2016	12	11	0	0	19.2691378917687
2016	12	12	0	0	22.7684057771494
2016	12	13	0	0	22.5916719343228
2016	12	14	0	0	24.54979971692489
2016	12	15	0	0	18.2666352178111
2016	12	16	0	0	18.5879076653283
2016	12	17	0	0	18.4465219964504
2016	12	18	0	0	19.1948417035543
2016	12	19	0	0	20.441237386062895
2016	12	20	0	0	17.133718055521
2016	12	21	0	0	18.6607843785603
2016	12	22	0	0	16.8241412355475
2016	12	23	0	0	33.902929059917895
2016	12	24	0	0	20.2505463020779
2016	12	25	0	0	20.4343906854654
2016	12	26	0	0	28.854681619955603
2016	12	27	0	0	18.3883940470577
2016	12	28	0	0	17.1130517858794
2016	12	29	0	0	15.233233428803
2016	12	30	0	0	29.506079635005
2016	12	31	0	0	27.0551754599188
2017	1	1	0	0	37.4993368163448
2017	1	2	0	0	33.4384736497257
2017	1	3	0	0	37.5021785484041
2017	1	4	0	0	29.7088061421014
2017	1	5	0	0	31.695708286929698
2017	1	6	0	0	18.8172423523714
2017	1	7	0	0	19.4695288246729
2017	1	8	0	0	31.5905996672144
2017	1	9	0	0	21.5673191898151
2017	1	10	0	0	47.0394753321862
2017	1	11	0	0	44.5862920466374
2017	1	12	0	0	43.0164764734045
2017	1	13	0	0	22.5706483059577
2017	1	14	0	0	32.579632167918
2017	1	15	0	0	45.92729442825371
2017	1	16	0	0	19.1891806202277
2017	1	17	0	0	24.6018437971184
2017	1	18	0	0	49.764786024512205
2017	1	19	0	0	25.0063691297415
2017	1	20	0	0	16.9232587446941
2017	1	21	0	0	37.8303054008312
2017	1	22	0	0	38.4994125313481
2017	1	23	0	0	51.748372988297504
2017	1	24	0	0	49.015773496679
2017	1	25	0	0	17.1278097363923
2017	1	26	0	0	35.4271829000228
2017	1	27	0	0	25.5075610770087
2017	1	28	0	0	56.3541387054305
2017	1	29	0	0	19.2144768998022
2017	1	30	0	0	23.6321544675401
2017	1	31	0	0	36.7144465875771
2017	2	1	0	0	41.6251160258239
2017	2	2	0	0	37.495024568270296
2017	2	3	0	0	69.195325917921
2017	2	4	0	0	21.6626018583917
2017	2	5	0	0	69.914099728976
2017	2	6	0	0	20.9004024818232
2017	2	7	0	0	62.1977301416005
2017	2	8	0	0	66.695855852521
2017	2	9	0	0	53.2951496029027
2017	2	10	0	0	65.2715168491977
2017	2	11	0	0	22.964338781575
2017	2	12	0	0	31.804430021686503
2017	2	13	0	0	33.6881937770693
2017	2	14	0	0	34.5380075783387
2017	2	15	0	0	78.6211478575688
2017	2	16	0	0	57.30043852098501
2017	2	17	0	0	77.0659886769856
2017	2	18	0	0	97.26231968841292
2017	2	19	0	0	40.14188598051
2017	2	20	0	0	84.56784212375071
2017	2	21	0	0	102.473735907667
2017	2	22	0	0	113.57720758041
2017	2	23	0	0	24.0542174151255
2017	2	24	0	0	44.2967782443503
2017	2	25	0	0	98.44138037844168
2017	2	26	0	0	119.51090648847
2017	2	27	0	0	120.175947070212
2017	2	28	0	0	47.6051124011006
2017	3	1	0	0	40.537938338311
2017	3	2	0	0	54.4498113149466
2017	3	3	0	0	73.2995891307175
2017	3	4	0	0	60.0892155255611
2017	3	5	0	0	106.126915322321
2017	3	6	0	0	83.419445184664
2017	3	7	0	0	43.0762788152926
2017	3	8	0	0	140.518074771205
2017	3	9	0	0	55.8736964003184
2017	3	10	0	0	66.3934472436664
2017	3	11	0	0	54.40329290077371
2017	3	12	0	0	55.97809846586311
2017	3	13	0	0	134.199064212195
2017	3	14	0	0	55.5517699044526
2017	3	15	0	0	51.43838893090221
2017	3	16	0	0	108.581841468934
2017	3	17	0	0	145.92619294893
2017	3	18	0	0	48.472929583406895
2017	3	19	0	0	146.694833490667
2017	3	20	0	0	136.395445334499
2017	3	21	0	0	179.95289054385103
2017	3	22	0	0	179.144703499737
2017	3	23	0	0	181.224963472396
2017	3	24	0	0	183.750288616264
2017	3	25	0	0	188.982678698423
2017	3	26	0	0	203.974726476497
2017	3	27	0	0	208.763827868935
2017	3	28	0	0	197.343700197293
2017	3	29	0	0	197.38241672217495
2017	3	30	0	0	184.18728454730095
2017	3	31	0	0	88.3280100293792
2017	4	1	0	0	194.820766475243
2017	4	2	0	0	112.24144294305
2017	4	3	0	0	216.84352999696705
2017	4	4	0	0	208.208045785975
2017	4	5	0	0	210.49809698789
2017	4	6	0	0	215.680065342159
2017	4	7	0	0	217.611096462336
2017	4	8	0	0	112.042185043917
2017	4	9	0	0	159.969728366763
2017	4	10	0	0	247.109089104891
2017	4	11	0	0	92.9212551565582
2017	4	12	0	0	72.20702978679141
2017	4	13	0	0	232.267288537844
2017	4	14	0	0	256.467967541227
2017	4	15	0	0	201.306766059309
2017	4	16	0	0	245.192319480131
2017	4	17	0	0	149.577366467872
2017	4	18	0	0	82.2551350691697
2017	4	19	0	0	174.591150022715
2017	4	20	0	0	113.900524386501
2017	4	21	0	0	271.110882428338
2017	4	22	0	0	219.641828389708
2017	4	23	0	0	229.572489774357
2017	4	24	0	0	93.606675759077
2017	4	25	0	0	107.206531312914
2017	4	26	0	0	209.85453746337
2017	4	27	0	0	155.110280259046
2017	4	28	0	0	94.8064245262287
2017	4	29	0	0	290.804236714202
2017	4	30	0	0	278.222168106588
2017	5	1	0	0	282.618323821863
2017	5	2	0	0	277.149551452
2017	5	3	0	0	229.52520895899
2017	5	4	0	0	259.241210376235
2017	5	5	0	0	236.073809810803
2017	5	6	0	0	100.559590371919
2017	5	7	0	0	265.595487163811
2017	5	8	0	0	99.8543973400979
2017	5	9	0	0	264.282144316496
2017	5	10	0	0	179.860736584531
2017	5	11	0	0	274.211936166611
2017	5	12	0	0	166.166672271077
2017	5	13	0	0	110.983736083865
2017	5	14	0	0	269.805207434208
2017	5	15	0	0	276.011410782439
2017	5	16	0	0	284.380961624345
2017	5	17	0	0	266.891707329676
2017	5	18	0	0	113.655887467791
2017	5	19	0	0	322.158189791894
2017	5	20	0	0	306.324960115209
2017	5	21	0	0	332.452431911196
2017	5	22	0	0	288.63777342246897
2017	5	23	0	0	302.779478369714
2017	5	24	0	0	287.193830080228
2017	5	25	0	0	207.96500075774
2017	5	26	0	0	298.144586097084
2017	5	27	0	0	174.056566413409
2017	5	28	0	0	220.63238302972096
2017	5	29	0	0	256.21932195671
2017	5	30	0	0	299.450643240503
2017	5	31	0	0	180.386021367378
2017	6	1	0	0	144.385958493358
2017	6	2	0	0	222.069393541441
2017	6	3	0	0	200.508202406374
2017	6	4	0	0	182.77331802632
2017	6	5	0	0	317.05996643852995
2017	6	6	0	0	215.369241546052
2017	6	7	0	0	220.290546687294
2017	6	8	0	0	282.013564784907
2017	6	9	0	0	291.079675662644
2017	6	10	0	0	107.385849170303
2017	6	11	0	0	165.163854959142
2017	6	12	0	0	110.774435160512
2017	6	13	0	0	107.968605948927
2017	6	14	0	0	109.907713644295
2017	6	15	0	0	294.544616010836
2017	6	16	0	0	316.54209606431
2017	6	17	0	0	316.491863977933
2017	6	18	0	0	253.14579402026905
2017	6	19	0	0	263.496343612216
2017	6	20	0	0	256.856508678489
2017	6	21	0	0	270.184085011659
2017	6	22	0	0	173.884790670703
2017	6	23	0	0	102.803876500688
2017	6	24	0	0	250.555543942063
2017	6	25	0	0	214.03590317978905
2017	6	26	0	0	137.262747434009
2017	6	27	0	0	327.39693819215097
2017	6	28	0	0	243.783778673888
2017	6	29	0	0	244.910836443072
2017	6	30	0	0	213.501793258875
2017	7	1	0	0	197.74950483149
2017	7	2	0	0	154.346094067015
2017	7	3	0	0	294.999806309976
2017	7	4	0	0	180.96032469732495
2017	7	5	0	0	231.127721596056
2017	7	6	0	0	324.897669373058
2017	7	7	0	0	212.919341445878
2017	7	8	0	0	267.43388256095
2017	7	9	0	0	324.985939065807
2017	7	10	0	0	306.517860705653
2017	7	11	0	0	310.59817098263
2017	7	12	0	0	312.819318643102
2017	7	13	0	0	119.631654760505
2017	7	14	0	0	274.19821689479903
2017	7	15	0	0	327.295346516888
2017	7	16	0	0	316.96872124774603
2017	7	17	0	0	329.799268654864
2017	7	18	0	0	304.411330466317
2017	7	19	0	0	302.206754775727
2017	7	20	0	0	195.900210696346
2017	7	21	0	0	222.698346336342
2017	7	22	0	0	111.981252046237
2017	7	23	0	0	236.792547747869
2017	7	24	0	0	300.367322977674
2017	7	25	0	0	285.347757543054
2017	7	26	0	0	265.79111453722
2017	7	27	0	0	285.22148976039904
2017	7	28	0	0	262.372376902737
2017	7	29	0	0	171.063178501216
2017	7	30	0	0	167.985390107012
2017	7	31	0	0	279.854711391914
2017	8	1	0	0	286.249402071885
2017	8	2	0	0	217.522421556864
2017	8	3	0	0	164.031339107948
2017	8	4	0	0	250.120025713492
2017	8	5	0	0	230.613952235246
2017	8	6	0	0	129.177090680068
2017	8	7	0	0	146.360200331358
2017	8	8	0	0	110.923092709852
2017	8	9	0	0	262.109723885459
2017	8	10	0	0	134.365049632838
2017	8	11	0	0	178.79867811385503
2017	8	12	0	0	252.318054273821
2017	8	13	0	0	220.586691772838
2017	8	14	0	0	163.745964268837
2017	8	15	0	0	240.606494697177
2017	8	16	0	0	260.694880191846
2017	8	17	0	0	244.114937536307
2017	8	18	0	0	130.114376407002
2017	8	19	0	0	181.294707358248
2017	8	20	0	0	215.202807562779
2017	8	21	0	0	251.939008061868
2017	8	22	0	0	110.884559393263
2017	8	23	0	0	156.760799396233
2017	8	24	0	0	239.646107877318
2017	8	25	0	0	149.274324628458
2017	8	26	0	0	144.743346275546
2017	8	27	0	0	124.107441623974
2017	8	28	0	0	160.87950917268802
2017	8	29	0	0	105.535986336487
2017	8	30	0	0	224.44439169614105
2017	8	31	0	0	233.629040701975
2017	9	1	0	0	236.007325322617
2017	9	2	0	0	215.196328457971
2017	9	3	0	0	220.832104032614
2017	9	4	0	0	180.850645994187
2017	9	5	0	0	209.34475031671
2017	9	6	0	0	80.1297558436286
2017	9	7	0	0	220.601356217236
2017	9	8	0	0	222.072636585842
2017	9	9	0	0	206.965001512294
2017	9	10	0	0	169.640377190796
2017	9	11	0	0	183.977437070074
2017	9	12	0	0	183.584847922892
2017	9	13	0	0	107.634642053409
2017	9	14	0	0	130.22051982212798
2017	9	15	0	0	101.175629324298
2017	9	16	0	0	59.4815951609763
2017	9	17	0	0	75.33395093836309
2017	9	18	0	0	166.31627426396798
2017	9	19	0	0	69.806668451061
2017	9	20	0	0	59.0538826744441
2017	9	21	0	0	92.03275134915042
2017	9	22	0	0	179.490483477941
2017	9	23	0	0	112.590693819955
2017	9	24	0	0	65.4251980043793
2017	9	25	0	0	142.113938747009
2017	9	26	0	0	49.4558650314478
2017	9	27	0	0	118.311307890545
2017	9	28	0	0	67.5349972331549
2017	9	29	0	0	144.08463306339
2017	9	30	0	0	63.553810238938205
2017	10	1	0	0	52.8360903335845
2017	10	2	0	0	84.10567866588809
2017	10	3	0	0	96.2963788537674
2017	10	4	0	0	128.088444683783
2017	10	5	0	0	34.29880383763469
2017	10	6	0	0	143.214737672302
2017	10	7	0	0	128.006996222388
2017	10	8	0	0	126.969337415124
2017	10	9	0	0	100.881772469425
2017	10	10	0	0	91.4777597973291
2017	10	11	0	0	38.91560415519511
2017	10	12	0	0	50.5874629685202
2017	10	13	0	0	55.8697983180297
2017	10	14	0	0	80.06353192575679
2017	10	15	0	0	116.481868184355
2017	10	16	0	0	107.671817727016
2017	10	17	0	0	50.41036351354939
2017	10	18	0	0	87.3901881375299
2017	10	19	0	0	46.9518045213344
2017	10	20	0	0	23.3382960814023
2017	10	21	0	0	86.6904551759088
2017	10	22	0	0	45.114901917525394
2017	10	23	0	0	74.4994508883537
2017	10	24	0	0	35.092393489851304
2017	10	25	0	0	57.9455681202345
2017	10	26	0	0	60.47658595955
2017	10	27	0	0	37.615424552839
2017	10	28	0	0	34.8673036639444
2017	10	29	0	0	31.196769914767604
2017	10	30	0	0	80.74071462356301
2017	10	31	0	0	51.3143709067449
2017	11	1	0	0	78.1048482568238
2017	11	2	0	0	47.6840774387655
2017	11	3	0	0	72.8321882195744
2017	11	4	0	0	32.7894753819806
2017	11	5	0	0	23.115729407969603
2017	11	6	0	0	74.577374186738
2017	11	7	0	0	17.8612295429575
2017	11	8	0	0	28.9311693086552
2017	11	9	0	0	26.295078551389
2017	11	10	0	0	40.0385355868529
2017	11	11	0	0	32.8844824287888
2017	11	12	0	0	60.865245262875206
2017	11	13	0	0	35.797352483992
2017	11	14	0	0	64.18522670609761
2017	11	15	0	0	48.9993368399059
2017	11	16	0	0	20.137314748413
2017	11	17	0	0	40.78950817853271
2017	11	18	0	0	19.0261935042706
2017	11	19	0	0	59.78764873855929
2017	11	20	0	0	45.6488168914336
2017	11	21	0	0	55.6462132023111
2017	11	22	0	0	48.8917568186067
2017	11	23	0	0	50.3597868512718
2017	11	24	0	0	52.63912630192039
2017	11	25	0	0	47.9352542031886
2017	11	26	0	0	46.9869403317313
2017	11	27	0	0	39.4926827110889
2017	11	28	0	0	20.1456781515148
2017	11	29	0	0	16.9636832456577
2017	11	30	0	0	19.026178649839
2017	12	1	0	0	21.2217241303087
2017	12	2	0	0	25.3343405285835
2017	12	3	0	0	20.4025457142213
2017	12	4	0	0	19.3597943631463
2017	12	5	0	0	39.1055537614096
2017	12	6	0	0	14.0864903933024
2017	12	7	0	0	18.263506135192603
2017	12	8	0	0	17.2581688021327
2017	12	9	0	0	19.1975320357868
2017	12	10	0	0	18.4121353676454
2017	12	11	0	0	30.0588943519003
2017	12	12	0	0	26.4212766059028
2017	12	13	0	0	21.5937376111241
2017	12	14	0	0	25.4699484693866
2017	12	15	0	0	16.8159250128562
2017	12	16	0	0	18.800682945125303
2017	12	17	0	0	18.7036351738613
2017	12	18	0	0	16.8908831570189
2017	12	19	0	0	29.0238844012146
2017	12	20	0	0	18.3906484652151
2017	12	21	0	0	31.5053821787576
2017	12	22	0	0	21.566755363056803
2017	12	23	0	0	26.9946826336158
2017	12	24	0	0	25.4358560709742
2017	12	25	0	0	26.1331213799094
2017	12	26	0	0	31.5429892709908
2017	12	27	0	0	19.2083815403517
2017	12	28	0	0	22.5916719343228
2017	12	29	0	0	21.5600965284076
2017	12	30	0	0	24.425960053792892
2017	12	31	0	0	34.5806575311383
2018	1	1	0	0	26.071940020795697
2018	1	2	0	0	24.1055738451902
2018	1	3	0	0	28.0865080825601
2018	1	4	0	0	18.3327155541982
2018	1	5	0	0	13.291066918181
2018	1	6	0	0	19.0421634087823
2018	1	7	0	0	16.4360099375963
2018	1	8	0	0	37.23820228523061
2018	1	9	0	0	18.3978137050692
2018	1	10	0	0	37.4939777268666
2018	1	11	0	0	31.843608082688604
2018	1	12	0	0	48.9051740675245
2018	1	13	0	0	48.8222238999487
2018	1	14	0	0	43.882324950515006
2018	1	15	0	0	41.3049560839184
2018	1	16	0	0	41.294278153081606
2018	1	17	0	0	44.49017615626951
2018	1	18	0	0	20.8378978324831
2018	1	19	0	0	38.19759459187
2018	1	20	0	0	18.8822293997867
2018	1	21	0	0	18.544431737821103
2018	1	22	0	0	30.7505120958824
2018	1	23	0	0	17.5055836254547
2018	1	24	0	0	22.6259024768779
2018	1	25	0	0	60.0551549202081
2018	1	26	0	0	18.4061285864773
2018	1	27	0	0	57.3369184633677
2018	1	28	0	0	58.694995695574896
2018	1	29	0	0	57.946035208544
2018	1	30	0	0	54.30073762916061
2018	1	31	0	0	22.5752011231142
2018	2	1	0	0	56.04396327738979
2018	2	2	0	0	18.7040147422944
2018	2	3	0	0	42.5608731390216
2018	2	4	0	0	62.63154869377011
2018	2	5	0	0	45.7311593421035
2018	2	6	0	0	40.8809176898895
2018	2	7	0	0	45.778588672714
2018	2	8	0	0	57.804764110953705
2018	2	9	0	0	33.9042697507796
2018	2	10	0	0	85.26372394540749
2018	2	11	0	0	84.73754108945191
2018	2	12	0	0	104.810636180083
2018	2	13	0	0	96.89439009149427
2018	2	14	0	0	30.238896154113604
2018	2	15	0	0	92.16497100349122
2018	2	16	0	0	26.0474370732452
2018	2	17	0	0	84.10477565649809
2018	2	18	0	0	112.949642120556
2018	2	19	0	0	103.378170223404
2018	2	20	0	0	99.48661387098178
2018	2	21	0	0	104.734357973349
2018	2	22	0	0	59.8607852137556
2018	2	23	0	0	24.1727756425351
2018	2	24	0	0	47.6603878648261
2018	2	25	0	0	123.070693335154
2018	2	26	0	0	65.6646598647738
2018	2	27	0	0	49.5894387006308
2018	2	28	0	0	52.1212079719485
2018	3	1	0	0	130.326651889932
2018	3	2	0	0	49.6967925743571
2018	3	3	0	0	42.5575678131116
2018	3	4	0	0	100.569758358287
2018	3	5	0	0	73.40923501174571
2018	3	6	0	0	77.0553612467374
2018	3	7	0	0	119.92620563027398
2018	3	8	0	0	92.8596933025284
2018	3	9	0	0	59.4440724726719
2018	3	10	0	0	96.97531475301908
2018	3	11	0	0	66.78345129672789
2018	3	12	0	0	104.898477491407
2018	3	13	0	0	107.6829917868
2018	3	14	0	0	145.578808052488
2018	3	15	0	0	145.405075728941
2018	3	16	0	0	117.859665073661
2018	3	17	0	0	77.3051494087772
2018	3	18	0	0	63.5568003997013
2018	3	19	0	0	71.3151103002537
2018	3	20	0	0	69.7768179473625
2018	3	21	0	0	84.6768178449479
2018	3	22	0	0	107.670447519872
2018	3	23	0	0	184.582631955998
2018	3	24	0	0	157.434464646576
2018	3	25	0	0	109.744334363983
2018	3	26	0	0	198.871840043148
2018	3	27	0	0	102.192401078323
2018	3	28	0	0	160.585860722187
2018	3	29	0	0	106.638568113801
2018	3	30	0	0	154.27315941677298
2018	3	31	0	0	87.0156942438789
2018	4	1	0	0	113.463870030278
2018	4	2	0	0	101.997022345334
2018	4	3	0	0	161.090545454262
2018	4	4	0	0	92.8476077749574
2018	4	5	0	0	169.354082298213
2018	4	6	0	0	207.166499119133
2018	4	7	0	0	228.01705432438
2018	4	8	0	0	231.537906129137
2018	4	9	0	0	83.97120007033291
2018	4	10	0	0	86.44749850728121
2018	4	11	0	0	87.51004094421671
2018	4	12	0	0	217.84992334836
2018	4	13	0	0	107.134840949658
2018	4	14	0	0	192.123516891865
2018	4	15	0	0	136.58251705387102
2018	4	16	0	0	247.742960310865
2018	4	17	0	0	236.72640762021095
2018	4	18	0	0	251.022025500717
2018	4	19	0	0	221.124447424214
2018	4	20	0	0	127.155403957228
2018	4	21	0	0	79.6689952641773
2018	4	22	0	0	99.9163130698477
2018	4	23	0	0	152.617137649722
2018	4	24	0	0	215.125641511326
2018	4	25	0	0	250.343630720558
2018	4	26	0	0	238.081526545425
2018	4	27	0	0	239.712587453657
2018	4	28	0	0	162.21761480154498
2018	4	29	0	0	117.92902900661998
2018	4	30	0	0	258.327896570328
2018	5	1	0	0	140.034761428321
2018	5	2	0	0	189.783869230769
2018	5	3	0	0	275.64721474726
2018	5	4	0	0	188.086156565459
2018	5	5	0	0	275.330253831748
2018	5	6	0	0	239.46357674662
2018	5	7	0	0	277.18904429437697
2018	5	8	0	0	265.90332807308897
2018	5	9	0	0	290.281796523341
2018	5	10	0	0	271.730056515308
2018	5	11	0	0	241.571514769911
2018	5	12	0	0	264.17625321392
2018	5	13	0	0	300.288858371071
2018	5	14	0	0	300.091605182324
2018	5	15	0	0	307.11006585762
2018	5	16	0	0	311.981996625776
2018	5	17	0	0	186.07631644724896
2018	5	18	0	0	221.322174572605
2018	5	19	0	0	307.087639794971
2018	5	20	0	0	204.021449905946
2018	5	21	0	0	321.242510107319
2018	5	22	0	0	111.377714383691
2018	5	23	0	0	142.00136704772498
2018	5	24	0	0	179.77601029642602
2018	5	25	0	0	224.674039303908
2018	5	26	0	0	111.285538228538
2018	5	27	0	0	150.849990605158
2018	5	28	0	0	167.843563182709
2018	5	29	0	0	249.592203725752
2018	5	30	0	0	208.01459525862705
2018	5	31	0	0	284.949113466555
2018	6	1	0	0	322.669120014161
2018	6	2	0	0	314.669559103334
2018	6	3	0	0	174.031526262036
2018	6	4	0	0	184.125835195615
2018	6	5	0	0	218.134851034308
2018	6	6	0	0	255.382993459417
2018	6	7	0	0	238.846913251767
2018	6	8	0	0	301.693075617376
2018	6	9	0	0	155.555327747864
2018	6	10	0	0	164.284677888931
2018	6	11	0	0	186.434905171954
2018	6	12	0	0	222.151541199258
2018	6	13	0	0	217.115479487489
2018	6	14	0	0	233.199889984637
2018	6	15	0	0	98.2535624877072
2018	6	16	0	0	119.365149256738
2018	6	17	0	0	218.789908210752
2018	6	18	0	0	283.375715951095
2018	6	19	0	0	191.01544489833
2018	6	20	0	0	328.931942014123
2018	6	21	0	0	333.525664833499
2018	6	22	0	0	230.23052652249697
2018	6	23	0	0	259.245802421028
2018	6	24	0	0	232.261761098568
2018	6	25	0	0	290.273561337872
2018	6	26	0	0	211.281485513836
2018	6	27	0	0	338.298506438029
2018	6	28	0	0	338.518302795961
2018	6	29	0	0	326.32316606826697
2018	6	30	0	0	192.778682372968
2018	7	1	0	0	269.032406111198
2018	7	2	0	0	263.076519184371
2018	7	3	0	0	178.699167204416
2018	7	4	0	0	294.938708855716
2018	7	5	0	0	329.763169210509
2018	7	6	0	0	307.352103538874
2018	7	7	0	0	320.385880076386
2018	7	8	0	0	182.1369052002
2018	7	9	0	0	266.569829931552
2018	7	10	0	0	255.34973981579896
2018	7	11	0	0	258.312247954623
2018	7	12	0	0	302.29843371562697
2018	7	13	0	0	228.287521596518
2018	7	14	0	0	338.843037380684
2018	7	15	0	0	283.861966819045
2018	7	16	0	0	104.103830971461
2018	7	17	0	0	187.167155432778
2018	7	18	0	0	259.241034449789
2018	7	19	0	0	218.329414426416
2018	7	20	0	0	183.74630696394505
2018	7	21	0	0	203.00130108223095
2018	7	22	0	0	269.715818336354
2018	7	23	0	0	300.411023697972
2018	7	24	0	0	320.385880076386
2018	7	25	0	0	252.44508282925
2018	7	26	0	0	293.744696051393
2018	7	27	0	0	287.607581417105
2018	7	28	0	0	200.709433758522
2018	7	29	0	0	294.007018315227
2018	7	30	0	0	300.483221476619
2018	7	31	0	0	291.7150330115
2018	8	1	0	0	297.998891858122
2018	8	2	0	0	260.657894103675
2018	8	3	0	0	284.67510903973
2018	8	4	0	0	304.512677619787
2018	8	5	0	0	291.15482409592204
2018	8	6	0	0	79.2582990643412
2018	8	7	0	0	75.3856450634473
2018	8	8	0	0	94.8146633034107
2018	8	9	0	0	64.2422731508572
2018	8	10	0	0	87.52261976418029
2018	8	11	0	0	70.5710130871538
2018	8	12	0	0	159.611126495675
2018	8	13	0	0	117.662643714655
2018	8	14	0	0	235.61224901799704
2018	8	15	0	0	240.33741600925305
2018	8	16	0	0	257.325055413332
2018	8	17	0	0	139.76142614576
2018	8	18	0	0	137.56021809237
2018	8	19	0	0	213.964530736128
2018	8	20	0	0	134.809580753805
2018	8	21	0	0	98.4682812443967
2018	8	22	0	0	124.878321946543
2018	8	23	0	0	133.587056865546
2018	8	24	0	0	123.238544522325
2018	8	25	0	0	128.967983287669
2018	8	26	0	0	232.79730288225895
2018	8	27	0	0	100.579585568043
2018	8	28	0	0	95.9722871883981
2018	8	29	0	0	83.5706770969706
2018	8	30	0	0	100.936564736551
2018	8	31	0	0	165.966525234331
2018	9	1	0	0	172.775990162701
2018	9	2	0	0	187.392460496356
2018	9	3	0	0	229.963161851857
2018	9	4	0	0	202.24984404361305
2018	9	5	0	0	161.77566207188698
2018	9	6	0	0	130.326818108083
2018	9	7	0	0	107.861482854798
2018	9	8	0	0	202.746161188881
2018	9	9	0	0	163.27241067422702
2018	9	10	0	0	194.76955550771305
2018	9	11	0	0	201.753554079855
2018	9	12	0	0	154.287663659792
2018	9	13	0	0	181.025266889963
2018	9	14	0	0	177.879453933094
2018	9	15	0	0	58.9635123492036
2018	9	16	0	0	93.5283543990685
2018	9	17	0	0	49.6047234329397
2018	9	18	0	0	46.668096525837605
2018	9	19	0	0	70.7924504738036
2018	9	20	0	0	146.38987637539
2018	9	21	0	0	133.76900309216498
2018	9	22	0	0	159.507167917062
2018	9	23	0	0	119.409462849062
2018	9	24	0	0	121.406671957378
2018	9	25	0	0	162.621289800032
2018	9	26	0	0	173.29208534867297
2018	9	27	0	0	162.129617148927
2018	9	28	0	0	163.00781170174298
2018	9	29	0	0	121.048083074142
2018	9	30	0	0	66.52308677580889
2018	10	1	0	0	56.6981020424173
2018	10	2	0	0	147.176724037379
2018	10	3	0	0	97.31198163826272
2018	10	4	0	0	126.075330941165
2018	10	5	0	0	143.197778642472
2018	10	6	0	0	136.342175043732
2018	10	7	0	0	87.4925675826527
2018	10	8	0	0	129.049541781084
2018	10	9	0	0	119.026032341623
2018	10	10	0	0	56.12483896792301
2018	10	11	0	0	84.60052262383209
2018	10	12	0	0	118.6260038948
2018	10	13	0	0	104.901933731254
2018	10	14	0	0	107.093878845706
2018	10	15	0	0	108.573885088683
2018	10	16	0	0	110.119462640389
2018	10	17	0	0	109.730788048387
2018	10	18	0	0	118.399983751327
2018	10	19	0	0	101.500970895743
2018	10	20	0	0	53.294800652176896
2018	10	21	0	0	91.6905039326499
2018	10	22	0	0	49.94707601293821
2018	10	23	0	0	84.35309163027131
2018	10	24	0	0	63.872762387905794
2018	10	25	0	0	90.9252662328337
2018	10	26	0	0	83.3968959109466
2018	10	27	0	0	81.4422055927093
2018	10	28	0	0	82.0470386379498
2018	10	29	0	0	89.41474402727181
2018	10	30	0	0	78.2809680326977
2018	10	31	0	0	60.7435500445354
2018	11	1	0	0	80.07373308428909
2018	11	2	0	0	78.16692346186309
2018	11	3	0	0	72.1758907200568
2018	11	4	0	0	41.918296809887096
2018	11	5	0	0	18.8776245167186
2018	11	6	0	0	46.5936725114007
2018	11	7	0	0	68.608894290535
2018	11	8	0	0	19.0275078188115
2018	11	9	0	0	46.0691577183391
2018	11	10	0	0	59.77843579900311
2018	11	11	0	0	69.6265104498401
2018	11	12	0	0	74.383727371548
2018	11	13	0	0	63.6792327807379
2018	11	14	0	0	24.4363038352171
2018	11	15	0	0	24.650770490351
2018	11	16	0	0	11.125822393714198
2018	11	17	0	0	52.0823714183126
2018	11	18	0	0	25.3866744384195
2018	11	19	0	0	54.98190761356629
2018	11	20	0	0	32.7974209988152
2018	11	21	0	0	46.2871285069974
2018	11	22	0	0	18.4036843148762
2018	11	23	0	0	49.7530315490755
2018	11	24	0	0	38.7761254019293
2018	11	25	0	0	28.5958855863772
2018	11	26	0	0	46.2433094732628
2018	11	27	0	0	45.582447156839294
2018	11	28	0	0	40.5943712579974
2018	11	29	0	0	50.49463018714871
2018	11	30	0	0	48.2526646515076
2018	12	1	0	0	44.3945129694058
2018	12	2	0	0	27.0206373509788
2018	12	3	0	0	20.5968232109252
2018	12	4	0	0	36.8291320462616
2018	12	5	0	0	22.604216754891898
2018	12	6	0	0	20.613455391586303
2018	12	7	0	0	32.0769425428388
2018	12	8	0	0	19.3492654838674
2018	12	9	0	0	26.3972900928354
2018	12	10	0	0	29.0533735647917
2018	12	11	0	0	35.1718304780696
2018	12	12	0	0	37.5522519584043
2018	12	13	0	0	24.294307833127
2018	12	14	0	0	17.076137832094
2018	12	15	0	0	24.4667769319805
2018	12	16	0	0	16.8544956784568
2018	12	17	0	0	17.275474590274197
2018	12	18	0	0	37.7517515255419
2018	12	19	0	0	18.8165272914636
2018	12	20	0	0	17.0237450576075
2018	12	21	0	0	18.77153917335
2018	12	22	0	0	16.8795584916945
2018	12	23	0	0	25.4692492347252
2018	12	24	0	0	20.425745655823604
2018	12	25	0	0	18.3469092925714
2018	12	26	0	0	14.899545343717302
2018	12	27	0	0	28.6158504531818
2018	12	28	0	0	27.0925219624404
2018	12	29	0	0	30.4831847996255
2018	12	30	0	0	31.9216412589861
2018	12	31	0	0	30.0702920662598
2019	1	1	0	0	31.852324213681
2019	1	2	0	0	18.3407173091791
2019	1	3	0	0	41.4370950438484
2019	1	4	0	0	29.9394403965992
2019	1	5	0	0	31.834877039292497
2019	1	6	0	0	17.257053551706502
2019	1	7	0	0	21.6176151897046
2019	1	8	0	0	19.5347229545924
2019	1	9	0	0	28.0363451675577
2019	1	10	0	0	24.5989719281951
2019	1	11	0	0	33.0584010361474
2019	1	12	0	0	39.989609014155
2019	1	13	0	0	26.8237361448658
2019	1	14	0	0	14.8218920725427
2019	1	15	0	0	18.6118532226081
2019	1	16	0	0	31.9197697123885
2019	1	17	0	0	16.7269092009624
2019	1	18	0	0	18.8915901561716
2019	1	19	0	0	17.983702396217197
2019	1	20	0	0	37.49576858008479
2019	1	21	0	0	21.6311303884544
2019	1	22	0	0	54.07702054720921
2019	1	23	0	0	29.9291426786182
2019	1	24	0	0	39.989609014155
2019	1	25	0	0	49.7973370138637
2019	1	26	0	0	53.7069228343973
2019	1	27	0	0	24.577505357343195
2019	1	28	0	0	22.582725083109697
2019	1	29	0	0	23.6360953213817
2019	1	30	0	0	27.1765993349777
2019	1	31	0	0	31.7909967910404
2019	2	1	0	0	29.365509975620604
2019	2	2	0	0	25.8756743095875
2019	2	3	0	0	52.071744700599005
2019	2	4	0	0	33.868746855259296
2019	2	5	0	0	31.470883133372
2019	2	6	0	0	40.0048625567931
2019	2	7	0	0	39.46473821462121
2019	2	8	0	0	52.08526956298351
2019	2	9	0	0	75.80083217064991
2019	2	10	0	0	22.4535442187567
2019	2	11	0	0	25.4154745978782
2019	2	12	0	0	29.637025900678506
2019	2	13	0	0	37.498482858885104
2019	2	14	0	0	26.7190146040798
2019	2	15	0	0	52.109997147274
2019	2	16	0	0	84.9412040107606
2019	2	17	0	0	59.84912556684901
2019	2	18	0	0	59.4235230058005
2019	2	19	0	0	90.0979011082897
2019	2	20	0	0	90.4737101070375
2019	2	21	0	0	99.5966858831925
2019	2	22	0	0	101.347305001704
2019	2	23	0	0	61.6673459622793
2019	2	24	0	0	96.4947257929799
2019	2	25	0	0	104.791573984054
2019	2	26	0	0	101.984733801041
2019	2	27	0	0	85.3486084940905
2019	2	28	0	0	40.4671607777101
2019	3	1	0	0	133.007206397387
2019	3	2	0	0	123.234886941175
2019	3	3	0	0	104.861807393677
2019	3	4	0	0	77.22963024888041
2019	3	5	0	0	111.873246503762
2019	3	6	0	0	142.236404731292
2019	3	7	0	0	78.6210254950398
2019	3	8	0	0	54.8651731092354
2019	3	9	0	0	64.112189806831
2019	3	10	0	0	48.2128817670781
2019	3	11	0	0	94.8302839644446
2019	3	12	0	0	65.515760794963
2019	3	13	0	0	144.765424205689
2019	3	14	0	0	53.90400198737121
2019	3	15	0	0	49.23116507366471
2019	3	16	0	0	113.666362269151
2019	3	17	0	0	73.9551817309916
2019	3	18	0	0	128.37941341859
2019	3	19	0	0	152.017550634316
2019	3	20	0	0	63.3477273027613
2019	3	21	0	0	140.056602409484
2019	3	22	0	0	159.84256431973802
2019	3	23	0	0	135.450242249808
2019	3	24	0	0	171.42396611391
2019	3	25	0	0	181.252819720769
2019	3	26	0	0	198.968476585668
2019	3	27	0	0	177.73624875819098
2019	3	28	0	0	83.7315615802916
2019	3	29	0	0	71.91011856579209
2019	3	30	0	0	149.02975901536
2019	3	31	0	0	173.461022866251
2019	4	1	0	0	132.428206220938
2019	4	2	0	0	68.75267396815549
2019	4	3	0	0	135.727715347523
2019	4	4	0	0	243.167650536008
2019	4	5	0	0	164.041561447434
2019	4	6	0	0	226.444443873078
2019	4	7	0	0	207.294911694913
2019	4	8	0	0	88.5402487676117
2019	4	9	0	0	97.6148043647534
2019	4	10	0	0	142.19617113982702
2019	4	11	0	0	254.152454533995
2019	4	12	0	0	267.695840775785
2019	4	13	0	0	255.455230219785
2019	4	14	0	0	230.218256336762
2019	4	15	0	0	212.519669945792
2019	4	16	0	0	198.24179274076
2019	4	17	0	0	121.673265205586
2019	4	18	0	0	97.42209175167672
2019	4	19	0	0	263.025589334874
2019	4	20	0	0	232.458731474655
2019	4	21	0	0	189.151985971902
2019	4	22	0	0	229.698479498704
2019	4	23	0	0	225.747781938106
2019	4	24	0	0	178.92391694533902
2019	4	25	0	0	94.7205961147295
2019	4	26	0	0	180.689462426973
2019	4	27	0	0	289.525761427095
2019	4	28	0	0	184.492540579238
2019	4	29	0	0	192.676083224391
2019	4	30	0	0	250.720516848432
2019	5	1	0	0	235.2600814356
2019	5	2	0	0	195.95198928732495
2019	5	3	0	0	138.981880023796
2019	5	4	0	0	118.817371612598
2019	5	5	0	0	161.851465604693
2019	5	6	0	0	275.470080915263
2019	5	7	0	0	154.136142611423
2019	5	8	0	0	264.246846968702
2019	5	9	0	0	251.89752471531295
2019	5	10	0	0	151.025263045604
2019	5	11	0	0	299.549241716225
2019	5	12	0	0	242.72679459741403
2019	5	13	0	0	206.67601391285496
2019	5	14	0	0	122.196984771793
2019	5	15	0	0	312.577376954558
2019	5	16	0	0	225.138530432288
2019	5	17	0	0	158.872420613499
2019	5	18	0	0	189.65150839987
2019	5	19	0	0	119.788148506553
2019	5	20	0	0	266.361043815421
2019	5	21	0	0	133.408039285133
2019	5	22	0	0	195.144578046276
2019	5	23	0	0	238.19797513384304
2019	5	24	0	0	324.692695414444
2019	5	25	0	0	261.03503034797296
2019	5	26	0	0	291.69380172072204
2019	5	27	0	0	318.391133495538
2019	5	28	0	0	307.535874025451
2019	5	29	0	0	274.603281718007
2019	5	30	0	0	318.789275937325
2019	5	31	0	0	321.77249450129
2019	6	1	0	0	320.530986126304
2019	6	2	0	0	240.948439900811
2019	6	3	0	0	198.463493031422
2019	6	4	0	0	177.51401009068198
2019	6	5	0	0	315.75583418119203
2019	6	6	0	0	306.898836948226
2019	6	7	0	0	116.25203681644
2019	6	8	0	0	179.601822910791
2019	6	9	0	0	310.216019917948
2019	6	10	0	0	251.41290787994
2019	6	11	0	0	305.39841404352404
2019	6	12	0	0	212.906012594378
2019	6	13	0	0	175.57419621021
2019	6	14	0	0	171.258079474906
2019	6	15	0	0	231.04632785642897
2019	6	16	0	0	109.859497471355
2019	6	17	0	0	334.769708995201
2019	6	18	0	0	340.216476823355
2019	6	19	0	0	330.543184882502
2019	6	20	0	0	252.746301164504
2019	6	21	0	0	344.021778585837
2019	6	22	0	0	316.337251326334
2019	6	23	0	0	193.040250346303
2019	6	24	0	0	142.584223717064
2019	6	25	0	0	131.737568969894
2019	6	26	0	0	336.360110188029
2019	6	27	0	0	245.593020321165
2019	6	28	0	0	314.152415461166
2019	6	29	0	0	221.781875114611
2019	6	30	0	0	178.481497289332
2019	7	1	0	0	159.602351418897
2019	7	2	0	0	255.65808715512
2019	7	3	0	0	304.9702709901
2019	7	4	0	0	305.322609958803
2019	7	5	0	0	304.345052936124
2019	7	6	0	0	233.638417158206
2019	7	7	0	0	119.353647124844
2019	7	8	0	0	180.789001482856
2019	7	9	0	0	317.091268917634
2019	7	10	0	0	141.715870529211
2019	7	11	0	0	282.65363031197603
2019	7	12	0	0	284.447625708842
2019	7	13	0	0	183.74703943934105
2019	7	14	0	0	124.799151489039
2019	7	15	0	0	284.055312240406
2019	7	16	0	0	199.883026072988
2019	7	17	0	0	100.833730084999
2019	7	18	0	0	221.005147673317
2019	7	19	0	0	161.912590742279
2019	7	20	0	0	278.810392455035
2019	7	21	0	0	160.526160443823
2019	7	22	0	0	144.21323139193998
2019	7	23	0	0	226.28916231349
2019	7	24	0	0	183.956124860814
2019	7	25	0	0	236.261503743509
2019	7	26	0	0	267.694790694034
2019	7	27	0	0	276.823568247712
2019	7	28	0	0	158.949444307472
2019	7	29	0	0	198.017309096832
2019	7	30	0	0	240.97255380323296
2019	7	31	0	0	134.287479163491
2019	8	1	0	0	104.278523239488
2019	8	2	0	0	200.19607898300305
2019	8	3	0	0	264.11704016824103
2019	8	4	0	0	271.410562470299
2019	8	5	0	0	243.669485664766
2019	8	6	0	0	213.076494269022
2019	8	7	0	0	176.980299885886
2019	8	8	0	0	265.005195053939
2019	8	9	0	0	217.813242703875
2019	8	10	0	0	107.957002247964
2019	8	11	0	0	155.927139314301
2019	8	12	0	0	137.685671868561
2019	8	13	0	0	70.5434706080437
2019	8	14	0	0	189.421891759675
2019	8	15	0	0	252.420607094092
2019	8	16	0	0	213.12512661621895
2019	8	17	0	0	103.404189412209
2019	8	18	0	0	123.765589845371
2019	8	19	0	0	184.44547322151504
2019	8	20	0	0	88.4613812944088
2019	8	21	0	0	219.72486533099095
2019	8	22	0	0	254.028042881301
2019	8	23	0	0	218.159110518681
2019	8	24	0	0	205.802902373433
2019	8	25	0	0	209.294743355531
2019	8	26	0	0	213.769060443625
2019	8	27	0	0	156.937745302771
2019	8	28	0	0	111.660036197445
2019	8	29	0	0	119.933757255125
2019	8	30	0	0	120.920849708835
2019	8	31	0	0	190.77308493636903
2019	9	1	0	0	195.680228535612
2019	9	2	0	0	77.94999818734209
2019	9	3	0	0	197.32556330226
2019	9	4	0	0	228.447179020694
2019	9	5	0	0	192.378558933184
2019	9	6	0	0	96.2283757837699
2019	9	7	0	0	116.914753137637
2019	9	8	0	0	78.1275928452557
2019	9	9	0	0	49.483539729174005
2019	9	10	0	0	209.368238621208
2019	9	11	0	0	56.678309389612
2019	9	12	0	0	56.520394611364495
2019	9	13	0	0	151.583022966989
2019	9	14	0	0	160.89088022549998
2019	9	15	0	0	116.424510511351
2019	9	16	0	0	57.8058400836843
2019	9	17	0	0	72.8083776047706
2019	9	18	0	0	71.8389103056417
2019	9	19	0	0	177.548907776772
2019	9	20	0	0	130.955915475791
2019	9	21	0	0	101.2337640543
2019	9	22	0	0	165.799588745085
2019	9	23	0	0	155.91795890885402
2019	9	24	0	0	177.160931394518
2019	9	25	0	0	171.944647273722
2019	9	26	0	0	70.2367810825979
2019	9	27	0	0	81.5061720734593
2019	9	28	0	0	41.2857743469187
2019	9	29	0	0	54.419168140957005
2019	9	30	0	0	63.99665728185831
2019	10	1	0	0	155.044426685536
2019	10	2	0	0	43.0369720808957
2019	10	3	0	0	124.271817080702
2019	10	4	0	0	129.041715650908
2019	10	5	0	0	129.141883347868
2019	10	6	0	0	131.487205093784
2019	10	7	0	0	87.1877770795896
2019	10	8	0	0	47.9963521731497
2019	10	9	0	0	54.7767114325789
2019	10	10	0	0	56.6564986911595
2019	10	11	0	0	49.74972967017679
2019	10	12	0	0	141.171136723434
2019	10	13	0	0	67.9449861180663
2019	10	14	0	0	24.8462534197015
2019	10	15	0	0	63.2573469942455
2019	10	16	0	0	113.048929957242
2019	10	17	0	0	107.445630942685
2019	10	18	0	0	77.3148994735342
2019	10	19	0	0	40.3941952989845
2019	10	20	0	0	123.319226279679
2019	10	21	0	0	112.443369936223
2019	10	22	0	0	91.7012775444064
2019	10	23	0	0	83.9275940068139
2019	10	24	0	0	39.614621831334205
2019	10	25	0	0	71.8198055960993
2019	10	26	0	0	86.5429641743212
2019	10	27	0	0	54.9250182513706
2019	10	28	0	0	54.639005003771
2019	10	29	0	0	36.8576090056856
2019	10	30	0	0	24.2087867853367
2019	10	31	0	0	22.158898173796302
2019	11	1	0	0	30.517774665176898
2019	11	2	0	0	48.34397688265671
2019	11	3	0	0	38.609789784484
2019	11	4	0	0	83.6029535779723
2019	11	5	0	0	16.982650605613898
2019	11	6	0	0	30.5372739816214
2019	11	7	0	0	18.8647098062231
2019	11	8	0	0	80.3949388609897
2019	11	9	0	0	63.8711235922847
2019	11	10	0	0	18.941273278706
2019	11	11	0	0	18.9244399127448
2019	11	12	0	0	18.1413233893498
2019	11	13	0	0	20.1929659230566
2019	11	14	0	0	18.0075257204
2019	11	15	0	0	21.4150689692366
2019	11	16	0	0	18.4336245835413
2019	11	17	0	0	59.9534736555175
2019	11	18	0	0	60.8468299946114
2019	11	19	0	0	26.387725066115102
2019	11	20	0	0	56.164700772128704
2019	11	21	0	0	19.0676445464162
2019	11	22	0	0	18.955617547195303
2019	11	23	0	0	54.24935201719671
2019	11	24	0	0	23.433172845977
2019	11	25	0	0	34.017722875321
2019	11	26	0	0	23.382907137630703
2019	11	27	0	0	41.851012339919706
2019	11	28	0	0	43.9590056122388
2019	11	29	0	0	50.4282624018353
2019	11	30	0	0	38.7137553583506
2019	12	1	0	0	25.431341405220003
2019	12	2	0	0	23.5361568803086
2019	12	3	0	0	37.5522519584043
2019	12	4	0	0	33.902929059917895
2019	12	5	0	0	33.8920049610774
2019	12	6	0	0	35.255033214316
2019	12	7	0	0	18.7699171845719
2019	12	8	0	0	36.088114137691896
2019	12	9	0	0	25.3981537465449
2019	12	10	0	0	18.811299813285306
2019	12	11	0	0	31.8816290876931
2019	12	12	0	0	30.0513620801673
2019	12	13	0	0	19.1949329141941
2019	12	14	0	0	12.7496132895679
2019	12	15	0	0	21.613198708155604
2019	12	16	0	0	17.9331540299134
2019	12	17	0	0	16.8149285340248
2019	12	18	0	0	23.5395977041464
2019	12	19	0	0	19.2235623817876
2019	12	20	0	0	21.441768922901
2019	12	21	0	0	18.5463990795649
2019	12	22	0	0	17.1441962390364
2019	12	23	0	0	18.9224648192453
2019	12	24	0	0	16.8311549890248
2019	12	25	0	0	25.2828431092392
2019	12	26	0	0	25.360837712154
2019	12	27	0	0	39.73053466620821
2019	12	28	0	0	22.6941000419667
2019	12	29	0	0	42.915383376041206
2019	12	30	0	0	24.656158719102105
2019	12	31	0	0	46.18787042838451
2020	1	1	0	0	35.224634657794795
2020	1	2	0	0	31.922552839607
2020	1	3	0	0	23.229169095626503
2020	1	4	0	0	24.5169857512985
2020	1	5	0	0	43.1137945089995
2020	1	6	0	0	40.273634190841605
2020	1	7	0	0	45.09928964806829
2020	1	8	0	0	45.4750797017477
2020	1	9	0	0	17.5572629591173
2020	1	10	0	0	21.1188735235361
2020	1	11	0	0	20.0618697309612
2020	1	12	0	0	17.5844745459958
2020	1	13	0	0	28.9791365509906
2020	1	14	0	0	17.5493668977992
2020	1	15	0	0	38.5521177653166
2020	1	16	0	0	18.8719455888954
2020	1	17	0	0	33.31973283763261
2020	1	18	0	0	18.955118283100894
2020	1	19	0	0	37.055573291781705
2020	1	20	0	0	50.6954727211026
2020	1	21	0	0	17.8689900045567
2020	1	22	0	0	18.9346027267292
2020	1	23	0	0	17.1663633029914
2020	1	24	0	0	28.7459940818034
2020	1	25	0	0	17.5521971939658
2020	1	26	0	0	64.8461896080407
2020	1	27	0	0	28.782473552241896
2020	1	28	0	0	16.3605798800118
2020	1	29	0	0	56.5228575215225
2020	1	30	0	0	67.6521290652378
2020	1	31	0	0	17.6062423579305
2020	2	1	0	0	62.8651382454327
2020	2	2	0	0	64.4882881673316
2020	2	3	0	0	40.0530582165776
2020	2	4	0	0	60.4580193539027
2020	2	5	0	0	59.9514278608819
2020	2	6	0	0	55.1555120626336
2020	2	7	0	0	39.9862755677927
2020	2	8	0	0	64.35269021188479
2020	2	9	0	0	73.65702962301759
2020	2	10	0	0	67.5497449217398
2020	2	11	0	0	50.0409046615407
2020	2	12	0	0	19.806709860582306
2020	2	13	0	0	76.5846849793135
2020	2	14	0	0	20.2495859716434
2020	2	15	0	0	48.1976737302438
2020	2	16	0	0	97.5048054233334
2020	2	17	0	0	91.9084110729732
2020	2	18	0	0	116.474858423218
2020	2	19	0	0	89.81971978807958
2020	2	20	0	0	90.4902333127294
2020	2	21	0	0	111.211174864093
2020	2	22	0	0	36.3928864118736
2020	2	23	0	0	51.741532868336
2020	2	24	0	0	82.09483761301809
2020	2	25	0	0	29.330813586449104
2020	2	26	0	0	24.343757239987603
2020	2	27	0	0	35.0889010791077
2020	2	28	0	0	36.3261528255217
2020	2	29	0	0	36.5555877542136
2020	3	1	0	0	48.1758589700497
2020	3	2	0	0	56.9135474835504
2020	3	3	0	0	49.38065412201
2020	3	4	0	0	50.8980510867191
2020	3	5	0	0	56.5424419732005
2020	3	6	0	0	40.0307495314532
2020	3	7	0	0	39.9779730800214
2020	3	8	0	0	135.223301078139
2020	3	9	0	0	119.401907694327
2020	3	10	0	0	67.0199926187495
2020	3	11	0	0	48.38046759939179
2020	3	12	0	0	79.157854762869
2020	3	13	0	0	66.3580335966852
2020	3	14	0	0	109.833199067709
2020	3	15	0	0	104.376673119812
2020	3	16	0	0	154.189340875272
2020	3	17	0	0	161.935187441836
2020	3	18	0	0	104.150789310234
2020	3	19	0	0	86.1272899178829
2020	3	20	0	0	135.949551002543
2020	3	21	0	0	188.268358014075
2020	3	22	0	0	160.057694215565
2020	3	23	0	0	156.859573145145
2020	3	24	0	0	123.80965519042
2020	3	25	0	0	162.928573053965
2020	3	26	0	0	97.1372906261639
2020	3	27	0	0	120.583667049385
2020	3	28	0	0	108.033269431964
2020	3	29	0	0	152.972306968824
2020	3	30	0	0	188.945501356592
2020	3	31	0	0	235.411647584058
2020	4	1	0	0	196.10155701035
2020	4	2	0	0	66.99213686179189
2020	4	3	0	0	205.034284791477
2020	4	4	0	0	108.823236194838
2020	4	5	0	0	186.367988882123
2020	4	6	0	0	117.479437493618
2020	4	7	0	0	83.4750924861879
2020	4	8	0	0	94.07977914170893
2020	4	9	0	0	90.30790291108428
2020	4	10	0	0	199.831512774459
2020	4	11	0	0	74.3119517187934
2020	4	12	0	0	130.622349835165
2020	4	13	0	0	112.631057029311
2020	4	14	0	0	192.70511328387695
2020	4	15	0	0	168.565329966069
2020	4	16	0	0	138.254878067948
2020	4	17	0	0	188.103078155218
2020	4	18	0	0	157.022416233278
2020	4	19	0	0	108.37979737106
2020	4	20	0	0	116.687099155447
2020	4	21	0	0	92.3061697716247
2020	4	22	0	0	151.278935703479
2020	4	23	0	0	121.888046653895
2020	4	24	0	0	132.526395832024
2020	4	25	0	0	262.392481732921
2020	4	26	0	0	106.548013198414
2020	4	27	0	0	115.39006605301
2020	4	28	0	0	93.2739866493981
2020	4	29	0	0	132.359047242859
2020	4	30	0	0	159.434129508766
2020	5	1	0	0	272.571787555183
2020	5	2	0	0	291.711947011223
2020	5	3	0	0	244.179046189472
2020	5	4	0	0	116.367856279608
2020	5	5	0	0	145.280895029501
2020	5	6	0	0	116.278396411034
2020	5	7	0	0	93.3088630513168
2020	5	8	0	0	92.73231163318208
2020	5	9	0	0	91.3889249662785
2020	5	10	0	0	92.80392021995571
2020	5	11	0	0	124.058417404021
2020	5	12	0	0	112.299287102879
2020	5	13	0	0	162.915741416488
2020	5	14	0	0	106.215703946405
2020	5	15	0	0	92.6800906868243
2020	5	16	0	0	146.34846445672702
2020	5	17	0	0	189.16227703445
2020	5	18	0	0	228.047157582183
2020	5	19	0	0	253.81808343744495
2020	5	20	0	0	253.837700668185
2020	5	21	0	0	146.771578212134
2020	5	22	0	0	148.193106950935
2020	5	23	0	0	273.019681215866
2020	5	24	0	0	246.84482392972697
2020	5	25	0	0	183.302989205592
2020	5	26	0	0	133.130792295307
2020	5	27	0	0	271.28914338105204
2020	5	28	0	0	300.540953439041
2020	5	29	0	0	306.151243198439
2020	5	30	0	0	324.538562276088
2020	5	31	0	0	325.61398549198503
2020	6	1	0	0	171.403557566674
2020	6	2	0	0	225.73140276826305
2020	6	3	0	0	321.98671754079203
2020	6	4	0	0	313.603324626427
2020	6	5	0	0	162.657554677292
2020	6	6	0	0	338.603559099642
2020	6	7	0	0	238.26996349276
2020	6	8	0	0	320.641046240573
2020	6	9	0	0	155.754445758951
2020	6	10	0	0	328.390630379158
2020	6	11	0	0	269.098742172943
2020	6	12	0	0	327.305336734259
2020	6	13	0	0	336.74319957099704
2020	6	14	0	0	330.044852158553
2020	6	15	0	0	179.961278167297
2020	6	16	0	0	327.441003914152
2020	6	17	0	0	291.80006613221803
2020	6	18	0	0	140.39101246331998
2020	6	19	0	0	159.273456418422
2020	6	20	0	0	334.268928469017
2020	6	21	0	0	283.524690857108
2020	6	22	0	0	159.893479716955
2020	6	23	0	0	108.319336945509
2020	6	24	0	0	240.69840378652304
2020	6	25	0	0	318.984180737179
2020	6	26	0	0	326.762685439296
2020	6	27	0	0	147.16356936711202
2020	6	28	0	0	172.51850191714502
2020	6	29	0	0	204.956760351984
2020	6	30	0	0	295.185824708325
2020	7	1	0	0	280.156871179968
2020	7	2	0	0	233.77178531077095
2020	7	3	0	0	176.998210804539
2020	7	4	0	0	175.74896875942798
2020	7	5	0	0	200.302651260689
2020	7	6	0	0	159.012728443004
2020	7	7	0	0	145.8194100949
2020	7	8	0	0	261.23912365561404
2020	7	9	0	0	294.627247879094
2020	7	10	0	0	300.957293552032
2020	7	11	0	0	263.836133595993
2020	7	12	0	0	292.285358774365
2020	7	13	0	0	307.871597486413
2020	7	14	0	0	299.68795909496896
2020	7	15	0	0	196.73928538083695
2020	7	16	0	0	295.230200104328
2020	7	17	0	0	167.303296580639
2020	7	18	0	0	252.75561648179905
2020	7	19	0	0	285.461058062482
2020	7	20	0	0	275.29668832510504
2020	7	21	0	0	277.692640710568
2020	7	22	0	0	163.89424493438102
2020	7	23	0	0	130.320778365462
2020	7	24	0	0	146.608641662993
2020	7	25	0	0	297.060437397336
2020	7	26	0	0	194.742456725748
2020	7	27	0	0	272.270848946315
2020	7	28	0	0	259.093359091166
2020	7	29	0	0	291.871971422681
2020	7	30	0	0	260.25331370895304
2020	7	31	0	0	281.899715297498
2020	8	1	0	0	168.555453725328
2020	8	2	0	0	226.21009801015305
2020	8	3	0	0	168.040644085263
2020	8	4	0	0	197.99075845492
2020	8	5	0	0	284.983100897534
2020	8	6	0	0	256.485255508028
2020	8	7	0	0	242.813461412469
2020	8	8	0	0	271.300228193097
2020	8	9	0	0	298.148576772699
2020	8	10	0	0	117.001904063203
2020	8	11	0	0	93.3755561494603
2020	8	12	0	0	206.457778723988
2020	8	13	0	0	248.989061281392
2020	8	14	0	0	144.516939543761
2020	8	15	0	0	149.146822664887
2020	8	16	0	0	190.61899568080295
2020	8	17	0	0	161.441983466283
2020	8	18	0	0	132.024473752889
2020	8	19	0	0	172.231702192672
2020	8	20	0	0	112.149725013304
2020	8	21	0	0	164.240331187315
2020	8	22	0	0	96.6147031316344
2020	8	23	0	0	163.075200385706
2020	8	24	0	0	87.7876603348782
2020	8	25	0	0	169.790167886693
2020	8	26	0	0	116.319446391917
2020	8	27	0	0	125.73688928925
2020	8	28	0	0	78.8137998187212
2020	8	29	0	0	110.539068899999
2020	8	30	0	0	88.8322168753505
2020	8	31	0	0	123.424992771482
2020	9	1	0	0	128.991157412019
2020	9	2	0	0	174.006332175444
2020	9	3	0	0	223.274864530402
2020	9	4	0	0	223.527181204219
2020	9	5	0	0	219.35540136228
2020	9	6	0	0	195.249214743696
2020	9	7	0	0	127.902498465861
2020	9	8	0	0	91.08621074233707
2020	9	9	0	0	151.019444229895
2020	9	10	0	0	74.98302710631391
2020	9	11	0	0	111.920337702798
2020	9	12	0	0	74.1593888747782
2020	9	13	0	0	197.95801143840305
2020	9	14	0	0	213.063660636231
2020	9	15	0	0	202.344859248214
2020	9	16	0	0	197.232057769211
2020	9	17	0	0	108.301115039478
2020	9	18	0	0	134.585038160506
2020	9	19	0	0	198.537766923063
2020	9	20	0	0	189.09567507291
2020	9	21	0	0	151.052007833056
2020	9	22	0	0	131.24377572574102
2020	9	23	0	0	179.154414587595
2020	9	24	0	0	105.217871688614
2020	9	25	0	0	161.99248288005302
2020	9	26	0	0	81.2468276550306
2020	9	27	0	0	157.937321506805
2020	9	28	0	0	74.3923665190753
2020	9	29	0	0	181.160378796825
2020	9	30	0	0	173.752371760019
2020	10	1	0	0	110.537701277771
2020	10	2	0	0	79.33977666102601
2020	10	3	0	0	59.507775280903
2020	10	4	0	0	117.729499786689
2020	10	5	0	0	60.24697224374821
2020	10	6	0	0	140.653827593325
2020	10	7	0	0	72.36668464760821
2020	10	8	0	0	37.754910119858
2020	10	9	0	0	128.08304778884
2020	10	10	0	0	40.1696839862582
2020	10	11	0	0	76.587629176584
2020	10	12	0	0	74.604563288523
2020	10	13	0	0	84.7836768489231
2020	10	14	0	0	144.461781133687
2020	10	15	0	0	132.051645069556
2020	10	16	0	0	135.450991744434
2020	10	17	0	0	41.4494668069345
2020	10	18	0	0	44.31048442032829
2020	10	19	0	0	41.4618092125573
2020	10	20	0	0	40.32562986773871
2020	10	21	0	0	120.870071237021
2020	10	22	0	0	98.62642733954608
2020	10	23	0	0	60.3362952483151
2020	10	24	0	0	50.8098219372149
2020	10	25	0	0	63.58805893930021
2020	10	26	0	0	38.3357169618024
2020	10	27	0	0	68.8795007233939
2020	10	28	0	0	59.8624311200384
2020	10	29	0	0	34.4134808522558
2020	10	30	0	0	31.5063975591583
2020	10	31	0	0	50.266199003686
2020	11	1	0	0	54.350364867887
2020	11	2	0	0	38.091384086445295
2020	11	3	0	0	20.81138684605
2020	11	4	0	0	22.8370037989287
2020	11	5	0	0	20.6553970136549
2020	11	6	0	0	24.2307867500063
2020	11	7	0	0	75.2115758008147
2020	11	8	0	0	44.00688115821071
2020	11	9	0	0	59.1036375076458
2020	11	10	0	0	27.0885252240472
2020	11	11	0	0	26.1754431830576
2020	11	12	0	0	65.1814940798505
2020	11	13	0	0	63.4592006848216
2020	11	14	0	0	30.416892023125
2020	11	15	0	0	52.0090153909262
2020	11	16	0	0	49.20312296770351
2020	11	17	0	0	54.1217422777984
2020	11	18	0	0	55.1979047767263
2020	11	19	0	0	16.791859359586
2020	11	20	0	0	18.181032501174705
2020	11	21	0	0	17.3280240012552
2020	11	22	0	0	44.5760009434198
2020	11	23	0	0	48.2788832374899
2020	11	24	0	0	46.808900357328994
2020	11	25	0	0	52.3897394233595
2020	11	26	0	0	24.1930924554818
2020	11	27	0	0	51.0098458328088
2020	11	28	0	0	47.46839616892839
2020	11	29	0	0	41.77007883924411
2020	11	30	0	0	40.488775728343896
2020	12	1	0	0	18.0189294044551
2020	12	2	0	0	19.0319567148948
2020	12	3	0	0	17.8525275151306
2020	12	4	0	0	24.4256926199515
2020	12	5	0	0	16.7872076970154
2020	12	6	0	0	33.204109578334
2020	12	7	0	0	27.132680841567
2020	12	8	0	0	17.948419078784898
2020	12	9	0	0	25.2386178570363
2020	12	10	0	0	14.483879560371
2020	12	11	0	0	18.0590350913219
2020	12	12	0	0	21.6901689015445
2020	12	13	0	0	17.5126391577108
2020	12	14	0	0	16.7148953356595
2020	12	15	0	0	16.4577503991662
2020	12	16	0	0	25.6121313365118
2020	12	17	0	0	24.462890625
2020	12	18	0	0	27.5277665936963
2020	12	19	0	0	23.7495235368234
2020	12	20	0	0	24.4050266982378
2020	12	21	0	0	24.4001931924861
2020	12	22	0	0	11.8981092688057
2020	12	23	0	0	22.5321381433141
2020	12	24	0	0	19.1978417483334
2020	12	25	0	0	35.5159896436104
2020	12	26	0	0	17.4539395649988
2020	12	27	0	0	29.3944520898846
2020	12	28	0	0	17.4644370442867
2020	12	29	0	0	17.4177916949303
2020	12	30	0	0	27.102209546416105
2020	12	31	0	0	30.414697442795
2021	1	1	0	0	43.6959733206219
2021	1	2	0	0	43.7221373592964
2021	1	3	0	0	24.8383840832017
2021	1	4	0	0	40.434328905251
2021	1	5	0	0	43.6828908020636
2021	1	6	0	0	31.2287033274842
2021	1	7	0	0	45.5006066624179
2021	1	8	0	0	32.3483307589962
2021	1	9	0	0	42.182964393860296
2021	1	10	0	0	41.8118416654104
2021	1	11	0	0	18.805852028425
2021	1	12	0	0	24.2170222482142
2021	1	13	0	0	24.2080423766543
2021	1	14	0	0	16.407897742667302
2021	1	15	0	0	18.822270275584604
2021	1	16	0	0	60.8615296005801
2021	1	17	0	0	57.3373043934995
2021	1	18	0	0	61.8873673327612
2021	1	19	0	0	20.0766364726478
2021	1	20	0	0	62.56781932024921
2021	1	21	0	0	66.10854878995461
2021	1	22	0	0	62.9319569247735
2021	1	23	0	0	62.7347043084721
2021	1	24	0	0	65.09045931335571
2021	1	25	0	0	16.4579377129349
2021	1	26	0	0	17.5464010864645
2021	1	27	0	0	28.5646223684756
2021	1	28	0	0	16.883400235127098
2021	1	29	0	0	67.46397107459579
2021	1	30	0	0	68.6136434449494
2021	1	31	0	0	18.9588288679659
2021	2	1	0	0	66.3892431091591
2021	2	2	0	0	54.9216313530827
2021	2	3	0	0	24.356765057157503
2021	2	4	0	0	32.1942127615559
2021	2	5	0	0	32.1730286239822
2021	2	6	0	0	32.1127256430066
2021	2	7	0	0	35.0325506240612
2021	2	8	0	0	77.7964446519129
2021	2	9	0	0	68.59863754978639
2021	2	10	0	0	77.8981640808792
2021	2	11	0	0	20.233639925803494
2021	2	12	0	0	63.05266439241979
2021	2	13	0	0	93.2100416742145
2021	2	14	0	0	54.193194344746
2021	2	15	0	0	37.7908472036795
2021	2	16	0	0	32.2514284266991
2021	2	17	0	0	84.5089231690539
2021	2	18	0	0	19.9231700842433
2021	2	19	0	0	26.65225690967
2021	2	20	0	0	30.2580892756772
2021	2	21	0	0	34.398722946634194
2021	2	22	0	0	44.2356755923637
2021	2	23	0	0	47.2592570335427
2021	2	24	0	0	50.254266178017
2021	2	25	0	0	117.694271437634
2021	2	26	0	0	126.250468334049
2021	2	27	0	0	131.850159809013
2021	2	28	0	0	29.7063098104347
2021	3	1	0	0	68.0570140113186
2021	3	2	0	0	65.441068031412
2021	3	3	0	0	78.29981553116559
2021	3	4	0	0	154.750557530277
2021	3	5	0	0	98.1741082571008
2021	3	6	0	0	97.7191087386225
2021	3	7	0	0	154.196922971683
2021	3	8	0	0	163.810421617246
2021	3	9	0	0	154.41686479503
2021	3	10	0	0	137.076581797008
2021	3	11	0	0	52.8000927898357
2021	3	12	0	0	65.0581178840494
2021	3	13	0	0	106.756438334386
2021	3	14	0	0	140.005901295684
2021	3	15	0	0	162.225149067957
2021	3	16	0	0	36.9218725904044
2021	3	17	0	0	164.314422910877
2021	3	18	0	0	181.882080355891
2021	3	19	0	0	122.523344253418
2021	3	20	0	0	178.054643235111
2021	3	21	0	0	161.645211630665
2021	3	22	0	0	187.821733083271
2021	3	23	0	0	110.275042076
2021	3	24	0	0	187.016677627775
2021	3	25	0	0	228.026664491157
2021	3	26	0	0	221.65285107105
2021	3	27	0	0	224.914772964282
2021	3	28	0	0	169.911110208999
2021	3	29	0	0	95.3620168693585
2021	3	30	0	0	201.438305384778
2021	3	31	0	0	88.1154445196089
2021	4	1	0	0	93.1806571835008
2021	4	2	0	0	79.6819581253011
2021	4	3	0	0	87.90058652813092
2021	4	4	0	0	98.2830085356357
2021	4	5	0	0	58.13139407345329
2021	4	6	0	0	67.1656724783634
2021	4	7	0	0	100.875389660785
2021	4	8	0	0	165.764318559441
2021	4	9	0	0	163.329800793265
2021	4	10	0	0	118.773892394601
2021	4	11	0	0	211.24041347831405
2021	4	12	0	0	65.07308687853379
2021	4	13	0	0	173.797916899278
2021	4	14	0	0	85.02377609417641
2021	4	15	0	0	89.09053539474141
2021	4	16	0	0	130.571010662637
2021	4	17	0	0	147.377777380098
2021	4	18	0	0	162.843766666409
2021	4	19	0	0	277.961817160576
2021	4	20	0	0	110.482159852269
2021	4	21	0	0	165.951887183172
2021	4	22	0	0	72.1816530799633
2021	4	23	0	0	195.138299166097
2021	4	24	0	0	157.855250321719
2021	4	25	0	0	174.122736375384
2021	4	26	0	0	154.563881572561
2021	4	27	0	0	82.8350873174776
2021	4	28	0	0	93.56673544489558
2021	4	29	0	0	184.766165584489
2021	4	30	0	0	280.856006682286
2021	5	1	0	0	246.250137639902
2021	5	2	0	0	156.088280409463
2021	5	3	0	0	238.794624797321
2021	5	4	0	0	235.09143819978695
2021	5	5	0	0	220.793402384453
2021	5	6	0	0	169.809498260616
2021	5	7	0	0	292.643971830957
2021	5	8	0	0	310.553810731731
2021	5	9	0	0	309.32575715517703
2021	5	10	0	0	225.801796911693
2021	5	11	0	0	207.68158708184
2021	5	12	0	0	180.223528178388
2021	5	13	0	0	135.909533125341
2021	5	14	0	0	189.324605971454
2021	5	15	0	0	93.54104599754127
2021	5	16	0	0	161.281376295795
2021	5	17	0	0	115.06831561775
2021	5	18	0	0	164.200233050013
2021	5	19	0	0	91.9725043302059
2021	5	20	0	0	146.081378670099
2021	5	21	0	0	277.164212588884
2021	5	22	0	0	215.47882958595403
2021	5	23	0	0	140.147650404571
2021	5	24	0	0	199.287051793522
2021	5	25	0	0	222.719032789733
2021	5	26	0	0	320.97286682008
2021	5	27	0	0	282.881962201906
2021	5	28	0	0	225.444331275313
2021	5	29	0	0	223.693686956923
2021	5	30	0	0	150.597089411081
2021	5	31	0	0	136.08606289275
2021	6	1	0	0	112.420381508171
2021	6	2	0	0	168.878968834172
2021	6	3	0	0	156.333629714218
2021	6	4	0	0	245.967495318634
2021	6	5	0	0	109.589942035382
2021	6	6	0	0	223.26997408121
2021	6	7	0	0	206.945347452322
2021	6	8	0	0	315.053543139858
2021	6	9	0	0	199.918139467478
2021	6	10	0	0	190.81454278001
2021	6	11	0	0	120.210320006282
2021	6	12	0	0	339.420112218284
2021	6	13	0	0	195.835672983004
2021	6	14	0	0	143.893853740291
2021	6	15	0	0	291.627496269293
2021	6	16	0	0	261.935717955279
2021	6	17	0	0	123.617214384
2021	6	18	0	0	238.224368595336
2021	6	19	0	0	323.500964538783
2021	6	20	0	0	179.87269892223202
2021	6	21	0	0	300.789740070548
2021	6	22	0	0	119.945502499681
2021	6	23	0	0	223.78207967197895
2021	6	24	0	0	320.1008578955
2021	6	25	0	0	331.584472877643
2021	6	26	0	0	333.381639632761
2021	6	27	0	0	269.741430921209
2021	6	28	0	0	211.36963525153
2021	6	29	0	0	261.286214869052
2021	6	30	0	0	279.257709919286
2021	7	1	0	0	217.449849172374
2021	7	2	0	0	268.217437472144
2021	7	3	0	0	215.689228125816
2021	7	4	0	0	324.342994923677
2021	7	5	0	0	258.466230782926
2021	7	6	0	0	160.073383955639
2021	7	7	0	0	201.091959012147
2021	7	8	0	0	151.981110225802
2021	7	9	0	0	137.927305073634
2021	7	10	0	0	169.20223889704098
2021	7	11	0	0	300.70341236008
2021	7	12	0	0	250.380825424522
2021	7	13	0	0	221.132419278226
2021	7	14	0	0	305.575004116672
2021	7	15	0	0	243.661339681025
2021	7	16	0	0	239.464853021026
2021	7	17	0	0	189.951264945378
2021	7	18	0	0	167.772937572677
2021	7	19	0	0	235.56630185127105
2021	7	20	0	0	118.369400582164
2021	7	21	0	0	144.930807170549
2021	7	22	0	0	226.899314845274
2021	7	23	0	0	126.108810566658
2021	7	24	0	0	166.024176252037
2021	7	25	0	0	66.71503171003211
2021	7	26	0	0	77.6830428579618
2021	7	27	0	0	256.975665978938
2021	7	28	0	0	136.02017521362
2021	7	29	0	0	191.975040418379
2021	7	30	0	0	234.843611737962
2021	7	31	0	0	170.43834990112302
2021	8	1	0	0	279.576520321862
2021	8	2	0	0	129.890704810824
2021	8	3	0	0	145.49248728625
2021	8	4	0	0	94.6230572320455
2021	8	5	0	0	233.481117086426
2021	8	6	0	0	105.08390360481
2021	8	7	0	0	118.918103855821
2021	8	8	0	0	117.71404455594102
2021	8	9	0	0	177.568081438326
2021	8	10	0	0	197.63969272321705
2021	8	11	0	0	260.54300191301496
2021	8	12	0	0	253.681739014368
2021	8	13	0	0	207.486945831206
2021	8	14	0	0	176.112225493556
2021	8	15	0	0	262.079501036379
2021	8	16	0	0	246.93246042306305
2021	8	17	0	0	234.858049930172
2021	8	18	0	0	188.90519363629696
2021	8	19	0	0	144.499759663641
2021	8	20	0	0	157.30847139350402
2021	8	21	0	0	152.082641208966
2021	8	22	0	0	237.83096780708095
2021	8	23	0	0	146.526832759085
2021	8	24	0	0	100.725832924688
2021	8	25	0	0	123.410936384888
2021	8	26	0	0	100.536818101736
2021	8	27	0	0	185.167252087673
2021	8	28	0	0	62.8260082789499
2021	8	29	0	0	188.53680176563705
2021	8	30	0	0	191.482661260924
2021	8	31	0	0	115.792119499894
2021	9	1	0	0	200.390140704973
2021	9	2	0	0	109.571671503804
2021	9	3	0	0	221.727619407676
2021	9	4	0	0	105.024290559359
2021	9	5	0	0	207.631070229863
2021	9	6	0	0	63.7751314220676
2021	9	7	0	0	62.9108179407834
2021	9	8	0	0	56.5415747724104
2021	9	9	0	0	77.1685336734753
2021	9	10	0	0	182.37514538325505
2021	9	11	0	0	188.469611968692
2021	9	12	0	0	114.184705910218
2021	9	13	0	0	154.06192656126
2021	9	14	0	0	171.448247253034
2021	9	15	0	0	181.070169277296
2021	9	16	0	0	181.16084954769696
2021	9	17	0	0	183.850999244713
2021	9	18	0	0	189.74875844473095
2021	9	19	0	0	138.752736980296
2021	9	20	0	0	179.249359647828
2021	9	21	0	0	187.67801119824296
2021	9	22	0	0	172.953922953914
2021	9	23	0	0	125.973221317627
2021	9	24	0	0	51.120302738012896
2021	9	25	0	0	46.2149424319575
2021	9	26	0	0	41.5557186800591
2021	9	27	0	0	151.140926560165
2021	9	28	0	0	169.692193635373
2021	9	29	0	0	78.33860135578321
2021	9	30	0	0	41.592261423828
2021	10	1	0	0	55.10795684451671
2021	10	2	0	0	75.1568439167907
2021	10	3	0	0	51.3310179246438
2021	10	4	0	0	57.407563104994
2021	10	5	0	0	40.8130218686049
2021	10	6	0	0	28.5959542295676
2021	10	7	0	0	148.36271552153
2021	10	8	0	0	150.839176253982
2021	10	9	0	0	74.8176390540524
2021	10	10	0	0	114.996731197478
2021	10	11	0	0	128.57109660925698
2021	10	12	0	0	39.6826428120097
2021	10	13	0	0	93.55296528756242
2021	10	14	0	0	87.98760592435042
2021	10	15	0	0	49.326175020167895
2021	10	16	0	0	126.603530266683
2021	10	17	0	0	108.619965734822
2021	10	18	0	0	122.705247690106
2021	10	19	0	0	104.002001683629
2021	10	20	0	0	108.742921587322
2021	10	21	0	0	95.4776425391688
2021	10	22	0	0	72.4402411487489
2021	10	23	0	0	73.2242939615905
2021	10	24	0	0	53.0615933850004
2021	10	25	0	0	100.076134571611
2021	10	26	0	0	74.32287520355601
2021	10	27	0	0	49.1247683896186
2021	10	28	0	0	28.7782706342958
2021	10	29	0	0	25.53456871092469
2021	10	30	0	0	47.984276362634496
2021	10	31	0	0	25.5309106648498
2021	11	1	0	0	22.1266294895013
2021	11	2	0	0	58.38059914993711
2021	11	3	0	0	18.0152007006375
2021	11	4	0	0	28.008978242119003
2021	11	5	0	0	49.6080187990317
2021	11	6	0	0	66.9768382273179
2021	11	7	0	0	70.5725987852311
2021	11	8	0	0	37.8765690030568
2021	11	9	0	0	49.3622734908803
2021	11	10	0	0	64.3368334115206
2021	11	11	0	0	60.045361485399
2021	11	12	0	0	64.42293637457651
2021	11	13	0	0	51.416583263565705
2021	11	14	0	0	28.2989444660943
2021	11	15	0	0	54.0874468634126
2021	11	16	0	0	41.391058141345
2021	11	17	0	0	53.1050029530599
2021	11	18	0	0	50.8821505598088
2021	11	19	0	0	20.8096946860205
2021	11	20	0	0	34.0491127719148
2021	11	21	0	0	43.787659346941794
2021	11	22	0	0	46.670649974081705
2021	11	23	0	0	53.2279323669586
2021	11	24	0	0	41.7068801836164
2021	11	25	0	0	47.8356082363724
2021	11	26	0	0	52.669178002840994
2021	11	27	0	0	50.6317380116289
2021	11	28	0	0	55.8055072542107
2021	11	29	0	0	17.201554549870902
2021	11	30	0	0	16.1519070029161
2021	12	1	0	0	18.0454259221499
2021	12	2	0	0	28.6465355031205
2021	12	3	0	0	48.4570156094736
2021	12	4	0	0	25.2694550058037
2021	12	5	0	0	28.771195006652498
2021	12	6	0	0	23.6876268122198
2021	12	7	0	0	36.5727551089278
2021	12	8	0	0	17.5806740340269
2021	12	9	0	0	20.412384421609897
2021	12	10	0	0	31.267610796369706
2021	12	11	0	0	36.31422111427671
2021	12	12	0	0	18.044844021909803
2021	12	13	0	0	26.236692042476
2021	12	14	0	0	31.4634529735394
2021	12	15	0	0	18.0166848816548
2021	12	16	0	0	18.1231500928652
2021	12	17	0	0	20.541997791743604
2021	12	18	0	0	20.6378974104475
2021	12	19	0	0	18.1107251027677
2021	12	20	0	0	13.9243906792746
2021	12	21	0	0	20.5413664153115
2021	12	22	0	0	21.5029740724026
2021	12	23	0	0	20.1880916535151
2021	12	24	0	0	24.4098684662914
2021	12	25	0	0	16.7897430455533
2021	12	26	0	0	18.6628607273676
2021	12	27	0	0	17.905444068886602
2021	12	28	0	0	15.1170210519788
2021	12	29	0	0	34.3561850105129
2021	12	30	0	0	25.211121071177896
2021	12	31	0	0	17.8536283315191
