YYYY	MM	DD	hh	mm	RS
2016	1	1	0	0	1.7987485680664443
2016	1	2	0	0	2.8524266139285217
2016	1	3	0	0	2.5995534840241463
2016	1	4	0	0	0.6431389740248495
2016	1	5	0	0	3.064330115260019
2016	1	6	0	0	2.247641486944851
2016	1	7	0	0	3.4084915582618316
2016	1	8	0	0	2.132366155161437
2016	1	9	0	0	2.3814910921317645
2016	1	10	0	0	3.6339136260464056
2016	1	11	0	0	4.475718279406095
2016	1	12	0	0	2.9012851734502556
2016	1	13	0	0	3.1789649345978352
2016	1	14	0	0	3.0996583269039992
2016	1	15	0	0	2.2809713932499274
2016	1	16	0	0	3.5790279762433452
2016	1	17	0	0	2.9681994763709976
2016	1	18	0	0	2.142804194799598
2016	1	19	0	0	4.285856141879028
2016	1	20	0	0	2.0763702670186053
2016	1	21	0	0	1.5767160373032365
2016	1	22	0	0	2.046107133520558
2016	1	23	0	0	4.401747215942567
2016	1	24	0	0	2.054928782451482
2016	1	25	0	0	4.6698391695870525
2016	1	26	0	0	2.9842085193796253
2016	1	27	0	0	2.226712387684159
2016	1	28	0	0	2.5650236706525504
2016	1	29	0	0	4.094898487079959
2016	1	30	0	0	5.08103228434612
2016	1	31	0	0	5.042198808234024
2016	2	1	0	0	3.5522828342172725
2016	2	2	0	0	5.204035638114668
2016	2	3	0	0	2.400297119364073
2016	2	4	0	0	5.939498131521259
2016	2	5	0	0	5.487679098167227
2016	2	6	0	0	4.69408563850172
2016	2	7	0	0	7.125798462032244
2016	2	8	0	0	5.043781624490957
2016	2	9	0	0	6.4256377869779335
2016	2	10	0	0	6.646241852349812
2016	2	11	0	0	5.333312861096904
2016	2	12	0	0	7.181889336188752
2016	2	13	0	0	4.068388545693201
2016	2	14	0	0	5.271502126542457
2016	2	15	0	0	4.183375151262888
2016	2	16	0	0	2.755632249672941
2016	2	17	0	0	9.07483118425105
2016	2	18	0	0	3.103979276416041
2016	2	19	0	0	5.959356188956828
2016	2	20	0	0	8.618066003784092
2016	2	21	0	0	10.06201224752449
2016	2	22	0	0	8.40315670352746
2016	2	23	0	0	7.924710943630731
2016	2	24	0	0	1.989317317624785
2016	2	25	0	0	9.204500612150929
2016	2	26	0	0	10.250789399972582
2016	2	27	0	0	9.123374865233405
2016	2	28	0	0	6.705285822697674
2016	2	29	0	0	4.989895243769595
2016	3	1	0	0	10.117616894758138
2016	3	2	0	0	7.344393588665568
2016	3	3	0	0	4.216975472579901
2016	3	4	0	0	7.028304321065277
2016	3	5	0	0	10.780923599007753
2016	3	6	0	0	4.68582112737301
2016	3	7	0	0	5.28451699901319
2016	3	8	0	0	5.261536363300215
2016	3	9	0	0	5.060823713865694
2016	3	10	0	0	11.932287167274193
2016	3	11	0	0	12.529603043777348
2016	3	12	0	0	12.965602185796984
2016	3	13	0	0	13.394877299347565
2016	3	14	0	0	13.818279377494456
2016	3	15	0	0	13.499701318738428
2016	3	16	0	0	10.152327390398813
2016	3	17	0	0	8.342082959465381
2016	3	18	0	0	10.823748481896336
2016	3	19	0	0	10.79438374202809
2016	3	20	0	0	14.194812839780479
2016	3	21	0	0	10.630594984402858
2016	3	22	0	0	6.57825000121813
2016	3	23	0	0	9.159318983242281
2016	3	24	0	0	15.079238261101356
2016	3	25	0	0	6.22867983574013
2016	3	26	0	0	10.482776712401272
2016	3	27	0	0	18.377191817063856
2016	3	28	0	0	7.995864637262078
2016	3	29	0	0	18.00083530749845
2016	3	30	0	0	7.0482464221117285
2016	3	31	0	0	9.585615580638278
2016	4	1	0	0	9.827372300725527
2016	4	2	0	0	8.05134488497059
2016	4	3	0	0	11.329428128209923
2016	4	4	0	0	11.913570632839681
2016	4	5	0	0	11.052421924426618
2016	4	6	0	0	8.829107354755124
2016	4	7	0	0	10.508818496693127
2016	4	8	0	0	7.433026254264406
2016	4	9	0	0	16.31641457251074
2016	4	10	0	0	9.966098769116257
2016	4	11	0	0	12.775339751952039
2016	4	12	0	0	22.425104742056096
2016	4	13	0	0	20.139114983094863
2016	4	14	0	0	16.90827460170388
2016	4	15	0	0	11.4796514524142
2016	4	16	0	0	12.809394011868422
2016	4	17	0	0	9.55626594227257
2016	4	18	0	0	13.730557628172038
2016	4	19	0	0	12.790146351616704
2016	4	20	0	0	6.386060198338754
2016	4	21	0	0	9.951296868787509
2016	4	22	0	0	9.570395937805028
2016	4	23	0	0	9.584524732470365
2016	4	24	0	0	11.872393405995544
2016	4	25	0	0	12.15703009407243
2016	4	26	0	0	16.942175050500374
2016	4	27	0	0	16.97678741572079
2016	4	28	0	0	11.344877442238378
2016	4	29	0	0	11.959224864650725
2016	4	30	0	0	8.206991648731051
2016	5	1	0	0	12.661083287583871
2016	5	2	0	0	16.903842807842295
2016	5	3	0	0	8.654476784895678
2016	5	4	0	0	9.864255232095323
2016	5	5	0	0	20.60200389238073
2016	5	6	0	0	25.795117947419513
2016	5	7	0	0	24.792579522702518
2016	5	8	0	0	20.623978960278798
2016	5	9	0	0	12.083932876838084
2016	5	10	0	0	25.63869450969922
2016	5	11	0	0	10.64270018072209
2016	5	12	0	0	9.657935717303117
2016	5	13	0	0	10.874667516755473
2016	5	14	0	0	13.387134820608319
2016	5	15	0	0	9.810060606064024
2016	5	16	0	0	10.699700660275854
2016	5	17	0	0	13.986346218675841
2016	5	18	0	0	10.127776346545595
2016	5	19	0	0	12.85956380017397
2016	5	20	0	0	14.485753761558739
2016	5	21	0	0	21.110923142327753
2016	5	22	0	0	25.18021143075145
2016	5	23	0	0	16.512317637246866
2016	5	24	0	0	17.96145758238626
2016	5	25	0	0	20.70230213958872
2016	5	26	0	0	10.141004972293027
2016	5	27	0	0	13.026986355249676
2016	5	28	0	0	15.516876177864576
2016	5	29	0	0	9.860701526572377
2016	5	30	0	0	20.270101005929114
2016	5	31	0	0	29.106807065844077
2016	6	1	0	0	16.072798738540147
2016	6	2	0	0	27.125694653100826
2016	6	3	0	0	26.91093531690841
2016	6	4	0	0	12.143595558817267
2016	6	5	0	0	14.846968718774265
2016	6	6	0	0	23.207961098809438
2016	6	7	0	0	29.283122032751034
2016	6	8	0	0	27.412093616572573
2016	6	9	0	0	28.50624750603479
2016	6	10	0	0	27.69058255839955
2016	6	11	0	0	26.786424107528983
2016	6	12	0	0	22.417071264654542
2016	6	13	0	0	17.86518701745486
2016	6	14	0	0	22.70457969913207
2016	6	15	0	0	23.928892525020963
2016	6	16	0	0	23.41663615979001
2016	6	17	0	0	21.42877851137794
2016	6	18	0	0	29.20338200532678
2016	6	19	0	0	11.537955640031559
2016	6	20	0	0	24.03271534333752
2016	6	21	0	0	24.915341290592938
2016	6	22	0	0	23.643573989316828
2016	6	23	0	0	20.968404679124642
2016	6	24	0	0	20.132981297199677
2016	6	25	0	0	28.33080636106532
2016	6	26	0	0	22.63836937060285
2016	6	27	0	0	13.030101082036657
2016	6	28	0	0	22.69599765482059
2016	6	29	0	0	27.434861768170137
2016	6	30	0	0	27.716394010240368
2016	7	1	0	0	28.591795251764264
2016	7	2	0	0	24.59166148757779
2016	7	3	0	0	28.385422309682326
2016	7	4	0	0	13.289863325243271
2016	7	5	0	0	10.950764467630176
2016	7	6	0	0	12.345350501266934
2016	7	7	0	0	10.75467367384756
2016	7	8	0	0	14.681184074036757
2016	7	9	0	0	17.979313945427513
2016	7	10	0	0	14.371026119727984
2016	7	11	0	0	25.076295417216244
2016	7	12	0	0	20.164351641049414
2016	7	13	0	0	25.735039917470957
2016	7	14	0	0	10.704137700318826
2016	7	15	0	0	20.62476995751101
2016	7	16	0	0	9.54189825328106
2016	7	17	0	0	9.925270754822181
2016	7	18	0	0	11.031939473088155
2016	7	19	0	0	25.44974058803884
2016	7	20	0	0	24.993877607844276
2016	7	21	0	0	23.448080524695033
2016	7	22	0	0	25.28479016236319
2016	7	23	0	0	21.052855584427594
2016	7	24	0	0	22.6504462360284
2016	7	25	0	0	18.316278136977235
2016	7	26	0	0	15.844013359667507
2016	7	27	0	0	23.22726944540017
2016	7	28	0	0	25.836198069818852
2016	7	29	0	0	21.682448188193174
2016	7	30	0	0	26.73056956847544
2016	7	31	0	0	9.858876585094656
2016	8	1	0	0	16.152397999788587
2016	8	2	0	0	10.742802096326141
2016	8	3	0	0	13.826908516108032
2016	8	4	0	0	11.361879126083117
2016	8	5	0	0	22.48348124949201
2016	8	6	0	0	24.856246785183377
2016	8	7	0	0	23.08482992174351
2016	8	8	0	0	19.23295589466722
2016	8	9	0	0	14.908724717090372
2016	8	10	0	0	24.337485903353933
2016	8	11	0	0	24.547701079883954
2016	8	12	0	0	24.369987729246052
2016	8	13	0	0	23.382113568663605
2016	8	14	0	0	25.11795325581173
2016	8	15	0	0	14.893935131226097
2016	8	16	0	0	11.54284111580069
2016	8	17	0	0	19.91402458745046
2016	8	18	0	0	20.91361773924533
2016	8	19	0	0	22.982073053699953
2016	8	20	0	0	7.381627620889115
2016	8	21	0	0	9.105151566366635
2016	8	22	0	0	14.529825829227947
2016	8	23	0	0	10.727370620711424
2016	8	24	0	0	19.875080880955643
2016	8	25	0	0	19.658061603201286
2016	8	26	0	0	20.549540423251905
2016	8	27	0	0	16.64453690419686
2016	8	28	0	0	16.453891131983887
2016	8	29	0	0	19.80882199657155
2016	8	30	0	0	20.329364017249432
2016	8	31	0	0	17.071136555624093
2016	9	1	0	0	11.621571794955678
2016	9	2	0	0	12.317361708627649
2016	9	3	0	0	20.288164658828777
2016	9	4	0	0	12.606828485046481
2016	9	5	0	0	12.1994019939778
2016	9	6	0	0	8.994749599909527
2016	9	7	0	0	12.49690991625723
2016	9	8	0	0	18.302620665636432
2016	9	9	0	0	12.742211097520936
2016	9	10	0	0	7.782417513051138
2016	9	11	0	0	16.917305229691056
2016	9	12	0	0	7.340846857298517
2016	9	13	0	0	11.77888548840002
2016	9	14	0	0	7.478722362870099
2016	9	15	0	0	16.054649380298997
2016	9	16	0	0	15.893679582606298
2016	9	17	0	0	5.154516727714732
2016	9	18	0	0	8.258833247289976
2016	9	19	0	0	7.335354716548633
2016	9	20	0	0	11.387788563917521
2016	9	21	0	0	4.470463457299129
2016	9	22	0	0	6.348711939901754
2016	9	23	0	0	12.59457182600092
2016	9	24	0	0	12.270096071708373
2016	9	25	0	0	6.813494589688377
2016	9	26	0	0	12.242432027924064
2016	9	27	0	0	6.521009720360198
2016	9	28	0	0	9.124931122566105
2016	9	29	0	0	12.455299854108949
2016	9	30	0	0	12.269431556588735
2016	10	1	0	0	3.4347419724464845
2016	10	2	0	0	3.9886938387189765
2016	10	3	0	0	12.755168656319608
2016	10	4	0	0	2.466505559460185
2016	10	5	0	0	5.430340039589111
2016	10	6	0	0	9.448403733900289
2016	10	7	0	0	11.35218757205546
2016	10	8	0	0	10.321121497244834
2016	10	9	0	0	5.658035703578917
2016	10	10	0	0	7.590313230514112
2016	10	11	0	0	7.732757332915381
2016	10	12	0	0	10.391132254559848
2016	10	13	0	0	3.145533202677687
2016	10	14	0	0	5.799971317672532
2016	10	15	0	0	4.645984347789664
2016	10	16	0	0	1.904680725216509
2016	10	17	0	0	4.249855678988883
2016	10	18	0	0	4.35959676314976
2016	10	19	0	0	6.080692331898996
2016	10	20	0	0	5.34091334380061
2016	10	21	0	0	9.700063651945786
2016	10	22	0	0	3.713430770378819
2016	10	23	0	0	4.650355910266756
2016	10	24	0	0	8.512325874432454
2016	10	25	0	0	3.505691854413452
2016	10	26	0	0	8.096088048289399
2016	10	27	0	0	2.39486329540798
2016	10	28	0	0	7.118397147366616
2016	10	29	0	0	7.028428258051355
2016	10	30	0	0	6.385267687648991
2016	10	31	0	0	4.66830951523022
2016	11	1	0	0	6.5634125110040245
2016	11	2	0	0	6.944326613956264
2016	11	3	0	0	6.001955148653692
2016	11	4	0	0	3.3667262862448233
2016	11	5	0	0	5.210124285847159
2016	11	6	0	0	5.436299976630884
2016	11	7	0	0	5.25100570569733
2016	11	8	0	0	1.9698534105517926
2016	11	9	0	0	2.993015118513833
2016	11	10	0	0	3.0658225264547334
2016	11	11	0	0	3.2021638634522276
2016	11	12	0	0	5.014525851293879
2016	11	13	0	0	4.819097876244604
2016	11	14	0	0	5.190181216894624
2016	11	15	0	0	4.819201385807299
2016	11	16	0	0	4.491091220985668
2016	11	17	0	0	4.64506495034802
2016	11	18	0	0	2.117960169748263
2016	11	19	0	0	4.4985005697315605
2016	11	20	0	0	4.498257483504153
2016	11	21	0	0	2.6112825322393363
2016	11	22	0	0	3.982369519080115
2016	11	23	0	0	2.7430682900147914
2016	11	24	0	0	3.021561179751076
2016	11	25	0	0	1.4129459741624375
2016	11	26	0	0	1.8442573906363087
2016	11	27	0	0	3.4876624826297755
2016	11	28	0	0	3.58570036853068
2016	11	29	0	0	2.99043263593514
2016	11	30	0	0	3.6347327734289094
2016	12	1	0	0	2.063828920132538
2016	12	2	0	0	1.9703830069283905
2016	12	3	0	0	2.3761391579890705
2016	12	4	0	0	2.579539112727612
2016	12	5	0	0	1.9685232019669796
2016	12	6	0	0	1.794158066876089
2016	12	7	0	0	2.652478867787271
2016	12	8	0	0	1.7107073078202237
2016	12	9	0	0	2.1364770548068677
2016	12	10	0	0	2.756739995225548
2016	12	11	0	0	1.9810233868186626
2016	12	12	0	0	2.2936256061652194
2016	12	13	0	0	1.8913260971475965
2016	12	14	0	0	2.3768935152526427
2016	12	15	0	0	1.795523362076739
2016	12	16	0	0	2.132432384850827
2016	12	17	0	0	1.6953446014162619
2016	12	18	0	0	1.8159295188533526
2016	12	19	0	0	2.215608127809273
2016	12	20	0	0	1.8905591931769903
2016	12	21	0	0	1.5887423986516052
2016	12	22	0	0	1.7231656543062537
2016	12	23	0	0	2.6450497723119697
2016	12	24	0	0	2.318014349489569
2016	12	25	0	0	2.055960407686761
2016	12	26	0	0	2.28428114169454
2016	12	27	0	0	1.7097637690672216
2016	12	28	0	0	1.8956581097947005
2016	12	29	0	0	1.885470252035294
2016	12	30	0	0	2.663917322573468
2016	12	31	0	0	2.387049889768364
2017	1	1	0	0	2.7578870451919677
2017	1	2	0	0	2.83821725351234
2017	1	3	0	0	3.688392315445526
2017	1	4	0	0	3.7069356232546453
2017	1	5	0	0	2.2261008245430385
2017	1	6	0	0	1.8791540161132552
2017	1	7	0	0	1.9698363507096288
2017	1	8	0	0	4.297488451961032
2017	1	9	0	0	3.3241408475536836
2017	1	10	0	0	4.35609922861681
2017	1	11	0	0	4.546409090783285
2017	1	12	0	0	3.662907524040206
2017	1	13	0	0	3.2412953599821934
2017	1	14	0	0	3.927782269168935
2017	1	15	0	0	3.8563848318941245
2017	1	16	0	0	2.378985148607645
2017	1	17	0	0	3.716210080169687
2017	1	18	0	0	3.831770342458944
2017	1	19	0	0	3.1657124561759047
2017	1	20	0	0	1.808366060223579
2017	1	21	0	0	3.825560109163003
2017	1	22	0	0	3.0441531865566156
2017	1	23	0	0	4.424476489883467
2017	1	24	0	0	4.2044973208870235
2017	1	25	0	0	4.133155833230003
2017	1	26	0	0	4.3692838626912485
2017	1	27	0	0	4.343930661539366
2017	1	28	0	0	5.014334597552471
2017	1	29	0	0	1.7892301285581842
2017	1	30	0	0	4.932346539831187
2017	1	31	0	0	4.958619470177065
2017	2	1	0	0	3.5161667814266697
2017	2	2	0	0	4.338566167831874
2017	2	3	0	0	6.16801850724752
2017	2	4	0	0	4.46516032443754
2017	2	5	0	0	5.577351279446085
2017	2	6	0	0	5.877343483427082
2017	2	7	0	0	2.836326636509818
2017	2	8	0	0	6.337466466853093
2017	2	9	0	0	6.441664057143189
2017	2	10	0	0	6.230371111714823
2017	2	11	0	0	3.819887288075813
2017	2	12	0	0	2.7052598949169306
2017	2	13	0	0	6.445225250670811
2017	2	14	0	0	3.8411762633888404
2017	2	15	0	0	4.559659083863286
2017	2	16	0	0	6.6014670052853255
2017	2	17	0	0	4.355126952666253
2017	2	18	0	0	8.227767128496367
2017	2	19	0	0	4.103938944224991
2017	2	20	0	0	9.993449202105284
2017	2	21	0	0	9.616551508009008
2017	2	22	0	0	10.449738135672826
2017	2	23	0	0	2.8080411993599528
2017	2	24	0	0	3.020523528860755
2017	2	25	0	0	3.996045834475916
2017	2	26	0	0	10.223245195270358
2017	2	27	0	0	8.56491812435675
2017	2	28	0	0	4.936883456982022
2017	3	1	0	0	3.437426111152464
2017	3	2	0	0	9.351706912642598
2017	3	3	0	0	4.056478987791185
2017	3	4	0	0	3.8430839289066423
2017	3	5	0	0	3.233629405465949
2017	3	6	0	0	7.768668805335041
2017	3	7	0	0	7.3017042256667635
2017	3	8	0	0	10.698928563291956
2017	3	9	0	0	4.846979986165645
2017	3	10	0	0	7.441854357893446
2017	3	11	0	0	7.441292882327297
2017	3	12	0	0	9.314813973527109
2017	3	13	0	0	12.752924385175431
2017	3	14	0	0	6.08631801803793
2017	3	15	0	0	5.805371703230537
2017	3	16	0	0	7.086245419090153
2017	3	17	0	0	14.99126748123459
2017	3	18	0	0	4.143357751226604
2017	3	19	0	0	15.191701373706598
2017	3	20	0	0	15.013593495494584
2017	3	21	0	0	14.472446235943018
2017	3	22	0	0	14.078793862736438
2017	3	23	0	0	14.56045917256132
2017	3	24	0	0	16.212500038718698
2017	3	25	0	0	17.68093178199132
2017	3	26	0	0	19.19778305969065
2017	3	27	0	0	16.59694041989856
2017	3	28	0	0	17.925397510680146
2017	3	29	0	0	18.03434848092697
2017	3	30	0	0	18.219260902745752
2017	3	31	0	0	7.6812242315713934
2017	4	1	0	0	16.040082566063578
2017	4	2	0	0	16.5999916551293
2017	4	3	0	0	17.263364126661045
2017	4	4	0	0	17.287403459069434
2017	4	5	0	0	17.864255129573376
2017	4	6	0	0	18.33836733228779
2017	4	7	0	0	18.76886501340701
2017	4	8	0	0	9.175922612225481
2017	4	9	0	0	20.65388127836558
2017	4	10	0	0	14.679105780439007
2017	4	11	0	0	7.5122546824709
2017	4	12	0	0	7.859371493297757
2017	4	13	0	0	15.42371178152592
2017	4	14	0	0	21.858591969592474
2017	4	15	0	0	21.810415713037056
2017	4	16	0	0	7.797339617352446
2017	4	17	0	0	15.492028494166819
2017	4	18	0	0	8.29703702423531
2017	4	19	0	0	8.837082644359738
2017	4	20	0	0	16.143640609633287
2017	4	21	0	0	23.368910408721216
2017	4	22	0	0	18.605285927175572
2017	4	23	0	0	16.3644263868924
2017	4	24	0	0	12.585666523601233
2017	4	25	0	0	8.994488521095562
2017	4	26	0	0	16.129357295935364
2017	4	27	0	0	13.118818297968433
2017	4	28	0	0	16.03641424535323
2017	4	29	0	0	23.86036561428945
2017	4	30	0	0	23.907118849350827
2017	5	1	0	0	23.469560402220086
2017	5	2	0	0	23.84825532042854
2017	5	3	0	0	18.50160185177933
2017	5	4	0	0	23.012452875440044
2017	5	5	0	0	22.712527835224705
2017	5	6	0	0	9.698023904405819
2017	5	7	0	0	24.7650664531246
2017	5	8	0	0	12.386549006336304
2017	5	9	0	0	24.997610259044066
2017	5	10	0	0	12.67681847882374
2017	5	11	0	0	25.59896843309444
2017	5	12	0	0	22.252889152729093
2017	5	13	0	0	9.666612324532196
2017	5	14	0	0	22.62637289113275
2017	5	15	0	0	16.985118888341223
2017	5	16	0	0	25.31856493791242
2017	5	17	0	0	21.529839482678103
2017	5	18	0	0	9.226578896257507
2017	5	19	0	0	26.69149909213687
2017	5	20	0	0	27.1341984321686
2017	5	21	0	0	28.039342036333768
2017	5	22	0	0	22.429789759555373
2017	5	23	0	0	25.776892396409128
2017	5	24	0	0	25.776892396409128
2017	5	25	0	0	23.448188171134483
2017	5	26	0	0	24.268076527384455
2017	5	27	0	0	9.143749540122798
2017	5	28	0	0	15.625073267147693
2017	5	29	0	0	22.274528005220375
2017	5	30	0	0	29.397208407455494
2017	5	31	0	0	9.191335077115315
2017	6	1	0	0	20.06888262787227
2017	6	2	0	0	24.231221421062862
2017	6	3	0	0	21.260786183940414
2017	6	4	0	0	15.934274575613077
2017	6	5	0	0	28.425810922894083
2017	6	6	0	0	9.60146793020065
2017	6	7	0	0	23.285474559691433
2017	6	8	0	0	26.003444710844423
2017	6	9	0	0	11.848705140186691
2017	6	10	0	0	9.579803675522717
2017	6	11	0	0	12.540080585694039
2017	6	12	0	0	17.754588311964167
2017	6	13	0	0	9.899853827213262
2017	6	14	0	0	10.20151538662179
2017	6	15	0	0	26.967407218216877
2017	6	16	0	0	28.668947791844108
2017	6	17	0	0	28.123749030323495
2017	6	18	0	0	10.135119981310849
2017	6	19	0	0	25.17901634049399
2017	6	20	0	0	25.78896259509836
2017	6	21	0	0	27.522481681817368
2017	6	22	0	0	16.46949797724709
2017	6	23	0	0	17.26425104100696
2017	6	24	0	0	11.311396643863757
2017	6	25	0	0	21.039992648752467
2017	6	26	0	0	16.159819038984658
2017	6	27	0	0	28.175342335201297
2017	6	28	0	0	25.371045209869692
2017	6	29	0	0	17.553754120465353
2017	6	30	0	0	22.231964133235525
2017	7	1	0	0	17.663060401964696
2017	7	2	0	0	16.273739964008332
2017	7	3	0	0	26.458304808640033
2017	7	4	0	0	18.056937941547382
2017	7	5	0	0	16.66536358203331
2017	7	6	0	0	26.105205853602722
2017	7	7	0	0	20.65806330071737
2017	7	8	0	0	28.544574561568304
2017	7	9	0	0	28.69166300950077
2017	7	10	0	0	27.870744872557268
2017	7	11	0	0	27.47748634301696
2017	7	12	0	0	25.73925878376147
2017	7	13	0	0	14.486530999412448
2017	7	14	0	0	26.26558721305661
2017	7	15	0	0	26.83890303568045
2017	7	16	0	0	27.497114807294626
2017	7	17	0	0	27.308984589311617
2017	7	18	0	0	25.082797836102998
2017	7	19	0	0	26.615909664931827
2017	7	20	0	0	6.860330058860787
2017	7	21	0	0	20.184468426585852
2017	7	22	0	0	10.257718778819973
2017	7	23	0	0	13.73315262584475
2017	7	24	0	0	18.74492432209515
2017	7	25	0	0	16.611779518983102
2017	7	26	0	0	22.249789707641963
2017	7	27	0	0	24.491712180509136
2017	7	28	0	0	23.31686196480471
2017	7	29	0	0	18.04505216045789
2017	7	30	0	0	23.796556444933575
2017	7	31	0	0	25.392290894707138
2017	8	1	0	0	25.90663032798895
2017	8	2	0	0	18.456730235695378
2017	8	3	0	0	22.507787725685052
2017	8	4	0	0	13.698771428324651
2017	8	5	0	0	18.950484213562174
2017	8	6	0	0	22.905335698161988
2017	8	7	0	0	23.611390971220256
2017	8	8	0	0	9.146064051964656
2017	8	9	0	0	7.434756652005214
2017	8	10	0	0	13.744582924597315
2017	8	11	0	0	21.784994279239076
2017	8	12	0	0	22.683810017870872
2017	8	13	0	0	22.43747658443809
2017	8	14	0	0	14.137579880978631
2017	8	15	0	0	24.04057953801983
2017	8	16	0	0	22.589119700712118
2017	8	17	0	0	20.073967346651358
2017	8	18	0	0	13.764205740415708
2017	8	19	0	0	19.33841104204493
2017	8	20	0	0	15.25861895420834
2017	8	21	0	0	21.573343813303126
2017	8	22	0	0	11.220390601664805
2017	8	23	0	0	13.809354767352866
2017	8	24	0	0	19.408326892460007
2017	8	25	0	0	10.021090141385223
2017	8	26	0	0	21.083394717002854
2017	8	27	0	0	5.835691580676023
2017	8	28	0	0	11.601475122925729
2017	8	29	0	0	7.575205094406067
2017	8	30	0	0	19.97788872056904
2017	8	31	0	0	20.243224661986602
2017	9	1	0	0	20.163854954862575
2017	9	2	0	0	17.447294012906244
2017	9	3	0	0	17.550191474746732
2017	9	4	0	0	16.84084235705035
2017	9	5	0	0	17.890951234447726
2017	9	6	0	0	9.427170573076781
2017	9	7	0	0	19.16957290012338
2017	9	8	0	0	18.43210430126686
2017	9	9	0	0	16.93530097967702
2017	9	10	0	0	16.56094391084811
2017	9	11	0	0	16.92875577892401
2017	9	12	0	0	16.72700158466041
2017	9	13	0	0	7.475153365097029
2017	9	14	0	0	11.127744849494189
2017	9	15	0	0	8.086138601755783
2017	9	16	0	0	7.434265716862745
2017	9	17	0	0	11.14534421596587
2017	9	18	0	0	15.256235266188856
2017	9	19	0	0	8.58091161179558
2017	9	20	0	0	6.21521600577052
2017	9	21	0	0	6.377028243725704
2017	9	22	0	0	13.790215901711145
2017	9	23	0	0	5.818019149331733
2017	9	24	0	0	8.92685072007219
2017	9	25	0	0	14.70974391797308
2017	9	26	0	0	5.576857862099621
2017	9	27	0	0	7.410901763204229
2017	9	28	0	0	5.301706183631021
2017	9	29	0	0	9.75170848890937
2017	9	30	0	0	8.45188446797449
2017	10	1	0	0	6.953033517473629
2017	10	2	0	0	4.5830454568381755
2017	10	3	0	0	11.533574003487379
2017	10	4	0	0	11.711935353229055
2017	10	5	0	0	3.913698135692613
2017	10	6	0	0	6.7352826930885765
2017	10	7	0	0	11.43240978392119
2017	10	8	0	0	10.551722959146355
2017	10	9	0	0	10.3029676211628
2017	10	10	0	0	8.225467375487018
2017	10	11	0	0	5.86716928526573
2017	10	12	0	0	5.643155390182704
2017	10	13	0	0	4.5884828441164265
2017	10	14	0	0	9.13461773735356
2017	10	15	0	0	9.696983223991133
2017	10	16	0	0	8.649978832297153
2017	10	17	0	0	4.430967739213614
2017	10	18	0	0	7.716932388936996
2017	10	19	0	0	3.0336262927537736
2017	10	20	0	0	2.564316242049649
2017	10	21	0	0	7.521442413747314
2017	10	22	0	0	4.168426772975933
2017	10	23	0	0	8.425012390822449
2017	10	24	0	0	2.3211284094822764
2017	10	25	0	0	5.227055172758938
2017	10	26	0	0	3.432517680702312
2017	10	27	0	0	2.908230031909279
2017	10	28	0	0	7.731318723864469
2017	10	29	0	0	2.399505963140837
2017	10	30	0	0	6.710245863390813
2017	10	31	0	0	4.736503691697788
2017	11	1	0	0	6.170581451205151
2017	11	2	0	0	4.150414402242485
2017	11	3	0	0	5.08013632092297
2017	11	4	0	0	4.258727510758848
2017	11	5	0	0	2.211335464305004
2017	11	6	0	0	5.679999079216439
2017	11	7	0	0	2.446532174215414
2017	11	8	0	0	2.8618801209674034
2017	11	9	0	0	0.7868037542061058
2017	11	10	0	0	3.386361387356502
2017	11	11	0	0	2.9117130918519396
2017	11	12	0	0	5.202146816652986
2017	11	13	0	0	4.379893782330762
2017	11	14	0	0	5.792367245500026
2017	11	15	0	0	4.4984727576006
2017	11	16	0	0	1.8814059682697288
2017	11	17	0	0	3.0658225264547334
2017	11	18	0	0	4.88837717002415
2017	11	19	0	0	4.889330799090454
2017	11	20	0	0	3.7098388130078415
2017	11	21	0	0	5.242952655413118
2017	11	22	0	0	3.810752429754514
2017	11	23	0	0	3.9456360246584707
2017	11	24	0	0	4.087234106476018
2017	11	25	0	0	3.826772544277588
2017	11	26	0	0	3.6624239024432317
2017	11	27	0	0	3.527982071507578
2017	11	28	0	0	2.04634666176499
2017	11	29	0	0	2.2876275282737533
2017	11	30	0	0	1.96931001083531
2017	12	1	0	0	1.2574934430631977
2017	12	2	0	0	2.992104196906841
2017	12	3	0	0	2.733463171930726
2017	12	4	0	0	1.8971043787010302
2017	12	5	0	0	2.8138472758571242
2017	12	6	0	0	0.7927283978105771
2017	12	7	0	0	1.7696021670646012
2017	12	8	0	0	1.7103211022641769
2017	12	9	0	0	2.3755236057846343
2017	12	10	0	0	2.482151027708866
2017	12	11	0	0	2.9019945952200876
2017	12	12	0	0	2.356633660933881
2017	12	13	0	0	2.901978692511359
2017	12	14	0	0	2.3865828352784235
2017	12	15	0	0	1.569442230651188
2017	12	16	0	0	1.8132143924400452
2017	12	17	0	0	2.0648078277886484
2017	12	18	0	0	1.7281855131593815
2017	12	19	0	0	2.2992013315866124
2017	12	20	0	0	1.9874435608900687
2017	12	21	0	0	2.4822690584298597
2017	12	22	0	0	1.8966713953482603
2017	12	23	0	0	2.214438389872307
2017	12	24	0	0	2.3941940555253747
2017	12	25	0	0	2.4821903902630695
2017	12	26	0	0	2.491132569029545
2017	12	27	0	0	1.9809957776168767
2017	12	28	0	0	1.8132105524086253
2017	12	29	0	0	2.056207378423703
2017	12	30	0	0	2.375699922897981
2017	12	31	0	0	1.8682705253894947
2018	1	1	0	0	2.523972528189026
2018	1	2	0	0	2.142804194799598
2018	1	3	0	0	2.2246417057129344
2018	1	4	0	0	1.9098982725322697
2018	1	5	0	0	1.6728366159468377
2018	1	6	0	0	2.2060667124450175
2018	1	7	0	0	2.2284361428904944
2018	1	8	0	0	3.840839430779903
2018	1	9	0	0	1.4243018855398502
2018	1	10	0	0	3.325931173287671
2018	1	11	0	0	2.052811197843293
2018	1	12	0	0	4.0955240710112575
2018	1	13	0	0	4.482672533168182
2018	1	14	0	0	3.9394210922066017
2018	1	15	0	0	3.7451790575727895
2018	1	16	0	0	3.829179046846876
2018	1	17	0	0	3.8186558904351924
2018	1	18	0	0	2.565686020301191
2018	1	19	0	0	1.9664881577124105
2018	1	20	0	0	3.822753694266155
2018	1	21	0	0	3.5821809211695954
2018	1	22	0	0	2.9047210171679985
2018	1	23	0	0	2.282637292344343
2018	1	24	0	0	2.38239894356873
2018	1	25	0	0	4.5297957667687445
2018	1	26	0	0	1.4789028091599072
2018	1	27	0	0	4.968646871254649
2018	1	28	0	0	5.1396980572900715
2018	1	29	0	0	5.027708871053635
2018	1	30	0	0	5.4372404761237965
2018	1	31	0	0	3.064455336440981
2018	2	1	0	0	4.20161511822357
2018	2	2	0	0	2.700939247304616
2018	2	3	0	0	2.7927690795714297
2018	2	4	0	0	2.683654135044852
2018	2	5	0	0	5.224149850769629
2018	2	6	0	0	2.9647747479695354
2018	2	7	0	0	5.623313618822685
2018	2	8	0	0	3.3447747863440913
2018	2	9	0	0	3.250618842103508
2018	2	10	0	0	7.503353170112596
2018	2	11	0	0	8.357919505667395
2018	2	12	0	0	8.635333143119986
2018	2	13	0	0	7.233162922388604
2018	2	14	0	0	6.614520215673492
2018	2	15	0	0	8.140193700959049
2018	2	16	0	0	4.9309928731957795
2018	2	17	0	0	2.283993553845603
2018	2	18	0	0	9.048467725264599
2018	2	19	0	0	9.263891054570143
2018	2	20	0	0	9.57890704241474
2018	2	21	0	0	3.869454993423638
2018	2	22	0	0	6.821289163042643
2018	2	23	0	0	4.130350202672088
2018	2	24	0	0	7.378769793079945
2018	2	25	0	0	10.363718038185102
2018	2	26	0	0	5.2168688829260175
2018	2	27	0	0	8.656803814940554
2018	2	28	0	0	3.925045762326798
2018	3	1	0	0	9.511074863159068
2018	3	2	0	0	7.388586609386729
2018	3	3	0	0	6.543401813660667
2018	3	4	0	0	9.241879979808605
2018	3	5	0	0	6.278781992764081
2018	3	6	0	0	6.926042216322397
2018	3	7	0	0	10.782146844998957
2018	3	8	0	0	5.753646274038769
2018	3	9	0	0	6.570780921200027
2018	3	10	0	0	9.594615420365011
2018	3	11	0	0	7.401546988073323
2018	3	12	0	0	8.885336557948301
2018	3	13	0	0	7.7618193145678545
2018	3	14	0	0	9.203978769575674
2018	3	15	0	0	5.278051566688369
2018	3	16	0	0	7.401826147248089
2018	3	17	0	0	12.384234867275625
2018	3	18	0	0	8.321589798152493
2018	3	19	0	0	9.390269127472878
2018	3	20	0	0	8.24358331632623
2018	3	21	0	0	5.888390521932435
2018	3	22	0	0	6.864667287198833
2018	3	23	0	0	14.653810632803243
2018	3	24	0	0	16.28432010281229
2018	3	25	0	0	17.26076606501451
2018	3	26	0	0	18.246706121374476
2018	3	27	0	0	12.858066293252026
2018	3	28	0	0	10.403774319969793
2018	3	29	0	0	8.805512380344798
2018	3	30	0	0	7.886028642269198
2018	3	31	0	0	5.030841776785111
2018	4	1	0	0	7.1308687460661035
2018	4	2	0	0	11.46070600705247
2018	4	3	0	0	12.610408630509935
2018	4	4	0	0	8.52641915336249
2018	4	5	0	0	16.524182098698997
2018	4	6	0	0	18.384487357414088
2018	4	7	0	0	19.88434880915711
2018	4	8	0	0	19.3330246308948
2018	4	9	0	0	8.119143527046178
2018	4	10	0	0	6.536695049289098
2018	4	11	0	0	7.077522005929667
2018	4	12	0	0	18.83899660971969
2018	4	13	0	0	10.6280058072475
2018	4	14	0	0	18.200043407727016
2018	4	15	0	0	18.37833767481387
2018	4	16	0	0	20.829650688734315
2018	4	17	0	0	20.69216980832175
2018	4	18	0	0	21.484367593797256
2018	4	19	0	0	22.12782110568164
2018	4	20	0	0	17.093621566981845
2018	4	21	0	0	8.471431153835086
2018	4	22	0	0	9.053343252161596
2018	4	23	0	0	9.710314789681872
2018	4	24	0	0	21.89185681997376
2018	4	25	0	0	22.578417246526648
2018	4	26	0	0	21.211389079721105
2018	4	27	0	0	23.420719201417487
2018	4	28	0	0	14.414889833206043
2018	4	29	0	0	14.92677418066629
2018	4	30	0	0	9.831375629866887
2018	5	1	0	0	14.99324195443346
2018	5	2	0	0	23.652906913749543
2018	5	3	0	0	25.123038112200703
2018	5	4	0	0	24.928685815214394
2018	5	5	0	0	24.48553248633764
2018	5	6	0	0	21.245474643737214
2018	5	7	0	0	24.830227389788497
2018	5	8	0	0	24.89683244316947
2018	5	9	0	0	25.304886232492553
2018	5	10	0	0	15.092090412940196
2018	5	11	0	0	23.318091622513904
2018	5	12	0	0	8.557449054093988
2018	5	13	0	0	27.911395220766885
2018	5	14	0	0	28.68132100288945
2018	5	15	0	0	28.720149075824946
2018	5	16	0	0	27.44384308640983
2018	5	17	0	0	20.72730763503939
2018	5	18	0	0	20.725640963277606
2018	5	19	0	0	27.01396609617914
2018	5	20	0	0	19.37604749585636
2018	5	21	0	0	11.914198233403537
2018	5	22	0	0	13.624018620248103
2018	5	23	0	0	9.984027156345505
2018	5	24	0	0	13.34269827336891
2018	5	25	0	0	22.45975497277825
2018	5	26	0	0	12.75536902078247
2018	5	27	0	0	10.151398356012894
2018	5	28	0	0	13.137793072502573
2018	5	29	0	0	16.001361470562657
2018	5	30	0	0	26.40086654541817
2018	5	31	0	0	24.01827399943854
2018	6	1	0	0	28.802803298537665
2018	6	2	0	0	27.20965819495804
2018	6	3	0	0	16.450297950471068
2018	6	4	0	0	15.16991484243047
2018	6	5	0	0	21.892097176161585
2018	6	6	0	0	22.003478535840504
2018	6	7	0	0	28.22348157176088
2018	6	8	0	0	28.677085786845186
2018	6	9	0	0	13.658971947241595
2018	6	10	0	0	14.52692808926263
2018	6	11	0	0	15.571213972534022
2018	6	12	0	0	23.614891633757118
2018	6	13	0	0	19.549780215816156
2018	6	14	0	0	24.95057650803496
2018	6	15	0	0	9.705996357453506
2018	6	16	0	0	10.390359585613739
2018	6	17	0	0	9.168051870227808
2018	6	18	0	0	14.942433497022407
2018	6	19	0	0	16.42269825101428
2018	6	20	0	0	26.78903288803538
2018	6	21	0	0	12.836020822702762
2018	6	22	0	0	28.315688724387417
2018	6	23	0	0	25.208812055001513
2018	6	24	0	0	28.07213624946173
2018	6	25	0	0	27.771986623128367
2018	6	26	0	0	15.158762767623111
2018	6	27	0	0	27.26790528622723
2018	6	28	0	0	28.84911565375662
2018	6	29	0	0	28.752463564633846
2018	6	30	0	0	24.33065681403818
2018	7	1	0	0	19.307589321282137
2018	7	2	0	0	28.46931439612093
2018	7	3	0	0	20.836122161065113
2018	7	4	0	0	29.227603729605267
2018	7	5	0	0	29.302783335994867
2018	7	6	0	0	29.07994673610121
2018	7	7	0	0	29.296338526096335
2018	7	8	0	0	24.66857121719184
2018	7	9	0	0	27.02240449866127
2018	7	10	0	0	23.866734003923927
2018	7	11	0	0	26.56470365794872
2018	7	12	0	0	16.887392729916886
2018	7	13	0	0	16.90376238561569
2018	7	14	0	0	27.99542482724975
2018	7	15	0	0	31.234084293015155
2018	7	16	0	0	12.870632093791851
2018	7	17	0	0	11.571893062284355
2018	7	18	0	0	14.928340200771746
2018	7	19	0	0	12.375060359845708
2018	7	20	0	0	14.095992334542395
2018	7	21	0	0	19.505279296878136
2018	7	22	0	0	20.995407880732802
2018	7	23	0	0	21.90012702636767
2018	7	24	0	0	26.655340572047002
2018	7	25	0	0	24.8290896729221
2018	7	26	0	0	25.089408004229483
2018	7	27	0	0	19.53361316782169
2018	7	28	0	0	16.58998009701412
2018	7	29	0	0	27.48805548810918
2018	7	30	0	0	26.540150665375727
2018	7	31	0	0	25.025699266328825
2018	8	1	0	0	26.227582916847524
2018	8	2	0	0	26.566982375211477
2018	8	3	0	0	23.142370855866943
2018	8	4	0	0	26.372229170889657
2018	8	5	0	0	20.043795867279005
2018	8	6	0	0	8.946887767757367
2018	8	7	0	0	8.783927143687325
2018	8	8	0	0	12.134562057721729
2018	8	9	0	0	7.983307321452594
2018	8	10	0	0	8.875730032336282
2018	8	11	0	0	13.217270574542457
2018	8	12	0	0	8.973601171126935
2018	8	13	0	0	12.503068708116759
2018	8	14	0	0	21.05167028590158
2018	8	15	0	0	12.758555398167909
2018	8	16	0	0	9.913932917739734
2018	8	17	0	0	23.24043486656395
2018	8	18	0	0	8.024396838739413
2018	8	19	0	0	20.160493198663332
2018	8	20	0	0	14.236333789137928
2018	8	21	0	0	5.399920578851179
2018	8	22	0	0	9.86845181124309
2018	8	23	0	0	11.484108313773467
2018	8	24	0	0	10.21348235305993
2018	8	25	0	0	16.0482974850161
2018	8	26	0	0	18.208165143774874
2018	8	27	0	0	16.311990963207894
2018	8	28	0	0	14.762023762054636
2018	8	29	0	0	10.651122683821526
2018	8	30	0	0	6.999030953711922
2018	8	31	0	0	8.829925637760086
2018	9	1	0	0	14.874995127280638
2018	9	2	0	0	12.755815490701526
2018	9	3	0	0	18.547533909957775
2018	9	4	0	0	19.036797807269494
2018	9	5	0	0	15.21418544521638
2018	9	6	0	0	11.591296820060114
2018	9	7	0	0	10.973019145649214
2018	9	8	0	0	7.372433352105838
2018	9	9	0	0	11.134382457591245
2018	9	10	0	0	12.816500658179963
2018	9	11	0	0	16.68012127428514
2018	9	12	0	0	14.214793826417068
2018	9	13	0	0	14.482665708183475
2018	9	14	0	0	16.10542935560592
2018	9	15	0	0	6.614004931941814
2018	9	16	0	0	5.999584453348151
2018	9	17	0	0	5.533628971919504
2018	9	18	0	0	4.388117695119035
2018	9	19	0	0	8.56438034302718
2018	9	20	0	0	8.08418077059923
2018	9	21	0	0	7.469443643536199
2018	9	22	0	0	7.06670592682816
2018	9	23	0	0	7.451606148816405
2018	9	24	0	0	11.11244362564461
2018	9	25	0	0	13.354773548348707
2018	9	26	0	0	13.609918854436035
2018	9	27	0	0	13.07189756114997
2018	9	28	0	0	13.85789203444513
2018	9	29	0	0	11.360230936546666
2018	9	30	0	0	8.895797394584745
2018	10	1	0	0	8.368596385205024
2018	10	2	0	0	12.380124775448706
2018	10	3	0	0	10.788932127757768
2018	10	4	0	0	6.3994142593557575
2018	10	5	0	0	11.656650454810071
2018	10	6	0	0	11.386466155837613
2018	10	7	0	0	10.891726157924468
2018	10	8	0	0	11.045320142060362
2018	10	9	0	0	9.43142503379138
2018	10	10	0	0	9.69390279664897
2018	10	11	0	0	7.378312705318837
2018	10	12	0	0	10.32528756129509
2018	10	13	0	0	7.538122986054532
2018	10	14	0	0	9.530214464849731
2018	10	15	0	0	9.455517727606397
2018	10	16	0	0	9.297595369636419
2018	10	17	0	0	9.412565284402271
2018	10	18	0	0	10.167205853163255
2018	10	19	0	0	8.660421318037134
2018	10	20	0	0	5.440764116179924
2018	10	21	0	0	8.373060907930345
2018	10	22	0	0	6.356060648272001
2018	10	23	0	0	7.092925554974421
2018	10	24	0	0	7.601825520598011
2018	10	25	0	0	7.359030500575055
2018	10	26	0	0	6.988867904553469
2018	10	27	0	0	7.034075820611156
2018	10	28	0	0	6.9700126670397875
2018	10	29	0	0	6.514423172329566
2018	10	30	0	0	7.10185133299917
2018	10	31	0	0	6.87198711243405
2018	11	1	0	0	6.999832724665081
2018	11	2	0	0	6.625526587615671
2018	11	3	0	0	6.162824750904398
2018	11	4	0	0	5.959771507088666
2018	11	5	0	0	1.8138303196472996
2018	11	6	0	0	5.345997931088963
2018	11	7	0	0	5.934729603632679
2018	11	8	0	0	3.386361387356502
2018	11	9	0	0	2.2070166673461893
2018	11	10	0	0	4.983331427861559
2018	11	11	0	0	6.004721406543273
2018	11	12	0	0	5.859297837142924
2018	11	13	0	0	5.102950806292974
2018	11	14	0	0	1.8796300413183507
2018	11	15	0	0	2.6499452742067797
2018	11	16	0	0	2.003909467367719
2018	11	17	0	0	4.2498623703310505
2018	11	18	0	0	2.5218497351954996
2018	11	19	0	0	4.353150314634313
2018	11	20	0	0	1.9686793412953556
2018	11	21	0	0	2.9973284553516657
2018	11	22	0	0	2.127221973325279
2018	11	23	0	0	4.182738104246184
2018	11	24	0	0	3.565428585190425
2018	11	25	0	0	3.3008281216885527
2018	11	26	0	0	3.6944042760027647
2018	11	27	0	0	3.6285720494977647
2018	11	28	0	0	3.4001159283624727
2018	11	29	0	0	3.9258496589734713
2018	11	30	0	0	3.3185182760544665
2018	12	1	0	0	4.027332928213415
2018	12	2	0	0	2.9919791907685327
2018	12	3	0	0	0.9135649547558121
2018	12	4	0	0	2.4820328259980293
2018	12	5	0	0	1.8901132193753223
2018	12	6	0	0	1.7332054468311515
2018	12	7	0	0	1.7050667536248223
2018	12	8	0	0	1.8174452774717897
2018	12	9	0	0	2.387752679073706
2018	12	10	0	0	1.9812710743919977
2018	12	11	0	0	2.9019964746896814
2018	12	12	0	0	3.3154173918395653
2018	12	13	0	0	2.3842325059837175
2018	12	14	0	0	1.7074693878694904
2018	12	15	0	0	1.9684239870142715
2018	12	16	0	0	2.2172864264624854
2018	12	17	0	0	1.9006598445562628
2018	12	18	0	0	2.298262904072931
2018	12	19	0	0	1.59852433085172
2018	12	20	0	0	1.815619671973607
2018	12	21	0	0	1.8716847770246312
2018	12	22	0	0	1.8905064122289
2018	12	23	0	0	1.8912079379502695
2018	12	24	0	0	2.1837153851972957
2018	12	25	0	0	1.890148429702826
2018	12	26	0	0	1.9063545448425467
2018	12	27	0	0	2.657091593428278
2018	12	28	0	0	2.1423886215633527
2018	12	29	0	0	2.5474337474040776
2018	12	30	0	0	1.9807187073742747
2018	12	31	0	0	2.298262904072931
2019	1	1	0	0	2.0844927575284924
2019	1	2	0	0	3.0208013270245067
2019	1	3	0	0	3.9677077491212795
2019	1	4	0	0	3.2716528259302264
2019	1	5	0	0	3.7518725895823737
2019	1	6	0	0	1.0918866893438823
2019	1	7	0	0	1.7997641319604871
2019	1	8	0	0	1.5843088288824048
2019	1	9	0	0	1.8825602624064175
2019	1	10	0	0	3.9926910599032466
2019	1	11	0	0	3.064782400021452
2019	1	12	0	0	3.2240565485689916
2019	1	13	0	0	2.047386560869573
2019	1	14	0	0	1.9707674804461097
2019	1	15	0	0	2.142079613299011
2019	1	16	0	0	2.653521708411311
2019	1	17	0	0	1.5857426174762994
2019	1	18	0	0	2.1360541562733286
2019	1	19	0	0	1.582043547202272
2019	1	20	0	0	1.8856033405543273
2019	1	21	0	0	2.9087528736357333
2019	1	22	0	0	4.41993546866423
2019	1	23	0	0	3.5816876116162133
2019	1	24	0	0	4.423536594717169
2019	1	25	0	0	4.598712265690417
2019	1	26	0	0	4.6253274461108385
2019	1	27	0	0	2.30526023640247
2019	1	28	0	0	2.7322515030948313
2019	1	29	0	0	2.568318182763218
2019	1	30	0	0	3.5822743621566135
2019	1	31	0	0	4.3337915637327615
2019	2	1	0	0	3.1884784745188606
2019	2	2	0	0	2.7304610503980906
2019	2	3	0	0	4.7508536617749995
2019	2	4	0	0	3.476733565232707
2019	2	5	0	0	3.0897123656375896
2019	2	6	0	0	4.8779741172010205
2019	2	7	0	0	2.3426296063167458
2019	2	8	0	0	4.42540983577924
2019	2	9	0	0	4.269346209729145
2019	2	10	0	0	3.949764785303017
2019	2	11	0	0	2.7182203345493767
2019	2	12	0	0	2.339828780381493
2019	2	13	0	0	3.6312342561611053
2019	2	14	0	0	3.6742796142656635
2019	2	15	0	0	7.5246034277502
2019	2	16	0	0	7.550783859087368
2019	2	17	0	0	7.526965135578693
2019	2	18	0	0	6.443444662976892
2019	2	19	0	0	7.0989915491015685
2019	2	20	0	0	7.680946588888242
2019	2	21	0	0	9.179817113995258
2019	2	22	0	0	9.10749217008626
2019	2	23	0	0	9.151602126295336
2019	2	24	0	0	8.548382982956541
2019	2	25	0	0	9.480427865017028
2019	2	26	0	0	11.031963358270263
2019	2	27	0	0	5.7820323092969
2019	2	28	0	0	5.0797537338192535
2019	3	1	0	0	10.563403397064567
2019	3	2	0	0	10.679549307270308
2019	3	3	0	0	7.1677704964666065
2019	3	4	0	0	4.107424017528614
2019	3	5	0	0	6.2660585516464575
2019	3	6	0	0	7.319537008255664
2019	3	7	0	0	6.277818456966546
2019	3	8	0	0	10.009994454507284
2019	3	9	0	0	7.493759755081182
2019	3	10	0	0	7.145841676224179
2019	3	11	0	0	7.918707421659761
2019	3	12	0	0	9.993883373370979
2019	3	13	0	0	14.286751684349618
2019	3	14	0	0	6.301984570608685
2019	3	15	0	0	7.33326728985976
2019	3	16	0	0	11.276331810401606
2019	3	17	0	0	8.790189006327148
2019	3	18	0	0	8.919047346551253
2019	3	19	0	0	15.453677471997512
2019	3	20	0	0	5.860288171083827
2019	3	21	0	0	15.488709086985466
2019	3	22	0	0	13.982797363851592
2019	3	23	0	0	13.2945537272887
2019	3	24	0	0	15.439767436083224
2019	3	25	0	0	15.382164285106647
2019	3	26	0	0	16.411744477689556
2019	3	27	0	0	16.62016418553698
2019	3	28	0	0	10.858003918016026
2019	3	29	0	0	7.369533169646795
2019	3	30	0	0	10.610437900515034
2019	3	31	0	0	13.262425306072359
2019	4	1	0	0	13.137697578631535
2019	4	2	0	0	8.02994005398763
2019	4	3	0	0	13.298964109558531
2019	4	4	0	0	15.788924866912552
2019	4	5	0	0	11.995805519433159
2019	4	6	0	0	13.436848515309034
2019	4	7	0	0	14.370004779340034
2019	4	8	0	0	8.553530913401715
2019	4	9	0	0	14.001548342802915
2019	4	10	0	0	13.729499325181786
2019	4	11	0	0	15.441623424569174
2019	4	12	0	0	23.201674106039196
2019	4	13	0	0	8.779254721169819
2019	4	14	0	0	10.563825582066471
2019	4	15	0	0	22.595941019927782
2019	4	16	0	0	19.89796431495096
2019	4	17	0	0	9.94685544784463
2019	4	18	0	0	5.959520191636874
2019	4	19	0	0	23.981668410726
2019	4	20	0	0	22.696712645878286
2019	4	21	0	0	16.49687158232723
2019	4	22	0	0	12.082855379078506
2019	4	23	0	0	18.76009983348629
2019	4	24	0	0	14.972420474927224
2019	4	25	0	0	8.94390111714819
2019	4	26	0	0	13.14060088148712
2019	4	27	0	0	24.27991508618018
2019	4	28	0	0	21.647664364707822
2019	4	29	0	0	15.515035042748314
2019	4	30	0	0	22.663120006113694
2019	5	1	0	0	22.763801742676563
2019	5	2	0	0	19.06390705038388
2019	5	3	0	0	15.037972005685047
2019	5	4	0	0	10.327274470681346
2019	5	5	0	0	15.31697320041745
2019	5	6	0	0	11.371276166675818
2019	5	7	0	0	16.358072879597184
2019	5	8	0	0	14.842143363556858
2019	5	9	0	0	20.10574559073897
2019	5	10	0	0	21.601283764403174
2019	5	11	0	0	26.639902468605083
2019	5	12	0	0	22.29518446367475
2019	5	13	0	0	12.0688367360074
2019	5	14	0	0	9.537393542246006
2019	5	15	0	0	27.227388013455716
2019	5	16	0	0	13.189154249696141
2019	5	17	0	0	9.578346437828968
2019	5	18	0	0	15.322925426466732
2019	5	19	0	0	14.148021123663582
2019	5	20	0	0	16.805405809771834
2019	5	21	0	0	12.592708682596877
2019	5	22	0	0	18.77335335908344
2019	5	23	0	0	27.037549887435105
2019	5	24	0	0	23.422008392718887
2019	5	25	0	0	17.409978271890346
2019	5	26	0	0	24.300747199100396
2019	5	27	0	0	25.358079218071857
2019	5	28	0	0	26.317321015003433
2019	5	29	0	0	27.84540830405993
2019	5	30	0	0	15.695792431285192
2019	5	31	0	0	28.305272578909392
2019	6	1	0	0	23.07466781373027
2019	6	2	0	0	23.699737192274213
2019	6	3	0	0	12.430069139931724
2019	6	4	0	0	25.262272324291654
2019	6	5	0	0	29.57884737816289
2019	6	6	0	0	22.64922244645842
2019	6	7	0	0	13.304658820376362
2019	6	8	0	0	23.16875099537045
2019	6	9	0	0	28.445239084463626
2019	6	10	0	0	26.756329552647898
2019	6	11	0	0	29.59856633537021
2019	6	12	0	0	27.44831536955142
2019	6	13	0	0	17.807588902289492
2019	6	14	0	0	23.38451238345235
2019	6	15	0	0	21.051399040389075
2019	6	16	0	0	12.833865513921744
2019	6	17	0	0	29.561319281786144
2019	6	18	0	0	30.59406484159977
2019	6	19	0	0	30.30387671400385
2019	6	20	0	0	27.14435511434686
2019	6	21	0	0	29.90823553873927
2019	6	22	0	0	28.16158551327939
2019	6	23	0	0	18.198784278605952
2019	6	24	0	0	11.882345702345798
2019	6	25	0	0	15.95195783834115
2019	6	26	0	0	27.68388812536715
2019	6	27	0	0	20.477352943116234
2019	6	28	0	0	29.49121150608177
2019	6	29	0	0	11.465938331440876
2019	6	30	0	0	15.83413161494115
2019	7	1	0	0	16.651472201538596
2019	7	2	0	0	26.963986175507323
2019	7	3	0	0	27.598996386982225
2019	7	4	0	0	27.387365442595776
2019	7	5	0	0	25.97529191084715
2019	7	6	0	0	25.79248398417097
2019	7	7	0	0	8.056366679309102
2019	7	8	0	0	20.089924134625324
2019	7	9	0	0	25.118337323479047
2019	7	10	0	0	14.877524052843984
2019	7	11	0	0	27.471446350897796
2019	7	12	0	0	20.910522512088
2019	7	13	0	0	17.464404006392346
2019	7	14	0	0	9.271777395615553
2019	7	15	0	0	19.269680910219794
2019	7	16	0	0	18.785511656966733
2019	7	17	0	0	18.792658218925528
2019	7	18	0	0	17.372359783904315
2019	7	19	0	0	19.631017882184057
2019	7	20	0	0	24.789308326619043
2019	7	21	0	0	12.99741546526655
2019	7	22	0	0	17.995866705191347
2019	7	23	0	0	23.15010166498483
2019	7	24	0	0	7.632454112649336
2019	7	25	0	0	14.337069412968058
2019	7	26	0	0	24.915934221618702
2019	7	27	0	0	25.486410832265868
2019	7	28	0	0	14.275599790609094
2019	7	29	0	0	12.820498129882397
2019	7	30	0	0	21.509537542337377
2019	7	31	0	0	8.533702165622046
2019	8	1	0	0	14.182252294484709
2019	8	2	0	0	20.85449846477207
2019	8	3	0	0	25.046010592389244
2019	8	4	0	0	25.146010908508323
2019	8	5	0	0	25.42964054634513
2019	8	6	0	0	15.572885935429555
2019	8	7	0	0	21.43004207960019
2019	8	8	0	0	20.716913343587386
2019	8	9	0	0	22.663278959485016
2019	8	10	0	0	10.755339929606823
2019	8	11	0	0	21.333953388325508
2019	8	12	0	0	18.291431708291405
2019	8	13	0	0	5.566973237598611
2019	8	14	0	0	20.12010811870147
2019	8	15	0	0	21.805679867862644
2019	8	16	0	0	17.44685899103013
2019	8	17	0	0	15.101628574756553
2019	8	18	0	0	11.367044730134754
2019	8	19	0	0	9.348336091472255
2019	8	20	0	0	14.84030412593355
2019	8	21	0	0	21.265541040271533
2019	8	22	0	0	21.69447710681811
2019	8	23	0	0	11.835175255220966
2019	8	24	0	0	16.83865405552369
2019	8	25	0	0	19.70190382614987
2019	8	26	0	0	20.808386509033554
2019	8	27	0	0	17.234256793406228
2019	8	28	0	0	10.173840313393297
2019	8	29	0	0	8.797414619870468
2019	8	30	0	0	20.86632291242854
2019	8	31	0	0	13.573874887022045
2019	9	1	0	0	19.637725333864
2019	9	2	0	0	4.999413538080201
2019	9	3	0	0	19.00048181484704
2019	9	4	0	0	18.768261087862015
2019	9	5	0	0	18.197798315601485
2019	9	6	0	0	15.523287931012089
2019	9	7	0	0	12.853027911029502
2019	9	8	0	0	13.181422625178596
2019	9	9	0	0	6.744375859201558
2019	9	10	0	0	18.561048080348936
2019	9	11	0	0	7.094216184769098
2019	9	12	0	0	6.989739620378348
2019	9	13	0	0	11.59750580507715
2019	9	14	0	0	14.62168656855193
2019	9	15	0	0	14.463890838840989
2019	9	16	0	0	6.089091680046877
2019	9	17	0	0	8.736625610198928
2019	9	18	0	0	5.74022264945614
2019	9	19	0	0	14.799679873067205
2019	9	20	0	0	10.28073189791255
2019	9	21	0	0	6.058193005232398
2019	9	22	0	0	13.280667892422654
2019	9	23	0	0	13.190188805939895
2019	9	24	0	0	14.120133970742552
2019	9	25	0	0	13.811710360438974
2019	9	26	0	0	4.782981839972032
2019	9	27	0	0	10.698020076177764
2019	9	28	0	0	3.8173530547756744
2019	9	29	0	0	5.934612383259515
2019	9	30	0	0	8.868618700292679
2019	10	1	0	0	13.921056695426833
2019	10	2	0	0	6.458450042206391
2019	10	3	0	0	11.111198245185946
2019	10	4	0	0	11.524282839214733
2019	10	5	0	0	11.73530578870561
2019	10	6	0	0	11.244614869906705
2019	10	7	0	0	7.06553310647726
2019	10	8	0	0	7.2861978246475045
2019	10	9	0	0	10.905351351841816
2019	10	10	0	0	2.5950598030071044
2019	10	11	0	0	4.513836259612463
2019	10	12	0	0	10.818014353727012
2019	10	13	0	0	5.942059865916316
2019	10	14	0	0	3.578632462845841
2019	10	15	0	0	4.00769483626152
2019	10	16	0	0	9.3823956493162
2019	10	17	0	0	9.209110778762314
2019	10	18	0	0	7.962007246404014
2019	10	19	0	0	3.8080726793635713
2019	10	20	0	0	9.666182263677465
2019	10	21	0	0	8.23036938739393
2019	10	22	0	0	8.126615947521934
2019	10	23	0	0	5.263811076333862
2019	10	24	0	0	4.53521729018437
2019	10	25	0	0	5.883143950284538
2019	10	26	0	0	7.013363316392483
2019	10	27	0	0	6.419122396481356
2019	10	28	0	0	6.94595667484882
2019	10	29	0	0	2.9869380371357597
2019	10	30	0	0	2.4514785756341624
2019	10	31	0	0	1.9017930846685307
2019	11	1	0	0	3.6608868761518623
2019	11	2	0	0	3.853848667183873
2019	11	3	0	0	4.094714178366618
2019	11	4	0	0	7.1540637040798565
2019	11	5	0	0	2.045029416807629
2019	11	6	0	0	2.6983300536936436
2019	11	7	0	0	3.322672629676983
2019	11	8	0	0	6.407193570037928
2019	11	9	0	0	3.320717084092547
2019	11	10	0	0	2.886802673347861
2019	11	11	0	0	3.986605139210637
2019	11	12	0	0	5.685288103796663
2019	11	13	0	0	2.9993073422191947
2019	11	14	0	0	1.4204852063887594
2019	11	15	0	0	2.505086595043494
2019	11	16	0	0	1.9668030078007268
2019	11	17	0	0	3.4575612283292694
2019	11	18	0	0	4.4528306389791785
2019	11	19	0	0	3.4341432326667274
2019	11	20	0	0	3.9046139080265814
2019	11	21	0	0	2.042907128053047
2019	11	22	0	0	3.5539081211825536
2019	11	23	0	0	4.802179530425821
2019	11	24	0	0	3.386361387356502
2019	11	25	0	0	2.449045205768552
2019	11	26	0	0	3.0533164049225987
2019	11	27	0	0	1.8710204886351676
2019	11	28	0	0	3.565428585190425
2019	11	29	0	0	3.872740052938599
2019	11	30	0	0	3.3706519627154514
2019	12	1	0	0	2.361174258411213
2019	12	2	0	0	1.8170641908304244
2019	12	3	0	0	3.5625392767915343
2019	12	4	0	0	3.7193870423591684
2019	12	5	0	0	4.124828808599757
2019	12	6	0	0	3.118461908876384
2019	12	7	0	0	1.8914149676489354
2019	12	8	0	0	2.6071333316087677
2019	12	9	0	0	2.2140924174092937
2019	12	10	0	0	2.1321584311941186
2019	12	11	0	0	2.901978692511359
2019	12	12	0	0	2.3882226834915103
2019	12	13	0	0	2.298664542749878
2019	12	14	0	0	1.487754557940079
2019	12	15	0	0	2.132263201968985
2019	12	16	0	0	1.9812710743919977
2019	12	17	0	0	1.8036087515972299
2019	12	18	0	0	2.375655877091696
2019	12	19	0	0	1.5828481397643983
2019	12	20	0	0	2.4835577226379546
2019	12	21	0	0	2.2866172426468454
2019	12	22	0	0	1.658567910781702
2019	12	23	0	0	1.9721518786918748
2019	12	24	0	0	2.375655877091696
2019	12	25	0	0	2.232889497323196
2019	12	26	0	0	2.575922043577695
2019	12	27	0	0	2.653341919826179
2019	12	28	0	0	1.5015490821412445
2019	12	29	0	0	3.5080288923867613
2019	12	30	0	0	2.2183868191865157
2019	12	31	0	0	3.3377485899881036
2020	1	1	0	0	2.3150213104729365
2020	1	2	0	0	2.3137591645452273
2020	1	3	0	0	1.8891790479984067
2020	1	4	0	0	3.1924679239941955
2020	1	5	0	0	3.124855169469855
2020	1	6	0	0	1.791997046776406
2020	1	7	0	0	3.6347682350136963
2020	1	8	0	0	3.5572104647286538
2020	1	9	0	0	1.4546496132962325
2020	1	10	0	0	3.227134611681271
2020	1	11	0	0	1.890716330131347
2020	1	12	0	0	4.421170044980145
2020	1	13	0	0	1.733911269659018
2020	1	14	0	0	2.0209911504376894
2020	1	15	0	0	2.060900201110718
2020	1	16	0	0	2.2247560487395672
2020	1	17	0	0	3.029881594255163
2020	1	18	0	0	3.1924679239941955
2020	1	19	0	0	4.299848800807338
2020	1	20	0	0	4.548367693506607
2020	1	21	0	0	1.8903365479236327
2020	1	22	0	0	2.226315838595305
2020	1	23	0	0	1.8749213526772028
2020	1	24	0	0	3.7825840009609495
2020	1	25	0	0	1.708681272043294
2020	1	26	0	0	5.375201278563516
2020	1	27	0	0	4.0722207986926655
2020	1	28	0	0	1.7307077349266842
2020	1	29	0	0	3.430717240576905
2020	1	30	0	0	4.810887634895894
2020	1	31	0	0	1.8774929236572404
2020	2	1	0	0	1.9901360113549058
2020	2	2	0	0	3.5161820689655143
2020	2	3	0	0	5.371644407411515
2020	2	4	0	0	5.631387075413768
2020	2	5	0	0	4.719259558951068
2020	2	6	0	0	5.0796162479051485
2020	2	7	0	0	4.2411553053812465
2020	2	8	0	0	5.593895814264351
2020	2	9	0	0	6.547389477549322
2020	2	10	0	0	6.539327073897678
2020	2	11	0	0	6.4432207058342295
2020	2	12	0	0	2.2644855786364446
2020	2	13	0	0	7.236669739854834
2020	2	14	0	0	2.9515188754884036
2020	2	15	0	0	6.672634222972456
2020	2	16	0	0	9.35602769881417
2020	2	17	0	0	9.669328939778804
2020	2	18	0	0	7.750301399829575
2020	2	19	0	0	7.325728295112332
2020	2	20	0	0	4.5927889801623705
2020	2	21	0	0	7.5751546449058855
2020	2	22	0	0	3.9601056830220664
2020	2	23	0	0	8.068448669875114
2020	2	24	0	0	8.140438423084522
2020	2	25	0	0	3.988959227932415
2020	2	26	0	0	3.696339022973571
2020	2	27	0	0	7.49602482552193
2020	2	28	0	0	3.6566659313251377
2020	2	29	0	0	6.513789472207657
2020	3	1	0	0	5.611272390291414
2020	3	2	0	0	7.555486872877564
2020	3	3	0	0	6.553140722826315
2020	3	4	0	0	3.2055834354657637
2020	3	5	0	0	5.225376072227171
2020	3	6	0	0	4.4156380008739795
2020	3	7	0	0	6.149815150840503
2020	3	8	0	0	3.8424696027060414
2020	3	9	0	0	8.569220893822385
2020	3	10	0	0	8.003601638611963
2020	3	11	0	0	8.206504126510044
2020	3	12	0	0	9.871882795502813
2020	3	13	0	0	7.087730874287714
2020	3	14	0	0	11.81412399520702
2020	3	15	0	0	7.27573334963908
2020	3	16	0	0	8.752809279841806
2020	3	17	0	0	5.142594394533704
2020	3	18	0	0	5.070463809596845
2020	3	19	0	0	7.293778692699494
2020	3	20	0	0	11.497641063397545
2020	3	21	0	0	15.282826453580201
2020	3	22	0	0	6.545322772564058
2020	3	23	0	0	11.305726492146569
2020	3	24	0	0	8.328812539453697
2020	3	25	0	0	15.117726443331918
2020	3	26	0	0	10.757014904436854
2020	3	27	0	0	14.964291033517584
2020	3	28	0	0	13.43480643815109
2020	3	29	0	0	12.184705268791461
2020	3	30	0	0	16.19422208334818
2020	3	31	0	0	16.59227824914342
2020	4	1	0	0	17.191344707216324
2020	4	2	0	0	7.813479994647469
2020	4	3	0	0	16.658876559168117
2020	4	4	0	0	7.076270699844083
2020	4	5	0	0	12.95308172581223
2020	4	6	0	0	11.846073869157658
2020	4	7	0	0	8.94787505472865
2020	4	8	0	0	8.105232729168787
2020	4	9	0	0	7.333832180238962
2020	4	10	0	0	18.750040133318322
2020	4	11	0	0	6.547569340734547
2020	4	12	0	0	15.100995217474397
2020	4	13	0	0	9.038821106787438
2020	4	14	0	0	20.036180587446346
2020	4	15	0	0	17.019228812132564
2020	4	16	0	0	10.112147061822059
2020	4	17	0	0	17.151649014441542
2020	4	18	0	0	18.130103156304457
2020	4	19	0	0	8.260374224099191
2020	4	20	0	0	9.64262806006081
2020	4	21	0	0	11.453593135148928
2020	4	22	0	0	10.74739078125023
2020	4	23	0	0	8.032875209479808
2020	4	24	0	0	18.780256405429487
2020	4	25	0	0	18.395182899051438
2020	4	26	0	0	13.400685144386035
2020	4	27	0	0	9.487567947495254
2020	4	28	0	0	9.239212258113513
2020	4	29	0	0	13.086691791388706
2020	4	30	0	0	14.992965664794951
2020	5	1	0	0	18.760816805815907
2020	5	2	0	0	25.600360153311186
2020	5	3	0	0	19.6098634831644
2020	5	4	0	0	10.158069734298778
2020	5	5	0	0	16.865114366584944
2020	5	6	0	0	15.920477140696562
2020	5	7	0	0	11.145674430164995
2020	5	8	0	0	6.922459306353126
2020	5	9	0	0	9.56060405753092
2020	5	10	0	0	7.627054066966907
2020	5	11	0	0	12.346098740994242
2020	5	12	0	0	9.857620761325085
2020	5	13	0	0	10.617917111397908
2020	5	14	0	0	10.341205294017456
2020	5	15	0	0	8.579861199584592
2020	5	16	0	0	14.167203972774969
2020	5	17	0	0	24.426608831278305
2020	5	18	0	0	20.731593225108327
2020	5	19	0	0	11.785323632701163
2020	5	20	0	0	24.238021153952626
2020	5	21	0	0	18.782553160028247
2020	5	22	0	0	11.107980879403796
2020	5	23	0	0	23.172836130561688
2020	5	24	0	0	17.991753319995414
2020	5	25	0	0	16.165240873254458
2020	5	26	0	0	16.018652110846034
2020	5	27	0	0	25.946047463533894
2020	5	28	0	0	22.396220684980563
2020	5	29	0	0	27.660840555902688
2020	5	30	0	0	20.1349879077975
2020	5	31	0	0	26.598505052203
2020	6	1	0	0	30.942931792777635
2020	6	2	0	0	20.383006384421137
2020	6	3	0	0	27.726979909125223
2020	6	4	0	0	26.840591713858323
2020	6	5	0	0	20.815667112111324
2020	6	6	0	0	28.845179741192084
2020	6	7	0	0	23.4967082734046
2020	6	8	0	0	22.666694396047546
2020	6	9	0	0	24.365375539755092
2020	6	10	0	0	27.749105278518154
2020	6	11	0	0	28.816081508844373
2020	6	12	0	0	24.13122286074696
2020	6	13	0	0	29.5765321040744
2020	6	14	0	0	29.714557603405048
2020	6	15	0	0	28.22053429888526
2020	6	16	0	0	29.156380579901175
2020	6	17	0	0	24.433480876901214
2020	6	18	0	0	12.99777362665367
2020	6	19	0	0	22.09551960462192
2020	6	20	0	0	26.039114955717725
2020	6	21	0	0	23.075806718441317
2020	6	22	0	0	20.967468568864444
2020	6	23	0	0	12.452897475741054
2020	6	24	0	0	17.98782540791639
2020	6	25	0	0	29.167143535621932
2020	6	26	0	0	27.114751871859372
2020	6	27	0	0	9.979027334724384
2020	6	28	0	0	24.921520813716626
2020	6	29	0	0	17.693576887067135
2020	6	30	0	0	27.78249097683277
2020	7	1	0	0	23.721149876484095
2020	7	2	0	0	27.87670818601416
2020	7	3	0	0	24.22567706335949
2020	7	4	0	0	9.627839473864666
2020	7	5	0	0	19.934362133355343
2020	7	6	0	0	9.96427216637882
2020	7	7	0	0	14.69532712052854
2020	7	8	0	0	24.64894555387975
2020	7	9	0	0	25.39739174741087
2020	7	10	0	0	19.33608129176405
2020	7	11	0	0	23.643624397933735
2020	7	12	0	0	11.89555359952441
2020	7	13	0	0	26.512789718987595
2020	7	14	0	0	25.580109432296624
2020	7	15	0	0	13.137846379564552
2020	7	16	0	0	26.117850553425306
2020	7	17	0	0	20.461269900405888
2020	7	18	0	0	25.04407928092114
2020	7	19	0	0	10.870799804034913
2020	7	20	0	0	20.279046776505787
2020	7	21	0	0	13.889024350293369
2020	7	22	0	0	20.983281059593097
2020	7	23	0	0	15.927223049699155
2020	7	24	0	0	10.003853013629069
2020	7	25	0	0	26.678091617555502
2020	7	26	0	0	14.855216404382295
2020	7	27	0	0	11.144330238961846
2020	7	28	0	0	26.46978132147932
2020	7	29	0	0	25.10842222277125
2020	7	30	0	0	24.75708003073587
2020	7	31	0	0	25.39035813548503
2020	8	1	0	0	20.717169841967475
2020	8	2	0	0	18.96743558894671
2020	8	3	0	0	16.790141138992013
2020	8	4	0	0	12.708936709380318
2020	8	5	0	0	24.925847900280395
2020	8	6	0	0	24.31410417340206
2020	8	7	0	0	19.17998931071186
2020	8	8	0	0	23.616973414556842
2020	8	9	0	0	25.133461614129143
2020	8	10	0	0	7.872261952430974
2020	8	11	0	0	6.672108022820432
2020	8	12	0	0	14.57458358126527
2020	8	13	0	0	22.09121094624693
2020	8	14	0	0	18.091357086605417
2020	8	15	0	0	13.58953438900294
2020	8	16	0	0	11.849799925293986
2020	8	17	0	0	15.142395324924404
2020	8	18	0	0	9.141005294322856
2020	8	19	0	0	18.78752088233925
2020	8	20	0	0	19.31043259402468
2020	8	21	0	0	11.732727850972186
2020	8	22	0	0	9.606266878815763
2020	8	23	0	0	12.802338587095662
2020	8	24	0	0	8.238493679177715
2020	8	25	0	0	10.636256135411713
2020	8	26	0	0	11.594945576080312
2020	8	27	0	0	13.75004493436971
2020	8	28	0	0	5.613229253906735
2020	8	29	0	0	8.596744450515125
2020	8	30	0	0	10.706809645914136
2020	8	31	0	0	10.40719175807066
2020	9	1	0	0	12.026762517286368
2020	9	2	0	0	19.829226972785328
2020	9	3	0	0	19.254076633618993
2020	9	4	0	0	18.67503171414312
2020	9	5	0	0	17.169431691018243
2020	9	6	0	0	16.697517252381655
2020	9	7	0	0	5.249956363395529
2020	9	8	0	0	12.246153680238395
2020	9	9	0	0	15.64881569498376
2020	9	10	0	0	9.097364913626967
2020	9	11	0	0	14.472701649946167
2020	9	12	0	0	9.310922016950563
2020	9	13	0	0	11.30491203079392
2020	9	14	0	0	17.916732622374855
2020	9	15	0	0	17.479843169378803
2020	9	16	0	0	13.499674698160568
2020	9	17	0	0	8.360526998458807
2020	9	18	0	0	8.11418403357356
2020	9	19	0	0	14.05414593428279
2020	9	20	0	0	9.747789675790608
2020	9	21	0	0	8.510367755773549
2020	9	22	0	0	9.632580988521974
2020	9	23	0	0	8.240351493356625
2020	9	24	0	0	9.828493463261895
2020	9	25	0	0	12.419261535487134
2020	9	26	0	0	5.706545035894074
2020	9	27	0	0	14.191713331281534
2020	9	28	0	0	6.416997815512379
2020	9	29	0	0	14.48348260408318
2020	9	30	0	0	13.145982082742306
2020	10	1	0	0	13.51024247695706
2020	10	2	0	0	7.792823339530361
2020	10	3	0	0	5.854161595903327
2020	10	4	0	0	9.885227753267165
2020	10	5	0	0	5.6964231643756325
2020	10	6	0	0	11.57628500800102
2020	10	7	0	0	5.248991362934213
2020	10	8	0	0	3.3303329852008785
2020	10	9	0	0	10.60875379938191
2020	10	10	0	0	3.2304341064607405
2020	10	11	0	0	7.538679888337501
2020	10	12	0	0	4.47388297887111
2020	10	13	0	0	7.901486607874481
2020	10	14	0	0	11.540421422064432
2020	10	15	0	0	11.310625054848874
2020	10	16	0	0	10.770905392904535
2020	10	17	0	0	9.613785779903147
2020	10	18	0	0	2.826146331564817
2020	10	19	0	0	3.9860352905047196
2020	10	20	0	0	7.305006387145384
2020	10	21	0	0	9.989375664112503
2020	10	22	0	0	8.437343858269005
2020	10	23	0	0	5.571901621590052
2020	10	24	0	0	7.3535184596741585
2020	10	25	0	0	7.8501670334829745
2020	10	26	0	0	3.977253260446352
2020	10	27	0	0	6.842357384010955
2020	10	28	0	0	5.875824932616495
2020	10	29	0	0	3.5123259772409794
2020	10	30	0	0	2.4675338686738155
2020	10	31	0	0	4.090028179203714
2020	11	1	0	0	3.8056268690671855
2020	11	2	0	0	4.430153167304539
2020	11	3	0	0	3.0686570873808283
2020	11	4	0	0	2.6003654080877956
2020	11	5	0	0	3.8083601633138557
2020	11	6	0	0	3.1977649582383023
2020	11	7	0	0	5.98494467918158
2020	11	8	0	0	4.242569498342148
2020	11	9	0	0	4.840748611070684
2020	11	10	0	0	4.741033459903802
2020	11	11	0	0	3.8823067601916255
2020	11	12	0	0	5.511327265298955
2020	11	13	0	0	5.725934153926831
2020	11	14	0	0	2.4087463737061943
2020	11	15	0	0	4.751165667597952
2020	11	16	0	0	3.910984053512322
2020	11	17	0	0	4.318817626724763
2020	11	18	0	0	4.4508865749478534
2020	11	19	0	0	3.667599020976037
2020	11	20	0	0	1.730944886472841
2020	11	21	0	0	2.619748030349036
2020	11	22	0	0	1.790823530172764
2020	11	23	0	0	2.8300874851035163
2020	11	24	0	0	1.6455802458892754
2020	11	25	0	0	3.8480072133754835
2020	11	26	0	0	2.715185153476855
2020	11	27	0	0	4.171210322966732
2020	11	28	0	0	3.8367629244267443
2020	11	29	0	0	3.9072430995724052
2020	11	30	0	0	3.6881031905209065
2020	12	1	0	0	1.2443255659638288
2020	12	2	0	0	3.936567460056978
2020	12	3	0	0	1.7980098337215993
2020	12	4	0	0	2.7826655609406528
2020	12	5	0	0	1.171351109569461
2020	12	6	0	0	2.2894104257713703
2020	12	7	0	0	2.9981303836196807
2020	12	8	0	0	2.221806413240787
2020	12	9	0	0	2.4290844237422986
2020	12	10	0	0	1.8987834958467409
2020	12	11	0	0	1.9860675721892471
2020	12	12	0	0	2.3172440560647263
2020	12	13	0	0	2.499989720243777
2020	12	14	0	0	1.9905589834201847
2020	12	15	0	0	1.4621688838822868
2020	12	16	0	0	2.532976801839533
2020	12	17	0	0	2.4291028149781884
2020	12	18	0	0	2.529179500126228
2020	12	19	0	0	2.4591849897352436
2020	12	20	0	0	2.309622642873913
2020	12	21	0	0	1.1477675257628026
2020	12	22	0	0	1.6372589034323146
2020	12	23	0	0	2.598653957136201
2020	12	24	0	0	1.46420131513839
2020	12	25	0	0	3.004259889626957
2020	12	26	0	0	2.4970727333556404
2020	12	27	0	0	2.4286774194158833
2020	12	28	0	0	0.7708144990861255
2020	12	29	0	0	1.7599376052195668
2020	12	30	0	0	2.7036211990575887
2020	12	31	0	0	2.7704809150530143
2021	1	1	0	0	3.5309348505544
2021	1	2	0	0	4.348849411648924
2021	1	3	0	0	1.4358128045286642
2021	1	4	0	0	1.9683316192369915
2021	1	5	0	0	3.9045148920026067
2021	1	6	0	0	2.3047693244802603
2021	1	7	0	0	2.2253635410210664
2021	1	8	0	0	2.061540923278015
2021	1	9	0	0	2.0955431201353463
2021	1	10	0	0	1.3903812001704325
2021	1	11	0	0	1.0561946097560517
2021	1	12	0	0	3.664674475048149
2021	1	13	0	0	1.702061672745177
2021	1	14	0	0	1.8774544548890306
2021	1	15	0	0	2.6927599291677247
2021	1	16	0	0	3.273348781842714
2021	1	17	0	0	3.972742256121371
2021	1	18	0	0	4.165366142180391
2021	1	19	0	0	1.6998867853602075
2021	1	20	0	0	4.0307687407693304
2021	1	21	0	0	4.364686913895328
2021	1	22	0	0	4.459570242808494
2021	1	23	0	0	5.141415772030833
2021	1	24	0	0	5.339759234501731
2021	1	25	0	0	1.7323913238363964
2021	1	26	0	0	1.1751866489952663
2021	1	27	0	0	4.115706776447639
2021	1	28	0	0	3.3446051404119648
2021	1	29	0	0	5.005094524703649
2021	1	30	0	0	2.5501120698391255
2021	1	31	0	0	3.79849337634884
2021	2	1	0	0	6.8596323485777075
2021	2	2	0	0	5.501091080787567
2021	2	3	0	0	1.9235686183158185
2021	2	4	0	0	4.116287995279309
2021	2	5	0	0	4.453609706564507
2021	2	6	0	0	5.155445242881087
2021	2	7	0	0	3.9483398539737764
2021	2	8	0	0	7.496891388968277
2021	2	9	0	0	6.529065920850229
2021	2	10	0	0	7.630180968000387
2021	2	11	0	0	5.368542881256078
2021	2	12	0	0	4.268361997772067
2021	2	13	0	0	8.177578599813044
2021	2	14	0	0	6.672609846277733
2021	2	15	0	0	3.552708888082976
2021	2	16	0	0	5.789602185766125
2021	2	17	0	0	5.601211075324098
2021	2	18	0	0	3.714385046777839
2021	2	19	0	0	5.7055122703072545
2021	2	20	0	0	5.037273868395856
2021	2	21	0	0	4.534975363276656
2021	2	22	0	0	5.535191241319672
2021	2	23	0	0	5.8531657372213335
2021	2	24	0	0	5.285856985430847
2021	2	25	0	0	10.411060366782202
2021	2	26	0	0	10.140872434501997
2021	2	27	0	0	12.299420506555844
2021	2	28	0	0	6.0989930589086905
2021	3	1	0	0	7.258448427950715
2021	3	2	0	0	10.681419722512032
2021	3	3	0	0	11.938315050516126
2021	3	4	0	0	14.054166771693406
2021	3	5	0	0	9.399855038393348
2021	3	6	0	0	12.1824193479497
2021	3	7	0	0	14.778401103658108
2021	3	8	0	0	15.191031558054704
2021	3	9	0	0	6.897894349606584
2021	3	10	0	0	12.844138708553041
2021	3	11	0	0	6.9419239012168426
2021	3	12	0	0	7.158901122945674
2021	3	13	0	0	9.594136785050468
2021	3	14	0	0	14.560537761837592
2021	3	15	0	0	15.581793926557154
2021	3	16	0	0	11.375061075818756
2021	3	17	0	0	14.904039811431657
2021	3	18	0	0	16.380655685918985
2021	3	19	0	0	15.927375478180576
2021	3	20	0	0	16.103660950970784
2021	3	21	0	0	16.588107736729548
2021	3	22	0	0	12.483510137294918
2021	3	23	0	0	12.690413202376224
2021	3	24	0	0	14.602912276352718
2021	3	25	0	0	18.028338452235534
2021	3	26	0	0	19.052546952767386
2021	3	27	0	0	19.28378423471282
2021	3	28	0	0	17.190656322254554
2021	3	29	0	0	11.080987373054478
2021	3	30	0	0	19.92692031416024
2021	3	31	0	0	6.858503132978668
2021	4	1	0	0	12.185160615609119
2021	4	2	0	0	12.854543441563239
2021	4	3	0	0	10.13096554550326
2021	4	4	0	0	9.7433021508029
2021	4	5	0	0	8.475110499803028
2021	4	6	0	0	11.139839824107886
2021	4	7	0	0	8.501969069345524
2021	4	8	0	0	14.188349779955281
2021	4	9	0	0	14.866097674298398
2021	4	10	0	0	7.033148311227055
2021	4	11	0	0	15.587860566321561
2021	4	12	0	0	4.807206275620861
2021	4	13	0	0	14.599920726967913
2021	4	14	0	0	7.05792107920138
2021	4	15	0	0	7.332845382481508
2021	4	16	0	0	15.258122679155735
2021	4	17	0	0	16.619568760570466
2021	4	18	0	0	12.644782204428923
2021	4	19	0	0	17.418546625987556
2021	4	20	0	0	9.505297989941127
2021	4	21	0	0	7.139747184522644
2021	4	22	0	0	6.292517376161574
2021	4	23	0	0	16.932128750533153
2021	4	24	0	0	12.028491429447373
2021	4	25	0	0	14.50460489490864
2021	4	26	0	0	16.782877252543827
2021	4	27	0	0	8.373835350152177
2021	4	28	0	0	8.634256971951514
2021	4	29	0	0	20.642484425149185
2021	4	30	0	0	25.210598283455962
2021	5	1	0	0	23.38655026078483
2021	5	2	0	0	21.259015283099806
2021	5	3	0	0	17.609324228632598
2021	5	4	0	0	24.09069523263192
2021	5	5	0	0	24.806305461913837
2021	5	6	0	0	15.946909044013584
2021	5	7	0	0	23.322825674109332
2021	5	8	0	0	26.340578893228958
2021	5	9	0	0	21.22686979928867
2021	5	10	0	0	21.905198086772195
2021	5	11	0	0	19.412133231719118
2021	5	12	0	0	15.905373135962085
2021	5	13	0	0	12.428338894508563
2021	5	14	0	0	24.76697137300898
2021	5	15	0	0	9.874043280258999
2021	5	16	0	0	10.209917382573918
2021	5	17	0	0	10.740444043625654
2021	5	18	0	0	13.443867823595818
2021	5	19	0	0	12.060706429950796
2021	5	20	0	0	14.10496409510833
2021	5	21	0	0	22.070888758894522
2021	5	22	0	0	22.39818346820811
2021	5	23	0	0	9.692452947987245
2021	5	24	0	0	18.68109240362074
2021	5	25	0	0	23.12290071708264
2021	5	26	0	0	27.399986527231068
2021	5	27	0	0	22.235279138448252
2021	5	28	0	0	24.82836429807006
2021	5	29	0	0	12.757428218816065
2021	5	30	0	0	12.979567869463988
2021	5	31	0	0	17.908911550776757
2021	6	1	0	0	9.456222650600736
2021	6	2	0	0	23.588468626439838
2021	6	3	0	0	18.078773877216836
2021	6	4	0	0	26.33110615822706
2021	6	5	0	0	10.367101937544854
2021	6	6	0	0	21.672461217533993
2021	6	7	0	0	12.55084668228574
2021	6	8	0	0	28.417009036224183
2021	6	9	0	0	9.681009194674166
2021	6	10	0	0	21.8809161775529
2021	6	11	0	0	14.51269293216604
2021	6	12	0	0	27.3077125362051
2021	6	13	0	0	10.782934840160957
2021	6	14	0	0	9.45326225806197
2021	6	15	0	0	18.955829130959636
2021	6	16	0	0	27.97882539528194
2021	6	17	0	0	8.571953337922023
2021	6	18	0	0	10.165592453490982
2021	6	19	0	0	28.52231595793563
2021	6	20	0	0	21.88287418667579
2021	6	21	0	0	27.085854477125547
2021	6	22	0	0	17.329022815929527
2021	6	23	0	0	19.667774158277183
2021	6	24	0	0	28.28445372618244
2021	6	25	0	0	28.824639380368875
2021	6	26	0	0	28.353397264254607
2021	6	27	0	0	29.33563408289502
2021	6	28	0	0	19.525717774133597
2021	6	29	0	0	22.471118507441435
2021	6	30	0	0	23.237654098622343
2021	7	1	0	0	23.821263222991053
2021	7	2	0	0	24.558817860519063
2021	7	3	0	0	22.0124795650414
2021	7	4	0	0	25.08305303291737
2021	7	5	0	0	24.47343925755889
2021	7	6	0	0	15.504999606378664
2021	7	7	0	0	20.227826214717957
2021	7	8	0	0	12.495633016720092
2021	7	9	0	0	17.721727041027943
2021	7	10	0	0	17.84887340062231
2021	7	11	0	0	26.260566296668475
2021	7	12	0	0	24.93804913762605
2021	7	13	0	0	27.119698411300334
2021	7	14	0	0	27.277532998960613
2021	7	15	0	0	24.467275024200923
2021	7	16	0	0	15.632875019943821
2021	7	17	0	0	10.916256746334298
2021	7	18	0	0	15.647097486716584
2021	7	19	0	0	19.972968143691226
2021	7	20	0	0	20.307670260248997
2021	7	21	0	0	15.531214713091055
2021	7	22	0	0	16.22834183686562
2021	7	23	0	0	10.84071656521757
2021	7	24	0	0	10.744255125780539
2021	7	25	0	0	6.980349688316331
2021	7	26	0	0	8.875560097485993
2021	7	27	0	0	23.52552430155964
2021	7	28	0	0	9.77456182487665
2021	7	29	0	0	15.59447562997348
2021	7	30	0	0	21.36052792584303
2021	7	31	0	0	13.009854106098258
2021	8	1	0	0	23.12835565625168
2021	8	2	0	0	20.025933119313954
2021	8	3	0	0	11.857820244564701
2021	8	4	0	0	12.983117780894055
2021	8	5	0	0	17.572200176589725
2021	8	6	0	0	20.381171424540884
2021	8	7	0	0	13.49616795152959
2021	8	8	0	0	18.49246311972309
2021	8	9	0	0	17.22519996384612
2021	8	10	0	0	11.47937762579112
2021	8	11	0	0	23.020225166511477
2021	8	12	0	0	21.944063050924758
2021	8	13	0	0	20.817756627912694
2021	8	14	0	0	17.228021159529074
2021	8	15	0	0	22.606219360540745
2021	8	16	0	0	22.393540750926096
2021	8	17	0	0	16.201951863025794
2021	8	18	0	0	13.25348915225685
2021	8	19	0	0	10.634187417494084
2021	8	20	0	0	13.466311885905293
2021	8	21	0	0	20.755932828958287
2021	8	22	0	0	13.739795331965338
2021	8	23	0	0	11.503209444698593
2021	8	24	0	0	14.457914838682763
2021	8	25	0	0	10.682909368424841
2021	8	26	0	0	9.196307479148487
2021	8	27	0	0	16.074533478518266
2021	8	28	0	0	7.789717958035422
2021	8	29	0	0	7.693145593794465
2021	8	30	0	0	15.62103482474428
2021	8	31	0	0	11.310188508679163
2021	9	1	0	0	16.754375829125003
2021	9	2	0	0	11.28561481989363
2021	9	3	0	0	19.290332944290963
2021	9	4	0	0	9.312570027628215
2021	9	5	0	0	17.397337022661116
2021	9	6	0	0	9.800117999569155
2021	9	7	0	0	8.382613182814719
2021	9	8	0	0	16.172898897991104
2021	9	9	0	0	12.625873515823654
2021	9	10	0	0	16.06863026171581
2021	9	11	0	0	14.923989139250825
2021	9	12	0	0	10.682172671024478
2021	9	13	0	0	5.984778344593631
2021	9	14	0	0	14.770131397109541
2021	9	15	0	0	17.421337965857962
2021	9	16	0	0	15.711851655217096
2021	9	17	0	0	15.478151640218153
2021	9	18	0	0	14.706803904487057
2021	9	19	0	0	15.600224752482553
2021	9	20	0	0	15.223954538168208
2021	9	21	0	0	14.476295074564916
2021	9	22	0	0	13.982750891414181
2021	9	23	0	0	14.648754206182465
2021	9	24	0	0	4.072642338201483
2021	9	25	0	0	3.774166023168372
2021	9	26	0	0	3.1935260396825105
2021	9	27	0	0	13.095023916000816
2021	9	28	0	0	13.8649103990763
2021	9	29	0	0	7.156594413478209
2021	9	30	0	0	5.80997068639734
2021	10	1	0	0	9.63400989326927
2021	10	2	0	0	10.202112787227898
2021	10	3	0	0	9.609496138871108
2021	10	4	0	0	4.20794196979411
2021	10	5	0	0	4.703113555148855
2021	10	6	0	0	7.0162243760922705
2021	10	7	0	0	2.5089878449044174
2021	10	8	0	0	12.570219478575446
2021	10	9	0	0	8.777396912294966
2021	10	10	0	0	10.173666560894468
2021	10	11	0	0	10.468980134751169
2021	10	12	0	0	5.3308531492524756
2021	10	13	0	0	9.699540920814096
2021	10	14	0	0	8.257576777670053
2021	10	15	0	0	10.806545718883354
2021	10	16	0	0	9.669260629121645
2021	10	17	0	0	9.313753344016666
2021	10	18	0	0	9.359987291316576
2021	10	19	0	0	9.156534608922597
2021	10	20	0	0	8.658695769025854
2021	10	21	0	0	9.197185169091803
2021	10	22	0	0	3.9602194401420627
2021	10	23	0	0	4.653304492900554
2021	10	24	0	0	3.0453216057300843
2021	10	25	0	0	9.053695789831297
2021	10	26	0	0	6.451247080747535
2021	10	27	0	0	4.273203344369478
2021	10	28	0	0	2.198840885691132
2021	10	29	0	0	2.880993394762923
2021	10	30	0	0	4.3803968312590165
2021	10	31	0	0	2.336260824953378
2021	11	1	0	0	4.885173219607523
2021	11	2	0	0	6.268537977698481
2021	11	3	0	0	1.9807973764478068
2021	11	4	0	0	5.132967036115376
2021	11	5	0	0	5.768423395066084
2021	11	6	0	0	5.211309184645821
2021	11	7	0	0	5.488562874060248
2021	11	8	0	0	4.1498208832026435
2021	11	9	0	0	4.400813809832699
2021	11	10	0	0	5.202486234795203
2021	11	11	0	0	5.410106601635108
2021	11	12	0	0	5.194895674972893
2021	11	13	0	0	5.082962804846905
2021	11	14	0	0	3.2469911171065986
2021	11	15	0	0	3.805688381237277
2021	11	16	0	0	3.8735804271893644
2021	11	17	0	0	4.7146044428227905
2021	11	18	0	0	4.264506547399086
2021	11	19	0	0	3.297844070858615
2021	11	20	0	0	3.8065525019989543
2021	11	21	0	0	1.7558164229082365
2021	11	22	0	0	1.734272469512686
2021	11	23	0	0	4.5334929849729235
2021	11	24	0	0	1.729755012117963
2021	11	25	0	0	4.256422878576854
2021	11	26	0	0	4.760173871122954
2021	11	27	0	0	4.614167454027314
2021	11	28	0	0	4.655581234617891
2021	11	29	0	0	1.6365502310579974
2021	11	30	0	0	2.147266809515059
2021	12	1	0	0	0.8979793641659808
2021	12	2	0	0	1.8178698096077817
2021	12	3	0	0	4.135468475383319
2021	12	4	0	0	1.4560752783361306
2021	12	5	0	0	2.8611071923802833
2021	12	6	0	0	2.324455646679994
2021	12	7	0	0	3.2893587782220153
2021	12	8	0	0	2.222817326590452
2021	12	9	0	0	1.9906632840637153
2021	12	10	0	0	3.3485989613056324
2021	12	11	0	0	2.6052506930017616
2021	12	12	0	0	1.7384855136117061
2021	12	13	0	0	2.9766821554189065
2021	12	14	0	0	1.6371981331145857
2021	12	15	0	0	1.077895184898966
2021	12	16	0	0	1.8115930411017265
2021	12	17	0	0	1.9906632840637153
2021	12	18	0	0	2.5438816534858617
2021	12	19	0	0	1.7783486505700474
2021	12	20	0	0	1.9006173360607368
2021	12	21	0	0	2.315838401049718
2021	12	22	0	0	1.9886792236491775
2021	12	23	0	0	1.9004939947339605
2021	12	24	0	0	2.071708145631783
2021	12	25	0	0	1.8997485858836378
2021	12	26	0	0	2.0976507395819803
2021	12	27	0	0	1.899761105194191
2021	12	28	0	0	1.572324687230884
2021	12	29	0	0	2.336885015908867
2021	12	30	0	0	2.6664013805888307
2021	12	31	0	0	1.8955135349734842
