YYYY	MM	DD	hh	mm	TA
2010	11	1	0	0	8.7
2010	11	2	0	0	7.9
2010	11	3	0	0	12.9
2010	11	4	0	0	15.4
2010	11	5	0	0	15.2
2010	11	6	0	0	13.8
2010	11	7	0	0	8.7
2010	11	8	0	0	6.6
2010	11	9	0	0	9.9
2010	11	10	0	0	9.0
2010	11	11	0	0	8.2
2010	11	12	0	0	13.8
2010	11	13	0	0	16.4
2010	11	14	0	0	14.1
2010	11	15	0	0	8.4
2010	11	16	0	0	5.5
2010	11	17	0	0	4.9
2010	11	18	0	0	4.2
2010	11	19	0	0	6.0
2010	11	20	0	0	3.3
2010	11	21	0	0	3.3
2010	11	22	0	0	4.8
2010	11	23	0	0	3.7
2010	11	24	0	0	3.9
2010	11	25	0	0	3.9
2010	11	26	0	0	0.9
2010	11	27	0	0	-2.1
2010	11	28	0	0	-2.6
2010	11	29	0	0	-0.4
2010	11	30	0	0	-4.2
2010	12	1	0	0	-2.8
2010	12	2	0	0	-3.9
2010	12	3	0	0	-6.2
2010	12	4	0	0	-3.5
2010	12	5	0	0	-0.7
2010	12	6	0	0	0.7
2010	12	7	0	0	2.6
2010	12	8	0	0	4.6
2010	12	9	0	0	0.7
2010	12	10	0	0	1.4
2010	12	11	0	0	4.2
2010	12	12	0	0	3.5
2010	12	13	0	0	-1.9
2010	12	14	0	0	-4.0
2010	12	15	0	0	-3.0
2010	12	16	0	0	-2.3
2010	12	17	0	0	-0.8
2010	12	18	0	0	-1.8
2010	12	19	0	0	4.3
2010	12	20	0	0	5.5
2010	12	21	0	0	6.4
2010	12	22	0	0	5.5
2010	12	23	0	0	3.8
2010	12	24	0	0	-0.1
2010	12	25	0	0	-4.3
2010	12	26	0	0	-9.2
2010	12	27	0	0	-6.7
2010	12	28	0	0	-2.3
2010	12	29	0	0	0.1
2010	12	30	0	0	0.4
2010	12	31	0	0	-0.4
2011	1	1	0	0	0.8
2011	1	2	0	0	-0.3
2011	1	3	0	0	-3.6
2011	1	4	0	0	-2.4
2011	1	5	0	0	-2.4
2011	1	6	0	0	7.6
2011	1	7	0	0	11.3
2011	1	8	0	0	11.9
2011	1	9	0	0	8.5
2011	1	10	0	0	2.7
2011	1	11	0	0	4.5
2011	1	12	0	0	7.1
2011	1	13	0	0	11.2
2011	1	14	0	0	11.0
2011	1	15	0	0	8.4
2011	1	16	0	0	2.7
2011	1	17	0	0	4.7
2011	1	18	0	0	7.5
2011	1	19	0	0	3.5
2011	1	20	0	0	1.5
2011	1	21	0	0	-0.3
2011	1	22	0	0	-2.4
2011	1	23	0	0	-4.7
2011	1	24	0	0	-1.0
2011	1	25	0	0	1.8
2011	1	26	0	0	3.0
2011	1	27	0	0	1.4
2011	1	28	0	0	1.3
2011	1	29	0	0	-0.3
2011	1	30	0	0	-2.9
2011	1	31	0	0	-2.6
2011	2	1	0	0	-2.4
2011	2	2	0	0	-0.2
2011	2	3	0	0	0.9
2011	2	4	0	0	7.1
2011	2	5	0	0	8.7
2011	2	6	0	0	5.3
2011	2	7	0	0	4.2
2011	2	8	0	0	4.2
2011	2	9	0	0	2.3
2011	2	10	0	0	5.9
2011	2	11	0	0	10.3
2011	2	12	0	0	7.3
2011	2	13	0	0	7.5
2011	2	14	0	0	6.7
2011	2	15	0	0	6.8
2011	2	16	0	0	3.6
2011	2	17	0	0	3.5
2011	2	18	0	0	3.6
2011	2	19	0	0	4.0
2011	2	20	0	0	2.0
2011	2	21	0	0	-0.5
2011	2	22	0	0	-1.7
2011	2	23	0	0	-2.7
2011	2	24	0	0	2.0
2011	2	25	0	0	5.4
2011	2	26	0	0	6.5
2011	2	27	0	0	5.6
2011	2	28	0	0	4.9
2011	3	1	0	0	6.2
2011	3	2	0	0	4.8
2011	3	3	0	0	2.5
2011	3	4	0	0	2.4
2011	3	5	0	0	3.4
2011	3	6	0	0	1.4
2011	3	7	0	0	4.5
2011	3	8	0	0	4.8
2011	3	9	0	0	8.0
2011	3	10	0	0	9.2
2011	3	11	0	0	8.6
2011	3	12	0	0	6.8
2011	3	13	0	0	8.6
2011	3	14	0	0	10.5
2011	3	15	0	0	9.9
2011	3	16	0	0	9.2
2011	3	17	0	0	7.0
2011	3	18	0	0	7.7
2011	3	19	0	0	5.7
2011	3	20	0	0	4.3
2011	3	21	0	0	6.2
2011	3	22	0	0	6.8
2011	3	23	0	0	8.3
2011	3	24	0	0	9.7
2011	3	25	0	0	11.4
2011	3	26	0	0	10.0
2011	3	27	0	0	9.3
2011	3	28	0	0	10.7
2011	3	29	0	0	9.2
2011	3	30	0	0	11.6
2011	3	31	0	0	12.5
2011	4	1	0	0	15.2
2011	4	2	0	0	14.9
2011	4	3	0	0	16.5
2011	4	4	0	0	11.1
2011	4	5	0	0	11.2
2011	4	6	0	0	14.6
2011	4	7	0	0	16.4
2011	4	8	0	0	13.1
2011	4	9	0	0	12.5
2011	4	10	0	0	12.5
2011	4	11	0	0	14.0
2011	4	12	0	0	10.6
2011	4	13	0	0	6.1
2011	4	14	0	0	8.0
2011	4	15	0	0	6.9
2011	4	16	0	0	8.8
2011	4	17	0	0	10.4
2011	4	18	0	0	11.7
2011	4	19	0	0	12.7
2011	4	20	0	0	13.7
2011	4	21	0	0	15.0
2011	4	22	0	0	15.1
2011	4	23	0	0	15.7
2011	4	24	0	0	16.4
2011	4	25	0	0	15.2
2011	4	26	0	0	12.8
2011	4	27	0	0	12.9
2011	4	28	0	0	12.5
2011	4	29	0	0	12.6
2011	4	30	0	0	11.4
2011	5	1	0	0	13.3
2011	5	2	0	0	13.2
2011	5	3	0	0	10.6
2011	5	4	0	0	9.2
2011	5	5	0	0	11.3
2011	5	6	0	0	14.9
2011	5	7	0	0	18.6
2011	5	8	0	0	19.6
2011	5	9	0	0	19.1
2011	5	10	0	0	18.6
2011	5	11	0	0	18.2
2011	5	12	0	0	16.6
2011	5	13	0	0	14.2
2011	5	14	0	0	12.9
2011	5	15	0	0	11.1
2011	5	16	0	0	12.2
2011	5	17	0	0	16.3
2011	5	18	0	0	16.4
2011	5	19	0	0	16.4
2011	5	20	0	0	17.9
2011	5	21	0	0	17.7
2011	5	22	0	0	19.2
2011	5	23	0	0	18.0
2011	5	24	0	0	17.7
2011	5	25	0	0	16.6
2011	5	26	0	0	18.8
2011	5	27	0	0	14.1
2011	5	28	0	0	13.4
2011	5	29	0	0	16.7
2011	5	30	0	0	21.3
2011	5	31	0	0	17.3
2011	6	1	0	0	10.5
2011	6	2	0	0	16.7
2011	6	3	0	0	20.3
2011	6	4	0	0	21.0
2011	6	5	0	0	20.7
2011	6	6	0	0	18.5
2011	6	7	0	0	18.2
2011	6	8	0	0	14.9
2011	6	9	0	0	15.0
2011	6	10	0	0	14.5
2011	6	11	0	0	15.0
2011	6	12	0	0	15.8
2011	6	13	0	0	17.2
2011	6	14	0	0	19.1
2011	6	15	0	0	20.1
2011	6	16	0	0	18.9
2011	6	17	0	0	19.4
2011	6	18	0	0	16.6
2011	6	19	0	0	14.1
2011	6	20	0	0	17.2
2011	6	21	0	0	22.5
2011	6	22	0	0	20.1
2011	6	23	0	0	17.4
2011	6	24	0	0	16.3
2011	6	25	0	0	16.6
2011	6	26	0	0	20.8
2011	6	27	0	0	23.7
2011	6	28	0	0	25.4
2011	6	29	0	0	19.8
2011	6	30	0	0	17.1
2011	7	1	0	0	13.4
2011	7	2	0	0	13.5
2011	7	3	0	0	15.2
2011	7	4	0	0	17.7
2011	7	5	0	0	20.5
2011	7	6	0	0	20.5
2011	7	7	0	0	18.7
2011	7	8	0	0	19.2
2011	7	9	0	0	20.3
2011	7	10	0	0	18.7
2011	7	11	0	0	19.3
2011	7	12	0	0	21.9
2011	7	13	0	0	18.8
2011	7	14	0	0	15.9
2011	7	15	0	0	15.3
2011	7	16	0	0	18.7
2011	7	17	0	0	17.0
2011	7	18	0	0	16.2
2011	7	19	0	0	14.7
2011	7	20	0	0	15.2
2011	7	21	0	0	16.1
2011	7	22	0	0	17.1
2011	7	23	0	0	15.9
2011	7	24	0	0	14.2
2011	7	25	0	0	16.7
2011	7	26	0	0	16.0
2011	7	27	0	0	18.2
2011	7	28	0	0	18.7
2011	7	29	0	0	18.5
2011	7	30	0	0	16.6
2011	7	31	0	0	14.7
2011	8	1	0	0	16.9
2011	8	2	0	0	20.2
2011	8	3	0	0	21.1
2011	8	4	0	0	22.8
2011	8	5	0	0	21.0
2011	8	6	0	0	21.0
2011	8	7	0	0	18.2
2011	8	8	0	0	16.2
2011	8	9	0	0	15.3
2011	8	10	0	0	14.4
2011	8	11	0	0	17.3
2011	8	12	0	0	19.2
2011	8	13	0	0	20.8
2011	8	14	0	0	19.8
2011	8	15	0	0	19.8
2011	8	16	0	0	18.4
2011	8	17	0	0	20.1
2011	8	18	0	0	24.1
2011	8	19	0	0	24.3
2011	8	20	0	0	21.5
2011	8	21	0	0	23.6
2011	8	22	0	0	25.8
2011	8	23	0	0	25.9
2011	8	24	0	0	22.5
2011	8	25	0	0	21.6
2011	8	26	0	0	20.5
2011	8	27	0	0	14.8
2011	8	28	0	0	16.7
2011	8	29	0	0	15.6
2011	8	30	0	0	15.2
2011	8	31	0	0	15.3
2011	9	1	0	0	18.6
2011	9	2	0	0	20.2
2011	9	3	0	0	22.0
2011	9	4	0	0	20.7
2011	9	5	0	0	17.5
2011	9	6	0	0	17.0
2011	9	7	0	0	17.1
2011	9	8	0	0	17.4
2011	9	9	0	0	20.8
2011	9	10	0	0	21.6
2011	9	11	0	0	21.8
2011	9	12	0	0	19.3
2011	9	13	0	0	21.0
2011	9	14	0	0	17.1
2011	9	15	0	0	13.6
2011	9	16	0	0	16.0
2011	9	17	0	0	19.8
2011	9	18	0	0	13.8
2011	9	19	0	0	12.5
2011	9	20	0	0	12.4
2011	9	21	0	0	12.9
2011	9	22	0	0	13.9
2011	9	23	0	0	14.3
2011	9	24	0	0	14.4
2011	9	25	0	0	16.3
2011	9	26	0	0	16.6
2011	9	27	0	0	16.8
2011	9	28	0	0	16.3
2011	9	29	0	0	16.4
2011	9	30	0	0	15.7
2011	10	1	0	0	15.5
2011	10	2	0	0	16.0
2011	10	3	0	0	15.9
2011	10	4	0	0	16.0
2011	10	5	0	0	16.8
2011	10	6	0	0	15.1
2011	10	7	0	0	10.4
2011	10	8	0	0	9.0
2011	10	9	0	0	10.9
2011	10	10	0	0	15.4
2011	10	11	0	0	14.7
2011	10	12	0	0	14.7
2011	10	13	0	0	12.2
2011	10	14	0	0	10.2
2011	10	15	0	0	5.5
2011	10	16	0	0	7.2
2011	10	17	0	0	9.4
2011	10	18	0	0	13.5
2011	10	19	0	0	5.9
2011	10	20	0	0	5.7
2011	10	21	0	0	2.0
2011	10	22	0	0	3.0
2011	10	23	0	0	2.7
2011	10	24	0	0	3.8
2011	10	25	0	0	7.6
2011	10	26	0	0	10.6
2011	10	27	0	0	5.8
2011	10	28	0	0	7.9
2011	10	29	0	0	9.5
2011	10	30	0	0	11.2
2011	10	31	0	0	8.5
