YYYY MM DD hh mm TA TA_min TA_max
2018 1 1 0 0 -4.078228620330958 -7.078228620330958 -1.0782286203309583
2018 1 2 0 0 -3.7930379331666173 -6.793037933166618 -0.7930379331666173
2018 1 3 0 0 -3.591791728505447 -6.591791728505447 -0.5917917285054468
2018 1 4 0 0 -3.215764125928711 -6.215764125928711 -0.21576412592871108
2018 1 5 0 0 -3.366971216467986 -6.366971216467986 -0.36697121646798614
2018 1 6 0 0 -3.5165222984305657 -6.516522298430566 -0.5165222984305657
2018 1 7 0 0 -3.2420994108806696 -6.2420994108806696 -0.24209941088066955
2018 1 8 0 0 -2.9966795961214876 -5.996679596121488 0.0033204038785124013
2018 1 9 0 0 -2.3158834297651074 -5.315883429765107 0.6841165702348926
2018 1 10 0 0 -2.1479753457667403 -5.14797534576674 0.8520246542332597
2018 1 11 0 0 -2.0443737064777947 -5.044373706477795 0.9556262935222053
2018 1 12 0 0 -1.8448841560094347 -4.844884156009435 1.1551158439905653
2018 1 13 0 0 -1.8214076636991885 -4.821407663699189 1.1785923363008115
2018 1 14 0 0 -1.8404912102523978 -4.840491210252398 1.1595087897476022
2018 1 15 0 0 -1.108302811353902 -4.1083028113539015 1.891697188646098
2018 1 16 0 0 -0.6151273739807739 -3.6151273739807737 2.3848726260192263
2018 1 17 0 0 0.03389694369388807 -2.966103056306112 3.033896943693888
2018 1 18 0 0 -0.09792800551662473 -3.097928005516625 2.902071994483375
2018 1 19 0 0 -0.12036315761884886 -3.120363157618849 2.879636842381151
2018 1 20 0 0 0.45534004919943505 -2.5446599508005647 3.4553400491994353
2018 1 21 0 0 0.3393825245287214 -2.6606174754712786 3.3393825245287214
2018 1 22 0 0 2.061516877350425 -0.9384831226495751 5.061516877350424
2018 1 23 0 0 2.311200594549337 -0.6887994054506632 5.311200594549337
2018 1 24 0 0 1.3798923552372755 -1.6201076447627245 4.379892355237276
2018 1 25 0 0 1.8289633405840884 -1.1710366594159116 4.828963340584089
2018 1 26 0 0 3.2946125446092362 0.29461254460923625 6.294612544609237
2018 1 27 0 0 2.8398881217344334 -0.1601118782655666 5.839888121734433
2018 1 28 0 0 2.7365655132423035 -0.26343448675769654 5.7365655132423035
2018 1 29 0 0 2.627746000812726 -0.372253999187274 5.627746000812726
2018 1 30 0 0 4.323383735199972 1.3233837351999718 7.323383735199972
2018 1 31 0 0 3.783377004318001 0.7833770043180008 6.783377004318001
2018 2 1 0 0 4.376247708282089 1.3762477082820892 7.376247708282089
2018 2 2 0 0 3.5892066117106056 0.5892066117106056 6.589206611710606
2018 2 3 0 0 5.250673757462463 2.2506737574624633 8.250673757462463
2018 2 4 0 0 5.5200876702729005 2.5200876702729005 8.5200876702729
2018 2 5 0 0 5.6181636448103145 2.6181636448103145 8.618163644810314
2018 2 6 0 0 6.496929413350774 3.496929413350774 9.496929413350774
2018 2 7 0 0 5.459607858760939 2.459607858760939 8.45960785876094
2018 2 8 0 0 6.630137957291752 3.630137957291752 9.630137957291751
2018 2 9 0 0 7.538228791409042 4.538228791409042 10.538228791409042
2018 2 10 0 0 6.919926418720844 3.919926418720844 9.919926418720845
2018 2 11 0 0 7.835511220414541 4.835511220414541 10.835511220414542
2018 2 12 0 0 8.324148674019643 5.324148674019643 11.324148674019643
2018 2 13 0 0 8.181294766079404 5.181294766079404 11.181294766079404
2018 2 14 0 0 8.139901816487978 5.139901816487978 11.139901816487978
2018 2 15 0 0 7.405086809197863 4.405086809197863 10.405086809197863
2018 2 16 0 0 7.66511894448569 4.66511894448569 10.665118944485691
2018 2 17 0 0 8.319798474262829 5.319798474262829 11.319798474262829
2018 2 18 0 0 10.030875552652322 7.030875552652322 13.030875552652322
2018 2 19 0 0 9.000243426183754 6.000243426183754 12.000243426183754
2018 2 20 0 0 10.492364539610179 7.492364539610179 13.492364539610179
2018 2 21 0 0 10.770634257343726 7.770634257343726 13.770634257343726
2018 2 22 0 0 9.372787928266673 6.372787928266673 12.372787928266673
2018 2 23 0 0 10.12721116781119 7.12721116781119 13.12721116781119
2018 2 24 0 0 10.813602819200565 7.813602819200565 13.813602819200565
2018 2 25 0 0 11.063381392280828 8.063381392280828 14.063381392280828
2018 2 26 0 0 10.6740326441361 7.6740326441360995 13.6740326441361
2018 2 27 0 0 11.508801599476348 8.508801599476348 14.508801599476348
2018 2 28 0 0 11.989034346315975 8.989034346315975 14.989034346315975
2018 3 1 0 0 12.671857919254542 9.671857919254542 15.671857919254542
2018 3 2 0 0 12.716648389514184 9.716648389514184 15.716648389514184
2018 3 3 0 0 12.936722191090993 9.936722191090993 15.936722191090993
2018 3 4 0 0 11.879193413109741 8.879193413109741 14.879193413109741
2018 3 5 0 0 12.290175251210773 9.290175251210773 15.290175251210773
2018 3 6 0 0 13.856197414814929 10.856197414814929 16.85619741481493
2018 3 7 0 0 13.55317125614302 10.55317125614302 16.55317125614302
2018 3 8 0 0 14.699381080799121 11.699381080799121 17.69938108079912
2018 3 9 0 0 14.055889344088675 11.055889344088675 17.055889344088676
2018 3 10 0 0 14.274534323105161 11.274534323105161 17.27453432310516
2018 3 11 0 0 15.077116950831936 12.077116950831936 18.077116950831936
2018 3 12 0 0 14.10819794788731 11.10819794788731 17.108197947887312
2018 3 13 0 0 15.113513665849975 12.113513665849975 18.113513665849975
2018 3 14 0 0 15.608109669143165 12.608109669143165 18.608109669143165
2018 3 15 0 0 16.00259122083206 13.002591220832059 19.00259122083206
2018 3 16 0 0 15.89437478129704 12.89437478129704 18.89437478129704
2018 3 17 0 0 15.317961158937711 12.317961158937711 18.317961158937713
2018 3 18 0 0 16.4126166260764 13.4126166260764 19.4126166260764
2018 3 19 0 0 17.02265443840367 14.02265443840367 20.02265443840367
2018 3 20 0 0 16.884455117310075 13.884455117310075 19.884455117310075
2018 3 21 0 0 17.415336483038114 14.415336483038114 20.415336483038114
2018 3 22 0 0 17.434732389511623 14.434732389511623 20.434732389511623
2018 3 23 0 0 18.000062094009223 15.000062094009223 21.000062094009223
2018 3 24 0 0 18.357669753443112 15.357669753443112 21.357669753443112
2018 3 25 0 0 16.986935152750085 13.986935152750085 19.986935152750085
2018 3 26 0 0 19.01334534170348 16.01334534170348 22.01334534170348
2018 3 27 0 0 17.616523671509064 14.616523671509064 20.616523671509064
2018 3 28 0 0 17.971857409289964 14.971857409289964 20.971857409289964
2018 3 29 0 0 19.057427588549107 16.057427588549107 22.057427588549107
2018 3 30 0 0 19.434835116731485 16.434835116731485 22.434835116731485
2018 3 31 0 0 20.25078600043463 17.25078600043463 23.25078600043463
2018 4 1 0 0 20.226777083053737 17.226777083053737 23.226777083053737
2018 4 2 0 0 19.046945729670306 16.046945729670306 22.046945729670306
2018 4 3 0 0 20.440585456524612 17.440585456524612 23.440585456524612
2018 4 4 0 0 19.369138752644744 16.369138752644744 22.369138752644744
2018 4 5 0 0 20.001917589899975 17.001917589899975 23.001917589899975
2018 4 6 0 0 21.411851773052497 18.411851773052497 24.411851773052497
2018 4 7 0 0 20.81737447870791 17.81737447870791 23.81737447870791
2018 4 8 0 0 21.99384328786536 18.99384328786536 24.99384328786536
2018 4 9 0 0 20.754508960909465 17.754508960909465 23.754508960909465
2018 4 10 0 0 20.94975484757176 17.94975484757176 23.94975484757176
2018 4 11 0 0 22.27811831948488 19.27811831948488 25.27811831948488
2018 4 12 0 0 21.555088428256983 18.555088428256983 24.555088428256983
2018 4 13 0 0 22.69852023562036 19.69852023562036 25.69852023562036
2018 4 14 0 0 22.467676316544125 19.467676316544125 25.467676316544125
2018 4 15 0 0 23.10892329775409 20.10892329775409 26.10892329775409
2018 4 16 0 0 21.699546006003168 18.699546006003168 24.699546006003168
2018 4 17 0 0 22.609542394853623 19.609542394853623 25.609542394853623
2018 4 18 0 0 23.374270558659642 20.374270558659642 26.374270558659642
2018 4 19 0 0 22.537707244692136 19.537707244692136 25.537707244692136
2018 4 20 0 0 22.91276431013718 19.91276431013718 25.91276431013718
2018 4 21 0 0 23.575093718667002 20.575093718667002 26.575093718667002
2018 4 22 0 0 24.137481948609288 21.137481948609288 27.137481948609288
2018 4 23 0 0 23.963809146533787 20.963809146533787 26.963809146533787
2018 4 24 0 0 23.66184876620712 20.66184876620712 26.66184876620712
2018 4 25 0 0 24.075137321355772 21.075137321355772 27.075137321355772
2018 4 26 0 0 23.74948010616633 20.74948010616633 26.74948010616633
2018 4 27 0 0 25.429133037135564 22.429133037135564 28.429133037135564
2018 4 28 0 0 24.613349411942814 21.613349411942814 27.613349411942814
2018 4 29 0 0 24.868490292902298 21.868490292902298 27.868490292902298
2018 4 30 0 0 25.439524432151632 22.439524432151632 28.439524432151632
2018 5 1 0 0 24.4170620199257 21.4170620199257 27.4170620199257
2018 5 2 0 0 24.555952513134972 21.555952513134972 27.555952513134972
2018 5 3 0 0 24.510310723604903 21.510310723604903 27.510310723604903
2018 5 4 0 0 24.95496722785038 21.95496722785038 27.95496722785038
2018 5 5 0 0 25.046417940017623 22.046417940017623 28.046417940017623
2018 5 6 0 0 24.92198380923426 21.92198380923426 27.92198380923426
2018 5 7 0 0 25.215918579229374 22.215918579229374 28.215918579229374
2018 5 8 0 0 25.90626558364011 22.90626558364011 28.90626558364011
2018 5 9 0 0 26.048739562209263 23.048739562209263 29.048739562209263
2018 5 10 0 0 25.751033301583007 22.751033301583007 28.751033301583007
2018 5 11 0 0 26.799837693131373 23.799837693131373 29.799837693131373
2018 5 12 0 0 26.413685544789814 23.413685544789814 29.413685544789814
2018 5 13 0 0 26.568852466401516 23.568852466401516 29.568852466401516
2018 5 14 0 0 26.731486143891996 23.731486143891996 29.731486143891996
2018 5 15 0 0 26.41036371730483 23.41036371730483 29.41036371730483
2018 5 16 0 0 27.571430651362164 24.571430651362164 30.571430651362164
2018 5 17 0 0 27.524808558660723 24.524808558660723 30.524808558660723
2018 5 18 0 0 27.329093673601097 24.329093673601097 30.329093673601097
2018 5 19 0 0 27.598575299176456 24.598575299176456 30.598575299176456
2018 5 20 0 0 28.020112102930295 25.020112102930295 31.020112102930295
2018 5 21 0 0 27.23011777830023 24.23011777830023 30.23011777830023
2018 5 22 0 0 28.619614959293674 25.619614959293674 31.619614959293674
2018 5 23 0 0 27.774072051000246 24.774072051000246 30.774072051000246
2018 5 24 0 0 27.70204736169763 24.70204736169763 30.70204736169763
2018 5 25 0 0 28.114178553296416 25.114178553296416 31.114178553296416
2018 5 26 0 0 28.67205443325199 25.67205443325199 31.67205443325199
2018 5 27 0 0 27.500679919126124 24.500679919126124 30.500679919126124
2018 5 28 0 0 28.333994796573847 25.333994796573847 31.333994796573847
2018 5 29 0 0 29.280350878813437 26.280350878813437 32.28035087881344
2018 5 30 0 0 29.257691647683597 26.257691647683597 32.2576916476836
2018 5 31 0 0 28.72688653715723 25.72688653715723 31.72688653715723
2018 6 1 0 0 28.959590442645634 25.959590442645634 31.959590442645634
2018 6 2 0 0 28.610849872744712 25.610849872744712 31.610849872744712
2018 6 3 0 0 28.553501621883935 25.553501621883935 31.553501621883935
2018 6 4 0 0 29.817862977578375 26.817862977578375 32.81786297757837
2018 6 5 0 0 29.60029692216348 26.60029692216348 32.60029692216348
2018 6 6 0 0 29.38679089988372 26.38679089988372 32.38679089988372
2018 6 7 0 0 28.38255893040435 25.38255893040435 31.38255893040435
2018 6 8 0 0 29.919596841710177 26.919596841710177 32.919596841710174
2018 6 9 0 0 28.908294914649957 25.908294914649957 31.908294914649957
2018 6 10 0 0 30.20494446453016 27.20494446453016 33.20494446453016
2018 6 11 0 0 29.46622754723981 26.46622754723981 32.46622754723981
2018 6 12 0 0 29.983875385777328 26.983875385777328 32.983875385777324
2018 6 13 0 0 30.02152671628923 27.02152671628923 33.02152671628923
2018 6 14 0 0 29.9144475407593 26.9144475407593 32.9144475407593
2018 6 15 0 0 28.811897618327702 25.811897618327702 31.811897618327702
2018 6 16 0 0 29.06367715868863 26.06367715868863 32.063677158688634
2018 6 17 0 0 29.931369896079687 26.931369896079687 32.93136989607969
2018 6 18 0 0 29.50927773964364 26.50927773964364 32.509277739643636
2018 6 19 0 0 30.436519960297307 27.436519960297307 33.436519960297304
2018 6 20 0 0 29.634744354247125 26.634744354247125 32.634744354247125
2018 6 21 0 0 30.372747241733137 27.372747241733137 33.37274724173314
2018 6 22 0 0 29.108679863873128 26.108679863873128 32.10867986387313
2018 6 23 0 0 30.288083404771875 27.288083404771875 33.288083404771875
2018 6 24 0 0 30.17582148094425 27.17582148094425 33.17582148094425
2018 6 25 0 0 30.2714376176189 27.2714376176189 33.2714376176189
2018 6 26 0 0 30.700722410963706 27.700722410963706 33.70072241096371
2018 6 27 0 0 29.536220939615774 26.536220939615774 32.536220939615774
2018 6 28 0 0 30.750602241865106 27.750602241865106 33.75060224186511
2018 6 29 0 0 29.070486083081786 26.070486083081786 32.07048608308179
2018 6 30 0 0 30.062769247419478 27.062769247419478 33.06276924741948
2018 7 1 0 0 30.040565465449657 27.040565465449657 33.04056546544966
2018 7 2 0 0 30.534808968664404 27.534808968664404 33.53480896866441
2018 7 3 0 0 29.64435348301426 26.64435348301426 32.64435348301426
2018 7 4 0 0 29.77881189254918 26.77881189254918 32.77881189254918
2018 7 5 0 0 30.13009251901796 27.13009251901796 33.130092519017964
2018 7 6 0 0 29.837357769968072 26.837357769968072 32.83735776996807
2018 7 7 0 0 30.558884512935432 27.558884512935432 33.558884512935435
2018 7 8 0 0 30.6277157578018 27.6277157578018 33.627715757801795
2018 7 9 0 0 29.034984041593553 26.034984041593553 32.03498404159355
2018 7 10 0 0 29.36067906535502 26.36067906535502 32.360679065355015
2018 7 11 0 0 29.901443320415403 26.901443320415403 32.9014433204154
2018 7 12 0 0 30.211487010062733 27.211487010062733 33.21148701006273
2018 7 13 0 0 30.128599690542632 27.128599690542632 33.12859969054263
2018 7 14 0 0 28.855990317085883 25.855990317085883 31.855990317085883
2018 7 15 0 0 30.02387853683815 27.02387853683815 33.023878536838154
2018 7 16 0 0 30.479234597029162 27.479234597029162 33.47923459702916
2018 7 17 0 0 30.275450223937533 27.275450223937533 33.27545022393753
2018 7 18 0 0 29.903685518389985 26.903685518389985 32.903685518389985
2018 7 19 0 0 30.611149690999667 27.611149690999667 33.61114969099967
2018 7 20 0 0 29.41449824155166 26.41449824155166 32.414498241551655
2018 7 21 0 0 29.399571022674827 26.399571022674827 32.39957102267483
2018 7 22 0 0 30.005944213012086 27.005944213012086 33.005944213012086
2018 7 23 0 0 30.270669682311656 27.270669682311656 33.270669682311656
2018 7 24 0 0 29.863600788537457 26.863600788537457 32.863600788537454
2018 7 25 0 0 29.47753568097187 26.47753568097187 32.47753568097187
2018 7 26 0 0 28.901689209189996 25.901689209189996 31.901689209189996
2018 7 27 0 0 28.38440468997246 25.38440468997246 31.38440468997246
2018 7 28 0 0 29.76946093188157 26.76946093188157 32.76946093188157
2018 7 29 0 0 28.235434262776902 25.235434262776902 31.235434262776902
2018 7 30 0 0 29.530366201311818 26.530366201311818 32.53036620131182
2018 7 31 0 0 29.051478273188668 26.051478273188668 32.051478273188664
2018 8 1 0 0 28.330838800154392 25.330838800154392 31.330838800154392
2018 8 2 0 0 28.83717987736622 25.83717987736622 31.83717987736622
2018 8 3 0 0 29.535796517609498 26.535796517609498 32.5357965176095
2018 8 4 0 0 27.96655989937669 24.96655989937669 30.96655989937669
2018 8 5 0 0 27.53992781615721 24.53992781615721 30.53992781615721
2018 8 6 0 0 28.531980186101503 25.531980186101503 31.531980186101503
2018 8 7 0 0 28.838516252906885 25.838516252906885 31.838516252906885
2018 8 8 0 0 28.3814565889218 25.3814565889218 31.3814565889218
2018 8 9 0 0 28.178176942713744 25.178176942713744 31.178176942713744
2018 8 10 0 0 28.48443878957999 25.48443878957999 31.48443878957999
2018 8 11 0 0 27.36644884465574 24.36644884465574 30.36644884465574
2018 8 12 0 0 28.463866957443066 25.463866957443066 31.463866957443066
2018 8 13 0 0 28.328951390849976 25.328951390849976 31.328951390849976
2018 8 14 0 0 27.8323292463773 24.8323292463773 30.8323292463773
2018 8 15 0 0 27.7080162530989 24.7080162530989 30.7080162530989
2018 8 16 0 0 27.51867508386206 24.51867508386206 30.51867508386206
2018 8 17 0 0 27.541333690451605 24.541333690451605 30.541333690451605
2018 8 18 0 0 27.71032211249486 24.71032211249486 30.71032211249486
2018 8 19 0 0 27.761490112600853 24.761490112600853 30.761490112600853
2018 8 20 0 0 26.91391610618162 23.91391610618162 29.91391610618162
2018 8 21 0 0 27.503959002504338 24.503959002504338 30.503959002504338
2018 8 22 0 0 26.91098303550021 23.91098303550021 29.91098303550021
2018 8 23 0 0 27.51733502624976 24.51733502624976 30.51733502624976
2018 8 24 0 0 26.19873722237337 23.19873722237337 29.19873722237337
2018 8 25 0 0 27.235398105319366 24.235398105319366 30.235398105319366
2018 8 26 0 0 25.88310154248096 22.88310154248096 28.88310154248096
2018 8 27 0 0 26.670627034424143 23.670627034424143 29.670627034424143
2018 8 28 0 0 26.216890480946155 23.216890480946155 29.216890480946155
2018 8 29 0 0 26.38028223416095 23.38028223416095 29.38028223416095
2018 8 30 0 0 26.02269945374174 23.02269945374174 29.02269945374174
2018 8 31 0 0 26.373154049146805 23.373154049146805 29.373154049146805
2018 9 1 0 0 25.985621326884058 22.985621326884058 28.985621326884058
2018 9 2 0 0 25.175978344189787 22.175978344189787 28.175978344189787
2018 9 3 0 0 25.466622010282286 22.466622010282286 28.466622010282286
2018 9 4 0 0 23.865054934484796 20.865054934484796 26.865054934484796
2018 9 5 0 0 24.779485057499148 21.779485057499148 27.779485057499148
2018 9 6 0 0 25.183292266326028 22.183292266326028 28.183292266326028
2018 9 7 0 0 23.391347906438803 20.391347906438803 26.391347906438803
2018 9 8 0 0 24.691318718016426 21.691318718016426 27.691318718016426
2018 9 9 0 0 24.16976236845234 21.16976236845234 27.16976236845234
2018 9 10 0 0 23.489213584772124 20.489213584772124 26.489213584772124
2018 9 11 0 0 23.659564818457312 20.659564818457312 26.659564818457312
2018 9 12 0 0 24.4016266000554 21.4016266000554 27.4016266000554
2018 9 13 0 0 24.035319136563363 21.035319136563363 27.035319136563363
2018 9 14 0 0 22.11698824151909 19.11698824151909 25.11698824151909
2018 9 15 0 0 23.266706589110978 20.266706589110978 26.266706589110978
2018 9 16 0 0 22.48254526031127 19.48254526031127 25.48254526031127
2018 9 17 0 0 22.42987873667089 19.42987873667089 25.42987873667089
2018 9 18 0 0 21.43822487567542 18.43822487567542 24.43822487567542
2018 9 19 0 0 21.54767397696011 18.54767397696011 24.54767397696011
2018 9 20 0 0 22.803281761746643 19.803281761746643 25.803281761746643
2018 9 21 0 0 22.29772427062698 19.29772427062698 25.29772427062698
2018 9 22 0 0 22.28822133766007 19.28822133766007 25.28822133766007
2018 9 23 0 0 20.586331383105787 17.586331383105787 23.586331383105787
2018 9 24 0 0 20.394498621094957 17.394498621094957 23.394498621094957
2018 9 25 0 0 20.98068907006853 17.98068907006853 23.98068907006853
2018 9 26 0 0 20.66210020902605 17.66210020902605 23.66210020902605
2018 9 27 0 0 20.066823860308205 17.066823860308205 23.066823860308205
2018 9 28 0 0 19.718404451874992 16.718404451874992 22.718404451874992
2018 9 29 0 0 20.712166618372503 17.712166618372503 23.712166618372503
2018 9 30 0 0 19.2423716122763 16.2423716122763 22.2423716122763
2018 10 1 0 0 20.552548711549335 17.552548711549335 23.552548711549335
2018 10 2 0 0 18.61721058873668 15.617210588736679 21.61721058873668
2018 10 3 0 0 19.609577057973787 16.609577057973787 22.609577057973787
2018 10 4 0 0 18.254473743632897 15.254473743632897 21.254473743632897
2018 10 5 0 0 19.636473709546042 16.636473709546042 22.636473709546042
2018 10 6 0 0 18.57402682689661 15.57402682689661 21.57402682689661
2018 10 7 0 0 18.751229539586323 15.751229539586323 21.751229539586323
2018 10 8 0 0 17.236561954641022 14.236561954641022 20.236561954641022
2018 10 9 0 0 18.818805743229575 15.818805743229575 21.818805743229575
2018 10 10 0 0 16.844311721051287 13.844311721051287 19.844311721051287
2018 10 11 0 0 18.509800568793786 15.509800568793786 21.509800568793786
2018 10 12 0 0 18.075236697650087 15.075236697650087 21.075236697650087
2018 10 13 0 0 16.6159680200731 13.615968020073101 19.6159680200731
2018 10 14 0 0 17.388488252269568 14.388488252269568 20.388488252269568
2018 10 15 0 0 16.471474846142016 13.471474846142016 19.471474846142016
2018 10 16 0 0 17.011801742893805 14.011801742893805 20.011801742893805
2018 10 17 0 0 15.332112738080784 12.332112738080784 18.332112738080784
2018 10 18 0 0 15.98744325236813 12.98744325236813 18.98744325236813
2018 10 19 0 0 14.895345820476177 11.895345820476177 17.895345820476177
2018 10 20 0 0 14.70431055677651 11.70431055677651 17.704310556776512
2018 10 21 0 0 14.649526344060153 11.649526344060153 17.649526344060153
2018 10 22 0 0 14.8943572987517 11.8943572987517 17.8943572987517
2018 10 23 0 0 13.68961129391723 10.68961129391723 16.68961129391723
2018 10 24 0 0 13.515329903385645 10.515329903385645 16.515329903385645
2018 10 25 0 0 13.853180019755637 10.853180019755637 16.853180019755637
2018 10 26 0 0 13.426994455451084 10.426994455451084 16.426994455451084
2018 10 27 0 0 14.582506731953227 11.582506731953227 17.582506731953227
2018 10 28 0 0 13.589353917198686 10.589353917198686 16.589353917198686
2018 10 29 0 0 13.525359439747666 10.525359439747666 16.525359439747668
2018 10 30 0 0 12.626434577947329 9.626434577947329 15.626434577947329
2018 10 31 0 0 12.423105612693814 9.423105612693814 15.423105612693814
2018 11 1 0 0 12.449448150925257 9.449448150925257 15.449448150925257
2018 11 2 0 0 12.237383608943544 9.237383608943544 15.237383608943544
2018 11 3 0 0 12.20306789874126 9.20306789874126 15.20306789874126
2018 11 4 0 0 11.771496652700096 8.771496652700096 14.771496652700096
2018 11 5 0 0 11.190656412707414 8.190656412707414 14.190656412707414
2018 11 6 0 0 11.73054131211354 8.73054131211354 14.73054131211354
2018 11 7 0 0 11.14753009473923 8.14753009473923 14.14753009473923
2018 11 8 0 0 10.901169099500034 7.901169099500034 13.901169099500034
2018 11 9 0 0 10.577928428150209 7.577928428150209 13.577928428150209
2018 11 10 0 0 8.925314135296128 5.925314135296128 11.925314135296128
2018 11 11 0 0 9.841073770275344 6.841073770275344 12.841073770275344
2018 11 12 0 0 9.070026759015136 6.0700267590151356 12.070026759015136
2018 11 13 0 0 8.436027345940863 5.436027345940863 11.436027345940863
2018 11 14 0 0 8.805602293723544 5.805602293723544 11.805602293723544
2018 11 15 0 0 8.155942081092517 5.155942081092517 11.155942081092517
2018 11 16 0 0 8.287754464972343 5.287754464972343 11.287754464972343
2018 11 17 0 0 8.691356904738129 5.691356904738129 11.691356904738129
2018 11 18 0 0 8.29532307550177 5.29532307550177 11.29532307550177
2018 11 19 0 0 6.554137599710933 3.5541375997109332 9.554137599710934
2018 11 20 0 0 6.160635602895107 3.1606356028951073 9.160635602895107
2018 11 21 0 0 6.4131706708233445 3.4131706708233445 9.413170670823344
2018 11 22 0 0 5.822316764169946 2.822316764169946 8.822316764169946
2018 11 23 0 0 6.660444458292984 3.660444458292984 9.660444458292984
2018 11 24 0 0 5.96838242550482 2.96838242550482 8.96838242550482
2018 11 25 0 0 5.49999212500199 2.49999212500199 8.49999212500199
2018 11 26 0 0 6.237536664255948 3.2375366642559484 9.237536664255948
2018 11 27 0 0 5.645117675523414 2.645117675523414 8.645117675523414
2018 11 28 0 0 4.600926319482895 1.6009263194828947 7.600926319482895
2018 11 29 0 0 3.700997657196087 0.700997657196087 6.700997657196087
2018 11 30 0 0 3.781624637273233 0.7816246372732332 6.781624637273233
2018 12 1 0 0 3.4387330872944517 0.4387330872944517 6.438733087294452
2018 12 2 0 0 3.0940939510572436 0.09409395105724361 6.094093951057244
2018 12 3 0 0 3.8228990831959706 0.8228990831959706 6.822899083195971
2018 12 4 0 0 3.896992223744965 0.8969922237449648 6.896992223744965
2018 12 5 0 0 3.7074316664930658 0.7074316664930658 6.707431666493066
2018 12 6 0 0 3.378374012208 0.37837401220799993 6.378374012208
2018 12 7 0 0 1.977084945610198 -1.022915054389802 4.977084945610198
2018 12 8 0 0 2.6915682234720486 -0.3084317765279514 5.691568223472048
2018 12 9 0 0 1.3699598876222838 -1.6300401123777162 4.369959887622284
2018 12 10 0 0 1.320514734935423 -1.679485265064577 4.320514734935423
2018 12 11 0 0 0.4684316121744969 -2.5315683878255033 3.4684316121744967
2018 12 12 0 0 0.4153661920208025 -2.5846338079791975 3.4153661920208025
2018 12 13 0 0 1.4023591766828876 -1.5976408233171124 4.402359176682888
2018 12 14 0 0 0.8097686751720279 -2.1902313248279723 3.8097686751720277
2018 12 15 0 0 -0.08069919436499196 -3.0806991943649917 2.9193008056350083
2018 12 16 0 0 -1.113291719268602 -4.113291719268602 1.886708280731398
2018 12 17 0 0 -0.9340211836625898 -3.9340211836625896 2.0659788163374104
2018 12 18 0 0 -0.9658476211307807 -3.9658476211307807 2.0341523788692193
2018 12 19 0 0 -0.6001697943340567 -3.6001697943340565 2.3998302056659435
2018 12 20 0 0 -1.543842692460908 -4.543842692460908 1.456157307539092
2018 12 21 0 0 -1.8693528631221255 -4.869352863122126 1.1306471368778745
2018 12 22 0 0 -1.2977404211702288 -4.297740421170229 1.7022595788297712
2018 12 23 0 0 -1.8278458110549105 -4.82784581105491 1.1721541889450895
2018 12 24 0 0 -3.129361113093169 -6.129361113093169 -0.1293611130931689
2018 12 25 0 0 -3.9808690640518924 -6.980869064051893 -0.9808690640518924
2018 12 26 0 0 -3.353814213588149 -6.353814213588149 -0.3538142135881488
2018 12 27 0 0 -3.4425973022001353 -6.442597302200135 -0.44259730220013527
2018 12 28 0 0 -4.063130737105929 -7.063130737105929 -1.0631307371059293
2018 12 29 0 0 -4.159766664773613 -7.159766664773613 -1.1597666647736133
2018 12 30 0 0 -4.29462909843604 -7.29462909843604 -1.2946290984360402
2018 12 31 0 0 -4.639719143488795 -7.639719143488795 -1.6397191434887954
2019 1 1 0 0 -5.586572197653558 -8.586572197653558 -2.586572197653558
2019 1 2 0 0 -3.957630199320147 -6.957630199320147 -0.957630199320147
2019 1 3 0 0 -4.181367313679961 -7.181367313679961 -1.181367313679961
2019 1 4 0 0 -4.0366542628728475 -7.0366542628728475 -1.0366542628728475
2019 1 5 0 0 -3.431753018377422 -6.431753018377422 -0.43175301837742186
2019 1 6 0 0 -3.064964268353067 -6.064964268353068 -0.06496426835306712
2019 1 7 0 0 -2.3700204238256726 -5.370020423825673 0.6299795761743274
2019 1 8 0 0 -2.8313654284411998 -5.8313654284412 0.16863457155880024
2019 1 9 0 0 -2.4127047938754878 -5.412704793875488 0.5872952061245122
2019 1 10 0 0 -1.3276261289349556 -4.327626128934956 1.6723738710650444
2019 1 11 0 0 -2.601815824706427 -5.601815824706427 0.3981841752935731
2019 1 12 0 0 -0.914913362524723 -3.914913362524723 2.085086637475277
2019 1 13 0 0 -1.340539452385923 -4.340539452385923 1.659460547614077
2019 1 14 0 0 -0.8760102082855044 -3.8760102082855044 2.1239897917144956
2019 1 15 0 0 -0.5124967460716086 -3.5124967460716086 2.4875032539283914
2019 1 16 0 0 -0.6024410658667396 -3.6024410658667394 2.3975589341332606
2019 1 17 0 0 0.31302099163828045 -2.6869790083617193 3.3130209916382807
2019 1 18 0 0 0.16335821323095523 -2.8366417867690448 3.1633582132309552
2019 1 19 0 0 1.0312779780742145 -1.9687220219257855 4.031277978074215
2019 1 20 0 0 1.0378641977996945 -1.9621358022003055 4.037864197799695
2019 1 21 0 0 1.377736408775178 -1.622263591224822 4.377736408775178
2019 1 22 0 0 2.1575198349939115 -0.8424801650060885 5.157519834993911
2019 1 23 0 0 0.6464155763138257 -2.3535844236861743 3.6464155763138257
2019 1 24 0 0 1.514884065536397 -1.485115934463603 4.514884065536397
2019 1 25 0 0 2.9706303236165814 -0.029369676383418586 5.970630323616581
2019 1 26 0 0 2.244108256685143 -0.7558917433148569 5.244108256685143
2019 1 27 0 0 2.8253432735033535 -0.17465672649664654 5.8253432735033535
2019 1 28 0 0 3.858689334824213 0.8586893348242128 6.858689334824213
2019 1 29 0 0 3.3243035350314454 0.3243035350314454 6.324303535031445
2019 1 30 0 0 2.6693765422141 -0.33062345778589997 5.6693765422141
2019 1 31 0 0 3.208584041108513 0.20858404110851314 6.208584041108513
2019 2 1 0 0 5.040891658896655 2.040891658896655 8.040891658896655
2019 2 2 0 0 4.1596025565946215 1.1596025565946215 7.1596025565946215
2019 2 3 0 0 4.402086523361738 1.4020865233617377 7.402086523361738
2019 2 4 0 0 5.693676145818214 2.6936761458182144 8.693676145818214
2019 2 5 0 0 4.585660284937773 1.5856602849377728 7.585660284937773
2019 2 6 0 0 5.368403260451169 2.368403260451169 8.368403260451169
2019 2 7 0 0 6.91274007859573 3.9127400785957303 9.91274007859573
2019 2 8 0 0 6.824770897247962 3.824770897247962 9.824770897247962
2019 2 9 0 0 7.515726136954395 4.515726136954395 10.515726136954395
2019 2 10 0 0 7.1613337842476295 4.1613337842476295 10.16133378424763
2019 2 11 0 0 7.742245134641255 4.742245134641255 10.742245134641255
2019 2 12 0 0 6.978993250770552 3.978993250770552 9.978993250770552
2019 2 13 0 0 7.566866991285587 4.566866991285587 10.566866991285586
2019 2 14 0 0 7.074241745272271 4.074241745272271 10.074241745272271
2019 2 15 0 0 8.335522339984175 5.335522339984175 11.335522339984175
2019 2 16 0 0 9.424019201537831 6.424019201537831 12.424019201537831
2019 2 17 0 0 9.460659886245008 6.460659886245008 12.460659886245008
2019 2 18 0 0 9.784614819448032 6.7846148194480325 12.784614819448032
2019 2 19 0 0 8.98231387943481 5.982313879434811 11.98231387943481
2019 2 20 0 0 9.787731689426884 6.787731689426884 12.787731689426884
2019 2 21 0 0 10.200772248978907 7.200772248978907 13.200772248978907
2019 2 22 0 0 10.929172829628692 7.929172829628692 13.929172829628692
2019 2 23 0 0 10.41533541379113 7.41533541379113 13.41533541379113
2019 2 24 0 0 10.991990262440684 7.991990262440684 13.991990262440684
2019 2 25 0 0 11.491789756328176 8.491789756328176 14.491789756328176
2019 2 26 0 0 10.455397563532546 7.4553975635325465 13.455397563532546
2019 2 27 0 0 11.070977167858086 8.070977167858086 14.070977167858086
2019 2 28 0 0 11.286997027659982 8.286997027659982 14.286997027659982
2019 3 1 0 0 11.585229835433339 8.585229835433339 14.585229835433339
2019 3 2 0 0 12.012021253672 9.012021253672 15.012021253672
2019 3 3 0 0 13.208856452316802 10.208856452316802 16.2088564523168
2019 3 4 0 0 13.201228492366383 10.201228492366383 16.201228492366383
2019 3 5 0 0 13.845036504205746 10.845036504205746 16.845036504205744
2019 3 6 0 0 13.982563207974405 10.982563207974405 16.982563207974405
2019 3 7 0 0 13.17862542158589 10.17862542158589 16.178625421585892
2019 3 8 0 0 14.029688895794903 11.029688895794903 17.029688895794905
2019 3 9 0 0 14.91789303392938 11.91789303392938 17.91789303392938
2019 3 10 0 0 14.07628888200962 11.07628888200962 17.07628888200962
2019 3 11 0 0 13.837421177578431 10.837421177578431 16.83742117757843
2019 3 12 0 0 14.54971109767509 11.54971109767509 17.54971109767509
2019 3 13 0 0 15.594095801236776 12.594095801236776 18.594095801236776
2019 3 14 0 0 14.555602683037161 11.555602683037161 17.55560268303716
2019 3 15 0 0 15.653543717251882 12.653543717251882 18.653543717251882
2019 3 16 0 0 15.37022949115478 12.37022949115478 18.37022949115478
2019 3 17 0 0 15.523616576682704 12.523616576682704 18.523616576682706
2019 3 18 0 0 16.326624965244353 13.326624965244353 19.326624965244353
2019 3 19 0 0 15.903293858321742 12.903293858321742 18.903293858321742
2019 3 20 0 0 16.78676657529533 13.786766575295331 19.78676657529533
2019 3 21 0 0 17.757534478661785 14.757534478661785 20.757534478661785
2019 3 22 0 0 16.75899961277841 13.75899961277841 19.75899961277841
2019 3 23 0 0 17.09009107322781 14.09009107322781 20.09009107322781
2019 3 24 0 0 16.82073570939693 13.820735709396931 19.82073570939693
2019 3 25 0 0 17.661413109134276 14.661413109134276 20.661413109134276
2019 3 26 0 0 18.280905708850526 15.280905708850526 21.280905708850526
2019 3 27 0 0 18.808504703313417 15.808504703313417 21.808504703313417
2019 3 28 0 0 18.621094420626044 15.621094420626044 21.621094420626044
2019 3 29 0 0 18.24428184096389 15.24428184096389 21.24428184096389
2019 3 30 0 0 19.1780377428835 16.1780377428835 22.1780377428835
2019 3 31 0 0 19.88326273051278 16.88326273051278 22.88326273051278
2019 4 1 0 0 20.17108501098319 17.17108501098319 23.17108501098319
2019 4 2 0 0 20.550279650710824 17.550279650710824 23.550279650710824
2019 4 3 0 0 19.626119653593566 16.626119653593566 22.626119653593566
2019 4 4 0 0 19.525649370990187 16.525649370990187 22.525649370990187
2019 4 5 0 0 19.674911286667047 16.674911286667047 22.674911286667047
2019 4 6 0 0 21.474684943132484 18.474684943132484 24.474684943132484
2019 4 7 0 0 21.37210160225435 18.37210160225435 24.37210160225435
2019 4 8 0 0 21.610971945461465 18.610971945461465 24.610971945461465
2019 4 9 0 0 21.44651583813927 18.44651583813927 24.44651583813927
2019 4 10 0 0 22.09062328041883 19.09062328041883 25.09062328041883
2019 4 11 0 0 20.616720098344967 17.616720098344967 23.616720098344967
2019 4 12 0 0 21.082884038352685 18.082884038352685 24.082884038352685
2019 4 13 0 0 21.725846223044304 18.725846223044304 24.725846223044304
2019 4 14 0 0 21.78093061350374 18.78093061350374 24.78093061350374
2019 4 15 0 0 21.817768479982536 18.817768479982536 24.817768479982536
2019 4 16 0 0 22.2430886082165 19.2430886082165 25.2430886082165
2019 4 17 0 0 22.817246953221787 19.817246953221787 25.817246953221787
2019 4 18 0 0 23.768306150921248 20.768306150921248 26.768306150921248
2019 4 19 0 0 22.158125692419677 19.158125692419677 25.158125692419677
2019 4 20 0 0 23.494219125956885 20.494219125956885 26.494219125956885
2019 4 21 0 0 23.883670344427077 20.883670344427077 26.883670344427077
2019 4 22 0 0 22.739783386503767 19.739783386503767 25.739783386503767
2019 4 23 0 0 23.73668533254301 20.73668533254301 26.73668533254301
2019 4 24 0 0 24.9576301478001 21.9576301478001 27.9576301478001
2019 4 25 0 0 24.911336928843422 21.911336928843422 27.911336928843422
2019 4 26 0 0 23.93637033158473 20.93637033158473 26.93637033158473
2019 4 27 0 0 24.871588462549095 21.871588462549095 27.871588462549095
2019 4 28 0 0 24.419451319414954 21.419451319414954 27.419451319414954
2019 4 29 0 0 23.943853115636756 20.943853115636756 26.943853115636756
2019 4 30 0 0 25.56198707148237 22.56198707148237 28.56198707148237
2019 5 1 0 0 25.617967784286463 22.617967784286463 28.617967784286463
2019 5 2 0 0 24.801669969642397 21.801669969642397 27.801669969642397
2019 5 3 0 0 25.31294357233941 22.31294357233941 28.31294357233941
2019 5 4 0 0 25.966130480036476 22.966130480036476 28.966130480036476
2019 5 5 0 0 26.57394966230667 23.57394966230667 29.57394966230667
2019 5 6 0 0 25.872124461166074 22.872124461166074 28.872124461166074
2019 5 7 0 0 26.220027344569797 23.220027344569797 29.220027344569797
2019 5 8 0 0 26.062874568541925 23.062874568541925 29.062874568541925
2019 5 9 0 0 26.053380457519566 23.053380457519566 29.053380457519566
2019 5 10 0 0 26.112754989340107 23.112754989340107 29.112754989340107
2019 5 11 0 0 27.083484869452043 24.083484869452043 30.083484869452043
2019 5 12 0 0 26.61045166407564 23.61045166407564 29.61045166407564
2019 5 13 0 0 26.862339520292924 23.862339520292924 29.862339520292924
2019 5 14 0 0 25.931209585772617 22.931209585772617 28.931209585772617
2019 5 15 0 0 27.882059488721673 24.882059488721673 30.882059488721673
2019 5 16 0 0 27.49352445646378 24.49352445646378 30.49352445646378
2019 5 17 0 0 27.937462678345074 24.937462678345074 30.937462678345074
2019 5 18 0 0 27.099143005873785 24.099143005873785 30.099143005873785
2019 5 19 0 0 27.048983656337796 24.048983656337796 30.048983656337796
2019 5 20 0 0 28.4537614315128 25.4537614315128 31.4537614315128
2019 5 21 0 0 28.105667369285854 25.105667369285854 31.105667369285854
2019 5 22 0 0 27.07175116230129 24.07175116230129 30.07175116230129
2019 5 23 0 0 27.27715549139205 24.27715549139205 30.27715549139205
2019 5 24 0 0 28.971088955778534 25.971088955778534 31.971088955778534
2019 5 25 0 0 27.70917829506376 24.70917829506376 30.70917829506376
2019 5 26 0 0 27.25960222267595 24.25960222267595 30.25960222267595
2019 5 27 0 0 28.846605142495868 25.846605142495868 31.846605142495868
2019 5 28 0 0 27.84389313869659 24.84389313869659 30.84389313869659
2019 5 29 0 0 29.38771649256197 26.38771649256197 32.38771649256197
2019 5 30 0 0 27.724744993511177 24.724744993511177 30.724744993511177
2019 5 31 0 0 29.486249810001123 26.486249810001123 32.48624981000113
2019 6 1 0 0 29.201458687687836 26.201458687687836 32.20145868768783
2019 6 2 0 0 28.510539486419717 25.510539486419717 31.510539486419717
2019 6 3 0 0 28.944574965286655 25.944574965286655 31.944574965286655
2019 6 4 0 0 28.829349032961616 25.829349032961616 31.829349032961616
2019 6 5 0 0 29.706844407737815 26.706844407737815 32.70684440773782
2019 6 6 0 0 28.899191336187922 25.899191336187922 31.899191336187922
2019 6 7 0 0 29.770201479967056 26.770201479967056 32.77020147996706
2019 6 8 0 0 29.03769106200127 26.03769106200127 32.03769106200127
2019 6 9 0 0 29.29908615421826 26.29908615421826 32.29908615421826
2019 6 10 0 0 29.720923744724892 26.720923744724892 32.72092374472489
2019 6 11 0 0 29.486879302562393 26.486879302562393 32.48687930256239
2019 6 12 0 0 28.725898390964343 25.725898390964343 31.725898390964343
2019 6 13 0 0 28.783402753854393 25.783402753854393 31.783402753854393
2019 6 14 0 0 29.380064800535507 26.380064800535507 32.38006480053551
2019 6 15 0 0 30.47342413661315 27.47342413661315 33.47342413661315
2019 6 16 0 0 28.98006742800308 25.98006742800308 31.98006742800308
2019 6 17 0 0 30.465216634701864 27.465216634701864 33.46521663470186
2019 6 18 0 0 29.549278799695884 26.549278799695884 32.549278799695884
2019 6 19 0 0 30.239575885060177 27.239575885060177 33.23957588506018
2019 6 20 0 0 30.297179258564928 27.297179258564928 33.297179258564924
2019 6 21 0 0 29.675494222276498 26.675494222276498 32.6754942222765
2019 6 22 0 0 29.28362098790332 26.28362098790332 32.28362098790332
2019 6 23 0 0 29.12592611733119 26.12592611733119 32.12592611733119
2019 6 24 0 0 30.35060853543989 27.35060853543989 33.35060853543989
2019 6 25 0 0 30.537435901251612 27.537435901251612 33.53743590125161
2019 6 26 0 0 30.817053251173437 27.817053251173437 33.817053251173434
2019 6 27 0 0 29.396959783624176 26.396959783624176 32.396959783624176
2019 6 28 0 0 30.713937450556696 27.713937450556696 33.7139374505567
2019 6 29 0 0 30.811823698423034 27.811823698423034 33.811823698423034
2019 6 30 0 0 30.283479254316042 27.283479254316042 33.28347925431604
2019 7 1 0 0 29.88748126207157 26.88748126207157 32.887481262071574
2019 7 2 0 0 29.764274488271546 26.764274488271546 32.764274488271546
2019 7 3 0 0 29.603489755922723 26.603489755922723 32.60348975592272
2019 7 4 0 0 29.405681117914693 26.405681117914693 32.405681117914696
2019 7 5 0 0 30.017833398476856 27.017833398476856 33.01783339847685
2019 7 6 0 0 29.283795300173136 26.283795300173136 32.28379530017314
2019 7 7 0 0 30.723111682772853 27.723111682772853 33.72311168277285
2019 7 8 0 0 30.244122734333907 27.244122734333907 33.24412273433391
2019 7 9 0 0 30.515415695824405 27.515415695824405 33.5154156958244
2019 7 10 0 0 29.513802463134255 26.513802463134255 32.513802463134255
2019 7 11 0 0 28.990047144717725 25.990047144717725 31.990047144717725
2019 7 12 0 0 29.170728631290892 26.170728631290892 32.17072863129089
2019 7 13 0 0 29.705423672805747 26.705423672805747 32.70542367280575
2019 7 14 0 0 30.072076937831454 27.072076937831454 33.072076937831454
2019 7 15 0 0 29.993184673782114 26.993184673782114 32.99318467378211
2019 7 16 0 0 30.40621668408653 27.40621668408653 33.40621668408653
2019 7 17 0 0 30.526374711002003 27.526374711002003 33.526374711002006
2019 7 18 0 0 30.285391467356316 27.285391467356316 33.28539146735632
2019 7 19 0 0 28.65548573571846 25.65548573571846 31.65548573571846
2019 7 20 0 0 29.5439758567947 26.5439758567947 32.5439758567947
2019 7 21 0 0 29.989590760827618 26.989590760827618 32.98959076082762
2019 7 22 0 0 29.200353579833592 26.200353579833592 32.20035357983359
2019 7 23 0 0 29.011352433300946 26.011352433300946 32.01135243330094
2019 7 24 0 0 28.844855044389682 25.844855044389682 31.844855044389682
2019 7 25 0 0 29.43902775023963 26.43902775023963 32.43902775023963
2019 7 26 0 0 30.172187831101688 27.172187831101688 33.17218783110169
2019 7 27 0 0 28.636514329936308 25.636514329936308 31.636514329936308
2019 7 28 0 0 30.100058874876428 27.100058874876428 33.100058874876424
2019 7 29 0 0 28.687934326716046 25.687934326716046 31.687934326716046
2019 7 30 0 0 28.037220398279082 25.037220398279082 31.037220398279082
2019 7 31 0 0 29.447293814215996 26.447293814215996 32.447293814215996
2019 8 1 0 0 29.4832715331092 26.4832715331092 32.4832715331092
2019 8 2 0 0 28.686837442346274 25.686837442346274 31.686837442346274
2019 8 3 0 0 28.862215312171152 25.862215312171152 31.862215312171152
2019 8 4 0 0 29.03766490961534 26.03766490961534 32.037664909615344
2019 8 5 0 0 27.975773349354476 24.975773349354476 30.975773349354476
2019 8 6 0 0 27.809131437593415 24.809131437593415 30.809131437593415
2019 8 7 0 0 29.20227174238643 26.20227174238643 32.20227174238643
2019 8 8 0 0 28.07402010981495 25.07402010981495 31.07402010981495
2019 8 9 0 0 28.60140230622947 25.60140230622947 31.60140230622947
2019 8 10 0 0 28.57519189353225 25.57519189353225 31.57519189353225
2019 8 11 0 0 28.10773037101968 25.10773037101968 31.10773037101968
2019 8 12 0 0 27.990197575671566 24.990197575671566 30.990197575671566
2019 8 13 0 0 28.259543783304448 25.259543783304448 31.259543783304448
2019 8 14 0 0 27.858844333377593 24.858844333377593 30.858844333377593
2019 8 15 0 0 28.38062998505308 25.38062998505308 31.38062998505308
2019 8 16 0 0 28.13589271128745 25.13589271128745 31.13589271128745
2019 8 17 0 0 28.05103663538938 25.05103663538938 31.05103663538938
2019 8 18 0 0 27.66935463213439 24.66935463213439 30.66935463213439
2019 8 19 0 0 26.2150017154159 23.2150017154159 29.2150017154159
2019 8 20 0 0 27.896084590594135 24.896084590594135 30.896084590594135
2019 8 21 0 0 26.507496108437923 23.507496108437923 29.507496108437923
2019 8 22 0 0 26.326050934338713 23.326050934338713 29.326050934338713
2019 8 23 0 0 26.4025659260542 23.4025659260542 29.4025659260542
2019 8 24 0 0 26.600043885170233 23.600043885170233 29.600043885170233
2019 8 25 0 0 25.488532914758338 22.488532914758338 28.488532914758338
2019 8 26 0 0 26.32661881609326 23.32661881609326 29.32661881609326
2019 8 27 0 0 26.4740178161745 23.4740178161745 29.4740178161745
2019 8 28 0 0 26.124832732714093 23.124832732714093 29.124832732714093
2019 8 29 0 0 25.019335530496402 22.019335530496402 28.019335530496402
2019 8 30 0 0 25.429021465019023 22.429021465019023 28.429021465019023
2019 8 31 0 0 25.0233154162594 22.0233154162594 28.0233154162594
2019 9 1 0 0 24.414930911317207 21.414930911317207 27.414930911317207
2019 9 2 0 0 25.306126024252123 22.306126024252123 28.306126024252123
2019 9 3 0 0 25.117526103132736 22.117526103132736 28.117526103132736
2019 9 4 0 0 25.004724250329108 22.004724250329108 28.004724250329108
2019 9 5 0 0 24.528730765128802 21.528730765128802 27.528730765128802
2019 9 6 0 0 24.18265589339114 21.18265589339114 27.18265589339114
2019 9 7 0 0 24.440637326587808 21.440637326587808 27.440637326587808
2019 9 8 0 0 24.556577907039838 21.556577907039838 27.556577907039838
2019 9 9 0 0 23.755419089100464 20.755419089100464 26.755419089100464
2019 9 10 0 0 22.923726549307386 19.923726549307386 25.923726549307386
2019 9 11 0 0 23.846863585449167 20.846863585449167 26.846863585449167
2019 9 12 0 0 22.50298933462428 19.50298933462428 25.50298933462428
2019 9 13 0 0 24.018889014583287 21.018889014583287 27.018889014583287
2019 9 14 0 0 23.894158376874724 20.894158376874724 26.894158376874724
2019 9 15 0 0 22.870197061160425 19.870197061160425 25.870197061160425
2019 9 16 0 0 22.2069685419812 19.2069685419812 25.2069685419812
2019 9 17 0 0 22.10014766392424 19.10014766392424 25.10014766392424
2019 9 18 0 0 22.327672384055543 19.327672384055543 25.327672384055543
2019 9 19 0 0 22.21479802934199 19.21479802934199 25.21479802934199
2019 9 20 0 0 22.491106655890803 19.491106655890803 25.491106655890803
2019 9 21 0 0 22.2301450810673 19.2301450810673 25.2301450810673
2019 9 22 0 0 21.429155300988032 18.429155300988032 24.429155300988032
2019 9 23 0 0 21.30789121157035 18.30789121157035 24.30789121157035
2019 9 24 0 0 20.27436893560577 17.27436893560577 23.27436893560577
2019 9 25 0 0 20.80919774576207 17.80919774576207 23.80919774576207
2019 9 26 0 0 20.37661984889745 17.37661984889745 23.37661984889745
2019 9 27 0 0 21.482709069741976 18.482709069741976 24.482709069741976
2019 9 28 0 0 20.532454668240774 17.532454668240774 23.532454668240774
2019 9 29 0 0 20.410343502462453 17.410343502462453 23.410343502462453
2019 9 30 0 0 19.23251553716287 16.23251553716287 22.23251553716287
2019 10 1 0 0 19.072707246421924 16.072707246421924 22.072707246421924
2019 10 2 0 0 20.35885084725823 17.35885084725823 23.35885084725823
2019 10 3 0 0 19.72465380491022 16.72465380491022 22.72465380491022
2019 10 4 0 0 19.55499361025149 16.55499361025149 22.55499361025149
2019 10 5 0 0 19.49407514875342 16.49407514875342 22.49407514875342
2019 10 6 0 0 18.071062441006752 15.071062441006752 21.071062441006752
2019 10 7 0 0 17.56179597559873 14.56179597559873 20.56179597559873
2019 10 8 0 0 18.947014274750998 15.947014274750998 21.947014274750998
2019 10 9 0 0 18.788609961342146 15.788609961342146 21.788609961342146
2019 10 10 0 0 18.53270755750046 15.532707557500459 21.53270755750046
2019 10 11 0 0 17.054566914986722 14.054566914986722 20.054566914986722
2019 10 12 0 0 17.178476065893918 14.178476065893918 20.178476065893918
2019 10 13 0 0 17.427775556629438 14.427775556629438 20.427775556629438
2019 10 14 0 0 17.603449870420636 14.603449870420636 20.603449870420636
2019 10 15 0 0 15.727188545413217 12.727188545413217 18.727188545413217
2019 10 16 0 0 15.474530528209609 12.474530528209609 18.47453052820961
2019 10 17 0 0 16.52226638756217 13.52226638756217 19.52226638756217
2019 10 18 0 0 16.72834038206952 13.728340382069518 19.72834038206952
2019 10 19 0 0 14.982036530642464 11.982036530642464 17.982036530642464
2019 10 20 0 0 16.206598004777888 13.206598004777888 19.206598004777888
2019 10 21 0 0 15.749166567183925 12.749166567183925 18.749166567183927
2019 10 22 0 0 14.02057705040188 11.02057705040188 17.02057705040188
2019 10 23 0 0 14.473034907264207 11.473034907264207 17.473034907264207
2019 10 24 0 0 13.558486477314935 10.558486477314935 16.558486477314936
2019 10 25 0 0 13.347525828869694 10.347525828869694 16.347525828869692
2019 10 26 0 0 14.537809765062242 11.537809765062242 17.537809765062242
2019 10 27 0 0 13.040638800489557 10.040638800489557 16.040638800489557
2019 10 28 0 0 14.127039744853128 11.127039744853128 17.12703974485313
2019 10 29 0 0 14.096937591669173 11.096937591669173 17.096937591669175
2019 10 30 0 0 11.995290855578132 8.995290855578132 14.995290855578132
2019 10 31 0 0 12.245863037693972 9.245863037693972 15.245863037693972
2019 11 1 0 0 12.796560495009018 9.796560495009018 15.796560495009018
2019 11 2 0 0 11.538198473767176 8.538198473767176 14.538198473767176
2019 11 3 0 0 12.299938974261055 9.299938974261055 15.299938974261055
2019 11 4 0 0 12.080000488059026 9.080000488059026 15.080000488059026
2019 11 5 0 0 11.783531409668695 8.783531409668695 14.783531409668695
2019 11 6 0 0 11.215583712993547 8.215583712993547 14.215583712993547
2019 11 7 0 0 9.754868330851988 6.754868330851988 12.754868330851988
2019 11 8 0 0 9.809209102478738 6.809209102478738 12.809209102478738
2019 11 9 0 0 9.629208744350597 6.629208744350597 12.629208744350597
2019 11 10 0 0 10.890850219300571 7.890850219300571 13.890850219300571
2019 11 11 0 0 9.874683604740936 6.874683604740936 12.874683604740936
2019 11 12 0 0 9.495807357176341 6.495807357176341 12.495807357176341
2019 11 13 0 0 8.429727283918087 5.429727283918087 11.429727283918087
2019 11 14 0 0 8.881194187677618 5.881194187677618 11.881194187677618
2019 11 15 0 0 9.067026923604912 6.067026923604912 12.067026923604912
2019 11 16 0 0 7.361444224112015 4.361444224112015 10.361444224112015
2019 11 17 0 0 8.55568203154443 5.55568203154443 11.55568203154443
2019 11 18 0 0 8.26710646931567 5.267106469315671 11.26710646931567
2019 11 19 0 0 7.2690468860380335 4.2690468860380335 10.269046886038034
2019 11 20 0 0 7.460395531029952 4.460395531029952 10.460395531029953
2019 11 21 0 0 6.067725935416559 3.0677259354165587 9.067725935416558
2019 11 22 0 0 5.677320812143886 2.6773208121438863 8.677320812143886
2019 11 23 0 0 5.383855151216221 2.3838551512162214 8.38385515121622
2019 11 24 0 0 5.699939468473636 2.6999394684736364 8.699939468473637
2019 11 25 0 0 5.310443920933081 2.310443920933081 8.310443920933082
2019 11 26 0 0 5.395668478288768 2.3956684782887683 8.39566847828877
2019 11 27 0 0 5.4443809705673765 2.4443809705673765 8.444380970567376
2019 11 28 0 0 4.867570631396941 1.8675706313969407 7.867570631396941
2019 11 29 0 0 3.746318085206412 0.7463180852064122 6.746318085206412
2019 11 30 0 0 3.9849731151779704 0.9849731151779704 6.98497311517797
2019 12 1 0 0 4.469938217542573 1.4699382175425733 7.469938217542573
2019 12 2 0 0 3.4390386910136486 0.43903869101364856 6.439038691013648
2019 12 3 0 0 3.3887350880772957 0.38873508807729573 6.388735088077295
2019 12 4 0 0 2.669878154608261 -0.33012184539173894 5.669878154608261
2019 12 5 0 0 3.6036650187280435 0.6036650187280435 6.6036650187280435
2019 12 6 0 0 1.7046948402065611 -1.2953051597934389 4.704694840206561
2019 12 7 0 0 2.8842081173468994 -0.11579188265310059 5.884208117346899
2019 12 8 0 0 2.599884424909453 -0.4001155750905472 5.599884424909453
2019 12 9 0 0 1.7237908539752382 -1.2762091460247618 4.723790853975238
2019 12 10 0 0 1.147845157476448 -1.852154842523552 4.147845157476448
2019 12 11 0 0 0.9604565668932532 -2.039543433106747 3.960456566893253
2019 12 12 0 0 -0.212243789929484 -3.212243789929484 2.787756210070516
2019 12 13 0 0 0.3187722934290562 -2.681227706570944 3.318772293429056
2019 12 14 0 0 0.37749100680916836 -2.6225089931908316 3.3774910068091684
2019 12 15 0 0 -0.7898247965114058 -3.7898247965114056 2.2101752034885944
2019 12 16 0 0 -1.0471484502866308 -4.047148450286631 1.9528515497133692
2019 12 17 0 0 -1.7098198789388814 -4.709819878938881 1.2901801210611186
2019 12 18 0 0 -1.2335164115671398 -4.233516411567139 1.7664835884328602
2019 12 19 0 0 -2.0939566670850103 -5.09395666708501 0.9060433329149897
2019 12 20 0 0 -1.3627424792657603 -4.36274247926576 1.6372575207342397
2019 12 21 0 0 -2.612242204916265 -5.6122422049162655 0.387757795083735
2019 12 22 0 0 -2.0538472471555895 -5.0538472471555895 0.9461527528444105
2019 12 23 0 0 -2.6161303762481554 -5.616130376248155 0.38386962375184464
2019 12 24 0 0 -2.8332791810133005 -5.8332791810133005 0.16672081898669955
2019 12 25 0 0 -3.9935404009166753 -6.993540400916675 -0.9935404009166753
2019 12 26 0 0 -4.346256806005908 -7.346256806005908 -1.3462568060059077
2019 12 27 0 0 -3.092012323796629 -6.092012323796629 -0.09201232379662905
2019 12 28 0 0 -5.089382726454307 -8.089382726454307 -2.089382726454307
2019 12 29 0 0 -4.932301483606538 -7.932301483606538 -1.9323014836065378
2019 12 30 0 0 -4.677866189573028 -7.677866189573028 -1.6778661895730282
2019 12 31 0 0 -4.718615193840256 -7.718615193840256 -1.7186151938402556
